1 0.8188704793972287 0.7963024163011054 0.8182319953124999 0.6739505203125 0.5099098798678734 0.675559475875392 0.5105483639526021 0.7979113718639975
1 0.632000357451622 0.7563214324366955 0.6316881825755848 0.6826056327610317 0.5129321414577153 0.6831085460113493 0.5132443163337524 0.7568243456870131
1 0.5914486764169353 0.7228016674448039 0.5914254109375 0.6851588546875 0.5138568782705646 0.685206796617696 0.5138801437499999 0.7228496093749999
1 0.5636167703125 0.6783763015625001 0.5137177826708041 0.678244239198474 0.5136903296875002 0.6886171875 0.5635893173291959 0.6887492498640262
1 0.5651596523532131 0.46163931620397786 0.5147351779407751 0.45985401938892806 0.5137095088920561 0.48882333265200845 0.5641339833044942 0.49060862946705824
1 0.6225998729772521 0.48761046841592365 0.6168615654683631 0.409568563233362 0.5968691665904898 0.4110385751754492 0.6026074740993786 0.4890804803580108
1 0.49626328245272233 0.18079334162915317 0.4286804546037583 0.1763928420392551 0.3870498222756235 0.8157556690088669 0.45463265012458753 0.8201561685987648
1 0.5653561359312592 0.10695375273276195 0.5148698062815219 0.10677300570687262 0.5148140812877627 0.12233813266161075 0.5653004109374999 0.12251887968750008
1 0.593106638012127 0.07385539645310897 0.5151293432971796 0.0729006022045087 0.5145599843839503 0.11939969647592175 0.5925372790988978 0.12035449072452202
1 0.6199650203125 0.07068294218750007 0.6108796296875 0.07068294218750007 0.6108796296875 0.11917578125000008 0.6199650203125 0.11917578125000008
1 0.7001615608451273 0.13811515981842012 0.6646294367436492 0.12464245890431105 0.6212424418719924 0.23906881602439323 0.6567745659734705 0.2525415169385023
1 0.6310382302482168 0.39541420136772387 0.6191893613358349 0.3131958974078791 0.6029362965462265 0.31553820349838874 0.6147851654586083 0.39775650745823354
1 0.14658890414961684 0.7993313512977315 0.07073055085946858 0.798692541484136 0.07043115023432131 0.8342462194558065 0.14628950352446957 0.8348850292694019
2 0.8692309637930901 0.6350245214716927 0.8651884392296163 0.3347494388771202 0.8130159468749998 0.3354518234375 0.8170584714384737 0.6357269060320726
2 0.8687782355757303 0.5260415668678068 0.8296276319108815 0.48781239641778684 0.7458636189361829 0.5735953635799206 0.7850142226010318 0.6118245340299404
2 0.7220872455930024 0.4441235163677425 0.7077769007230696 0.44406847216772966 0.7074694910675674 0.5239885761124873 0.7217798359375001 0.5240436203125001
2 0.7949502738851503 0.6627869504481972 0.7947527017600656 0.6393631595069535 0.7136882309999153 0.6400469121837563 0.7138858031249999 0.663470703125
2 0.711307824860189 0.5719830647456263 0.5093732552580938 0.5555413620640456 0.5062122600116307 0.5943642398991927 0.7081468296137257 0.6108059425807735
2 0.4949783953125001 0.6716178390625 0.43176369170087286 0.6149049415620531 0.42088168749999993 0.6270345046875 0.48409639111162717 0.6837474021879468
2 0.4143582944622823 0.8116263213767072 0.3142346763490593 0.7734704507224583 0.2968524447665558 0.8190826170046183 0.39697606287977877 0.8572384876588671
2 0.21191248673312907 0.8298382176206769 0.07893981406249999 0.6755579421875 0.06795777027130509 0.685023259190603 0.20093044294193416 0.83930353462378
2 0.1386707812500001 0.6299791671875 0.07062345625000008 0.6299791671875 0.07062345625000008 0.647869140625 0.1386707812500001 0.647869140625
2 0.40631430000000013 0.6395006515625 0.38258062435170986 0.6392361556881327 0.38161657799741316 0.7257417147541348 0.40535025364570343 0.7260062106285021
2 0.40730168778742915 0.3363003147340633 0.4072587453125 0.319208984375 0.3741652623149688 0.31929213273350004 0.3742082047898979 0.33638346309256334
2 0.41314686881144064 0.5776877064387536 0.3710199716987095 0.5510875492390686 0.3560426046495747 0.5748073338990624 0.39816950176230587 0.6014074910987472
1 0.3739480505776215 0.33539878395950057 0.3596595263577577 0.33536443557684514 0.3591656375000001 0.54081640625 0.3734541617198638 0.5408507546326555
2 0.7053668076717365 0.8124953630158698 0.5100071730560061 0.8111555884117081 0.5097651136018164 0.8464515601213213 0.705124748217547 0.8477913347254831
2 0.4924897125 0.8057727859374999 0.43054791254763636 0.7509662128817713 0.4198847734375001 0.7630175781250002 0.48182657338986373 0.8178241511807288
2 0.722120884375 0.395361328125 0.6391743828124999 0.39520117187500003 0.6391435341946574 0.41117797532839157 0.7220900357571575 0.4113381315783915
2 0.7015775554962836 0.3206359598793504 0.5099074078125001 0.3194368484375001 0.5096109351134072 0.36682607685790847 0.7012810827971906 0.36802518829975883
2 0.8166588739524083 0.2980116485250879 0.5128665392898106 0.2722901770111845 0.5101834591285127 0.3039796231553133 0.8139757937911106 0.32970109466921665
2 0.788889835141026 0.2669523216207974 0.7138173159541751 0.26610158814204526 0.7136096304446892 0.28442868444790476 0.78868214963154 0.2852794179266569
2 0.7637837077180807 0.21947817930116167 0.7633569953125 0.15299609375000003 0.7442757354548638 0.1531185659953855 0.7447024478604445 0.21960065154654718
2 0.7119776539212305 0.14197743754902256 0.5139950485649313 0.11862500200329151 0.5083027998910972 0.16688404635755974 0.7062854052473964 0.19023648190329076
2 0.820524690625 0.0712167968750001 0.80639711875 0.07121679687500009 0.80639711875 0.11769726562500009 0.820524690625 0.11769726562500009
2 0.8489243828125002 0.07119140625000012 0.8269133275100268 0.07089447067078251 0.8258204666179612 0.15190538083705105 0.8478315219204345 0.15220231641626863
1 0.4139222705943612 0.17582936723709286 0.355183359148769 0.13974071908964014 0.2776059307707924 0.26600795074243855 0.33634484221638467 0.30209659888989127
2 0.6043109087220379 0.3645622917098529 0.5141637623741784 0.33375655222996664 0.5014133157951335 0.37106831273849794 0.591560462142993 0.4018740522183843
2 0.5568619284174023 0.4080676735628345 0.5246003796735499 0.3918293677122892 0.5035332517771669 0.4336846067857244 0.5357948005210195 0.4499229126362697
2 0.21957099129403085 0.1396368541142167 0.19677281899145288 0.06782421850708428 0.183250696447422 0.0721170518928676 0.20604886875 0.14392968750000001
2 0.1502290658788572 0.13853619549733304 0.10626598237314511 0.06317563983062002 0.09234362187500003 0.0712975265625 0.13630670538071213 0.14665808222921303
2 0.44879029560145567 0.40263629819117314 0.44814741984229844 0.28897769856597355 0.4341041173843048 0.28905713029184843 0.43474699314346205 0.402715729917048
2 0.41022369126692126 0.3898769916325277 0.15482899053399554 0.29660558805016873 0.12569852535301837 0.376370297825735 0.38109322608594415 0.469641701408094
2 0.4110015083512167 0.42480938427911286 0.07057767500000003 0.2914401046875001 0.03472647268638884 0.38294996182417346 0.3751503060376055 0.5163192414157862
2 0.49870596412382345 0.5828843236669863 0.4763743982290133 0.06216931796512828 0.252509597304439 0.07177006213157942 0.27484116319924917 0.5924850678334374
2 0.40915730941487743 0.4581163999202703 0.07244259647423648 0.35669469245990665 0.04814609876865823 0.4373577818048964 0.38486081170929926 0.53877948926526
2 0.2046296296875 0.5023873703125001 0.20455051403246563 0.48528362936009667 0.15894866246996567 0.4854945668600966 0.15902777812500002 0.5025983078125
2 0.14482663062878018 0.49529848349612815 0.08088217049737045 0.4166218394446918 0.06914067530432495 0.4261647423011479 0.1330851354357347 0.5048413863525842
0 0.7179320732878206 0.8403652139804247 0.6962324025041075 0.8395079433830779 0.6950583334347499 0.8692265787372401 0.716758004218463 0.870083849334587
0 0.5147496258135031 0.8085679453602982 0.4836530839490054 0.8044729288324796 0.4804156573278376 0.8290571452268427 0.5115121991923354 0.8331521617546611
0 0.5128600828125002 0.7747395828125 0.4830246906250002 0.7747395828125 0.4830246906250002 0.796875 0.5128600828125002 0.796875
0 0.5138888890625002 0.7395833328125 0.4840534984375002 0.7395833328125 0.4840534984375002 0.7630208328125 0.5138888890625002 0.7630208328125
0 0.5138888890625 0.7057291671875 0.4840534984375 0.7057291671875 0.4840534984375001 0.728515625 0.5138888890625001 0.728515625
0 0.5142337994267252 0.672488547988595 0.483933783915352 0.6708924983075352 0.48273683101910353 0.6936159083323596 0.5130368465304767 0.6952119580134195
0 0.5142066061654399 0.6604817167554142 0.5131129770464802 0.6369515962028082 0.48310034733933954 0.6383465183287236 0.48419397645829926 0.6618766388813295
0 0.5146575061091021 0.6049975011053251 0.48427636305564503 0.6039856307669675 0.4835199911823736 0.6266954990300989 0.5139011342358307 0.6277073693684565
0 0.5147481324375437 0.5694034616204828 0.4835579435763794 0.5679538090915823 0.4824363382746209 0.5920858548695234 0.5136265271357852 0.5935355073984239
0 0.5144032921874999 0.4876302078125 0.48456790156249996 0.4876302078125 0.48456790156249996 0.51171875 0.5144032921874999 0.51171875
0 0.5152037458139535 0.4774835920354133 0.5141884036717298 0.4534161847418382 0.48370804443976867 0.4547020728668373 0.4847233865819923 0.4787694801604124
0 0.5149176953125 0.4205729171875 0.48456790156249996 0.4205729171875 0.48456790156249996 0.4427083328125 0.5149176953125 0.4427083328125
0 0.5149176953125 0.3867187500000001 0.4850823046875 0.3867187500000001 0.4850823046875 0.41015625 0.5149176953125 0.41015625
0 0.5144032921874999 0.3515625000000001 0.4850823046875 0.3515625000000001 0.4850823046875 0.37565104218750006 0.5144032921874999 0.37565104218750006
0 0.5149176953125 0.3183593750000001 0.48456790156249996 0.3183593750000001 0.48456790156249996 0.3411458328125001 0.5149176953125 0.3411458328125001
0 0.5151283861559125 0.30709234186207524 0.5142507449655636 0.28351517707706647 0.484233358640852 0.28463255038744584 0.485110999831201 0.3082097151724546
0 0.5149176953125 0.2500000000000001 0.48353909531249994 0.2500000000000001 0.48353909531249994 0.27408854218750006 0.5149176953125 0.27408854218750006
0 0.5163680527153731 0.16700980569680826 0.4860047422439874 0.1652961801680123 0.4846763915122982 0.18883290099961156 0.515039701983684 0.19054652652840748
0 0.5154320984375 0.13216145781250005 0.48559670781250003 0.13216145781250005 0.48559670781250003 0.15690104218750006 0.5154320984375 0.15690104218750006
0 0.7176336085336229 0.6374461506197886 0.6949626887776483 0.637222984262488 0.6946973346846438 0.664179652024567 0.7173682544406182 0.6644028183818677
0 0.7326439798742097 0.6175651260802486 0.7200533066741264 0.5877205670106976 0.6948956275434789 0.598333962761272 0.7074863007435623 0.6281785218308229
0 0.7545807785396204 0.5580335942370482 0.7295265042517841 0.5563839306225498 0.7274395329718196 0.5880798172381778 0.7524938072596558 0.5897294808526763
0 0.7263374484375 0.5234375000000001 0.7011316875 0.5234375 0.7011316875 0.5559895828125 0.7263374484375 0.5559895828125001
0 0.8196694310172055 0.5046388301730533 0.7949743081670644 0.4948827354276798 0.7830723346387127 0.5250096157125552 0.8077674574888538 0.5347657104579288
0 0.8402125694922603 0.46534812221891686 0.8153065953643839 0.46394249466691473 0.8134353816963591 0.49709807641200293 0.8383413558242354 0.49850370396400506
0 0.8153139649597948 0.4617529097654695 0.8119241634276018 0.42961259733442114 0.7867574414300762 0.4322669023593181 0.7901472429622693 0.4644072147903665
0 0.7559420165148777 0.4013338036991646 0.7340901833348468 0.3840681550589774 0.7150152178241546 0.4082099045490198 0.7368670510041854 0.42547555318920693
0 0.720164609375 0.4225260421875 0.6954732515625001 0.4225260421875 0.6954732515625001 0.4557291671875 0.720164609375 0.4557291671875
0 0.7217463639760446 0.384632166083389 0.7191064702567046 0.3533444905895927 0.6940442181076528 0.3554591149903065 0.6966841118269927 0.3867467904841028
0 0.8132716046875 0.3294270828125001 0.788580246875 0.3294270828125001 0.788580246875 0.3613281250000001 0.8132716046875 0.3613281250000001
0 0.8467358156568316 0.30392042045801243 0.8227172394454886 0.2917610208563943 0.8087076509772466 0.3194342925094821 0.8327262271885896 0.3315936921111001
0 0.8185578951376137 0.2880263099352431 0.8078220075054681 0.25813356526836195 0.7829693100474764 0.2670593353921178 0.7937051976796221 0.2969520800589989
0 0.7626195598180047 0.23025503775644993 0.7451150826829442 0.2060869232583506 0.7221152217263936 0.22274525795198885 0.7396196988614542 0.24691337245008818
0 0.7278385338934743 0.2445025317996843 0.7033249378347156 0.2434831233709512 0.7019718063476511 0.27602171904404116 0.7264854024064098 0.2770411274727742
0 0.732051970109248 0.2039712507578503 0.7233423709710941 0.17365775548520967 0.6981148038849855 0.18090607820664792 0.7068244030231394 0.21121957347928855
0 0.7674838193563033 0.15358618364656457 0.7649795308088722 0.12823024879196362 0.7440290594793233 0.13029943005917893 0.7465333480267544 0.1556553649137799
0 0.7206790125 0.12695312500000008 0.6975308640625 0.12695312500000008 0.6975308640625 0.15559895781250008 0.7206790125 0.15559895781250008
0 0.8244850474057588 0.13755024081511694 0.8181103665254662 0.1157241749388711 0.7988730154124415 0.12134277679882147 0.805247696292734 0.1431688426750673
0 0.835390946875 0.1412760421875001 0.8148148140625 0.1412760421875001 0.8148148140625 0.16731770781250008 0.835390946875 0.16731770781250008
0 0.8103290310548177 0.1420596475337303 0.7905962548550889 0.14050051523087964 0.7884747555313025 0.16735075192189852 0.8082075317310313 0.16890988422474915
0 0.8216424856073541 0.672747966311204 0.8179246547801803 0.6492475973278566 0.7991543659644806 0.6522171148891943 0.8028721967916544 0.6757174838725417
0 0.8347681388630187 0.6267486232991051 0.8156006858399991 0.6248555425129217 0.8132187863434852 0.6489722875764153 0.8323862393665049 0.6508653683625987
0 0.8127625729450043 0.6318915259054917 0.7945933126447077 0.6216372679264432 0.7821663021576197 0.6436563734293237 0.8003355624579165 0.6539106314083719
0 0.43399804285642557 0.6262755739428065 0.4321918863797437 0.6020151247204291 0.40205758389751683 0.6042585813481144 0.4038637403741988 0.6285190305704919
0 0.43390760666537664 0.6380988455843772 0.4036285557001131 0.6362739951849257 0.40219135573754594 0.6601209093905621 0.43247040670280945 0.6619457597900137
0 0.43261316875 0.671875 0.402263375 0.671875 0.402263375 0.6953125 0.43261316875 0.6953125
0 0.43312757187499995 0.705078125 0.40277777812500004 0.705078125 0.4027777781250001 0.728515625 0.43312757187500006 0.728515625
0 0.43209876562500016 0.740234375 0.40329218125000016 0.740234375 0.40329218125000016 0.76171875 0.43209876562500016 0.76171875
0 0.43343315946677885 0.5921204206225253 0.4325300924376442 0.5700008712789758 0.40254922942095417 0.5712248893850804 0.40345229645008895 0.5933444387286299
0 0.4315843625000002 0.775390625 0.4027777781250002 0.775390625 0.4027777781250002 0.7962239578125 0.4315843625000002 0.7962239578125
0 0.4326880083072705 0.8283654151826422 0.43084443751890394 0.8072440033616285 0.402650431890486 0.8097049016019573 0.40449400267885255 0.830826313422971
0 0.2283950625000001 0.828125 0.2031893000000001 0.828125 0.2031893000000001 0.8600260421874999 0.2283950625000001 0.8600260421874999
0 0.33539987605108995 0.7727977594600273 0.3141062738712848 0.7458480445380828 0.2900375866211742 0.7648652791462561 0.3113311888009793 0.7918149940682004
0 0.16355659249020407 0.8562245578564399 0.15764714533446844 0.825874795195215 0.13448252786113907 0.8303852121091622 0.14039197501687467 0.860734974770387
0 0.16562664455375536 0.6500904600444478 0.15738169457841591 0.6208724234842291 0.13127833940731062 0.6282384508738762 0.13952328938265007 0.6574564874340949
0 0.22936485474106477 0.6542756937465868 0.22651874739473238 0.6218567909548355 0.2032073326029117 0.6239033373576732 0.2060534399492441 0.6563222401494244
0 0.37551440312500006 0.5397135421875 0.3590534984375001 0.5397135421875 0.3590534984375001 0.5592447921875 0.37551440312500006 0.5592447921875
0 0.33414504868136297 0.4984345150802837 0.31430375611468087 0.47603870287290057 0.2928453017118858 0.49504955489702607 0.3126865942785678 0.5174453671044092
0 0.22972751930930885 0.5107922055651363 0.22860996343069845 0.4782608429700428 0.20267438657293066 0.4791518126088897 0.20379194245154109 0.5116831752039832
0 0.16327428277517236 0.4815756758209594 0.1358395297424016 0.47999739678543935 0.13422586093652936 0.5080473196251007 0.16166061396930012 0.5096255986606207
0 0.32716049375 0.27734375 0.30195473281249996 0.27734375 0.30195473281249996 0.30859375 0.32716049375 0.30859375
0 0.23321371515679826 0.28154675873138146 0.21239322874173183 0.2727631158603321 0.20135695907595813 0.2989231619849987 0.22217744549102453 0.30770680485604807
0 0.1630819168861781 0.3061930027522731 0.16043957094376823 0.2727508349101389 0.13528794930782256 0.2747381248994869 0.13793029525023243 0.3081802927416212
0 0.3770576125 0.3183593750000001 0.3595679015625 0.31835937500000006 0.3595679015625 0.33919270781250005 0.3770576125 0.3391927078125001
0 0.43467078125 0.2513020828125001 0.40432098749999995 0.2513020828125001 0.40432098749999995 0.2734375000000001 0.43467078125 0.2734375000000001
0 0.4362282306197208 0.28546198920367466 0.40510372847338216 0.28423098979344247 0.40419909261447884 0.3071037389581062 0.43532359476081756 0.3083347383683384
0 0.43465379181731423 0.3392444427790143 0.4325479947864914 0.31761451839510035 0.4038935776453073 0.3204041900307876 0.40599937467613023 0.3420341144147015
0 0.43430759120750884 0.37477718656719683 0.4334047406060243 0.3512362130893444 0.4034885090219492 0.35238356953597744 0.40439135962343375 0.3759245430138299
0 0.435723118639213 0.38636453850386726 0.4046299966542781 0.3851720457070592 0.403701458318829 0.4093828047230357 0.43479458030376383 0.41057529751984373
0 0.43426941248735706 0.4214805883309339 0.4049706805795753 0.4202844222215093 0.40409072734996077 0.4418378783533402 0.4333894592577425 0.4430340444627648
0 0.4349264447446931 0.45509759039731507 0.40522503803981164 0.4527508135340412 0.4033719103406943 0.47620447047472786 0.4330733170455757 0.47855124733800175
0 0.43875003628683934 0.5098248229505937 0.4373569493275471 0.4869041802137805 0.4027822329632499 0.4890055866639134 0.4041753199225421 0.5119262294007266
0 0.4357427500942152 0.18857657994672172 0.43483972105185636 0.16574445741808463 0.40456303580549935 0.16694192497939103 0.4054660648478582 0.18977404750802812
0 0.43589467506883295 0.15497002597350348 0.43348387733940796 0.13056073054260647 0.40349095340440455 0.13352299846738228 0.40590175113382954 0.15793229389827929
0 0.43467078125 0.09830729218750003 0.404835390625 0.09830729218750003 0.404835390625 0.12109375000000004 0.43467078125 0.12109375000000004
0 0.43518518593750005 0.07226562500000004 0.40432098749999995 0.07226562500000004 0.40432098749999995 0.08854166718750003 0.43518518593750005 0.08854166718750003
0 0.5154593684544437 0.07231336062835832 0.48652120974660445 0.07100532897128174 0.48580904334654607 0.08676089895292978 0.5147472020543853 0.08806893061000635
0 0.5154320984375 0.09960937500000007 0.4861111109375 0.09960937500000007 0.4861111109375 0.12109375000000004 0.5154320984375 0.12109375000000004
0 0.229938271875 0.13671875000000006 0.2052469140625 0.13671875000000006 0.2052469140625 0.16927083281250005 0.229938271875 0.16927083281250005
0 0.1620370375 0.13671875 0.1378600828125 0.13671875 0.1378600828125 0.1686197921875 0.1620370375 0.1686197921875
1 0.5634310703125001 0.6146451828124999 0.5568364203125 0.6146451828124999 0.5568364203125 0.6779459640625001 0.5634310703125001 0.6779459640625001
1 0.5762242796875 0.6162109375 0.5699074078125 0.6162109375 0.5699074078125 0.6835546875 0.5762242796875 0.6835546875
1 0.5912397125 0.6159895828125 0.5821347734375 0.6159895828125 0.5821347734375 0.6841796875 0.5912397125 0.6841796875
1 0.6052649171875 0.61619140625 0.597286521875 0.61619140625 0.597286521875 0.6841731765625 0.6052649171875 0.6841731765625
1 0.6175720171875 0.6153776046874999 0.6105967078125001 0.6153776046874999 0.6105967078125001 0.6841796875 0.6175720171875 0.6841796875
1 0.6311059671875 0.6155305984375 0.62317386875 0.6155305984375 0.62317386875 0.6835579421875 0.6311059671875 0.6835579421875
1 0.644146090625 0.6158723953125 0.6370781890625 0.6158723953125 0.6370781890625 0.6835546875 0.644146090625 0.6835546875
1 0.5638940328125 0.4905110671875 0.556887859375 0.4905110671875 0.556887859375 0.557001953125 0.5638940328125 0.557001953125
1 0.57715535 0.48997395781249997 0.56976851875 0.48997395781249997 0.56976851875 0.5576302078125 0.57715535 0.5576302078125
1 0.5911702671875 0.48970703125000004 0.583706275 0.48970703125000004 0.583706275 0.5572851562500001 0.5911702671875 0.5572851562500001
1 0.60387345625 0.4910416671875 0.597227365625 0.4910416671875 0.597227365625 0.5576432296875 0.60387345625 0.5576432296875
1 0.6178189296875 0.487568359375 0.61011316875 0.487568359375 0.61011316875 0.557822265625 0.6178189296875 0.557822265625
1 0.63109310625 0.48997395781249997 0.6240509265624999 0.48997395781249997 0.6240509265624999 0.55796875 0.63109310625 0.55796875
1 0.6449948562500001 0.4907747390625 0.6379886828125 0.4907747390625 0.6379886828125 0.5578841140625 0.6449948562500001 0.5578841140625
1 0.6458693421875 0.24572591093750007 0.6378343625 0.24572591093750007 0.6378343625 0.3137662765625001 0.6458693421875 0.3137662765625001
1 0.6328137859375 0.24606445312500008 0.6257664609375 0.24606445312500008 0.6257664609375 0.3148339843750001 0.6328137859375 0.3148339843750001
1 0.6196347734375001 0.2454003906250001 0.6109825109375 0.2454003906250001 0.6109825109375 0.3148339843750001 0.6196347734375001 0.3148339843750001
1 0.6045679015625 0.2448990890625001 0.5982098765625 0.2448990890625001 0.5982098765625 0.31364257812500007 0.6045679015625 0.31364257812500007
1 0.591700103125 0.24574869843750008 0.584308128125 0.24574869843750008 0.584308128125 0.3140429687500001 0.591700103125 0.3140429687500001
1 0.5785185187499999 0.24566080781250008 0.570956790625 0.24566080781250008 0.570956790625 0.31324544218750006 0.5785185187499999 0.31324544218750006
1 0.5650257203125 0.2454394531250001 0.557319959375 0.2454394531250001 0.557319959375 0.3140397140625001 0.5650257203125 0.3140397140625001
1 0.644426440625 0.12060872343750009 0.6389686218749999 0.12060872343750009 0.6389686218749999 0.1895475265625001 0.644426440625 0.1895475265625001
1 0.6315612140625 0.12060546875000008 0.6251877578125 0.12060546875000008 0.6251877578125 0.1896289062500001 0.6315612140625 0.1896289062500001
1 0.6202623453125 0.1198111984375001 0.6105607 0.1198111984375001 0.6105607 0.18987630156250007 0.6202623453125 0.18987630156250007
1 0.6055709874999999 0.11941731718750008 0.598359053125 0.11941731718750008 0.598359053125 0.1871321609375001 0.6055709874999999 0.1871321609375001
1 0.5920164609375 0.1198144531250001 0.5848456796875 0.1198144531250001 0.5848456796875 0.18726887968750008 0.5920164609375 0.18726887968750008
1 0.578521090625 0.1192805984375001 0.5712937250000001 0.1192805984375001 0.5712937250000001 0.18892252656250008 0.578521090625 0.18892252656250008
1 0.5656507203125 0.12193033906250009 0.5585056578125001 0.12193033906250009 0.5585056578125001 0.18931966093750008 0.5656507203125 0.18931966093750008
0 0.08030827175270076 0.8586433575666333 0.08009408707328078 0.8202900541060236 0.06962480750808 0.8203485199768901 0.0698389921875 0.8587018234374998
0 0.07716049375000009 0.6588541671875 0.06995884843750008 0.6588541671875 0.06995884843750008 0.6861979171875 0.07716049375000009 0.6861979171875
0 0.07561728437500007 0.5904947921875 0.06995884843750007 0.5904947921875 0.06995884843750007 0.6158854171875 0.07561728437500007 0.6158854171875
0 0.07781765938916121 0.4829237307632163 0.0769915978220137 0.4536501661362923 0.06972225491042491 0.45385529745098563 0.07054831647757243 0.4831288620779096
0 0.07973251093750004 0.3932291671875 0.06995884843750004 0.3932291671875 0.06995884843750004 0.4244791671875 0.07973251093750004 0.4244791671875
0 0.07921810625000002 0.220703125 0.06944444375000002 0.220703125 0.06944444375000002 0.25390625 0.07921810625000002 0.25390625
0 0.0794628830903723 0.18197716553776028 0.07841080147118029 0.1553463419621773 0.06908893061126595 0.15571461329859929 0.07014101223045796 0.18234543687418223
0 0.07870370312500001 0.08919270781250001 0.06995884843750001 0.08919270781250001 0.06995884843750003 0.1165364578125 0.07870370312500002 0.1165364578125
0 0.6414609046875 0.3925781250000001 0.625 0.3925781250000001 0.625 0.4140625 0.6414609046875 0.4140625
0 0.60442386875 0.38932291718750006 0.5879629625 0.38932291718750006 0.5879629625 0.4108072921875 0.60442386875 0.4108072921875
0 0.5682585971272067 0.3969589580609991 0.5544427269882994 0.38240397202774884 0.5400902548351476 0.39602761213205656 0.5539061249740548 0.41058259816530684