2 0.31125347694729444 0.8021823903096704 0.3105205801526096 0.7434465980030496 0.2835453640039781 0.7437831908823634 0.28427826079866303 0.8025189831889843
2 0.9303681155521014 0.7466334871400209 0.9296292528572551 0.7181915745347683 0.2678777278687535 0.7353825251525321 0.2686165905635998 0.7638244377577846
2 0.46669403279636346 0.7990818488950241 0.46374452216480605 0.738715639278504 0.4346159084190352 0.7401388718530099 0.43756541905059265 0.80050508146953
2 0.619100897145009 0.7954126735504399 0.6181375535676852 0.7351547573960402 0.5883105923573902 0.7356316011594289 0.5892739359347142 0.7958895173138286
2 0.7722722864713012 0.7921168669311205 0.7710909203686371 0.7318805126018454 0.7423132662083871 0.7324449050774137 0.7434946323110512 0.7926812594066888
2 0.9296846567855139 0.7279277567396734 0.9055492383389547 0.7277257812412843 0.905058018092042 0.7864250111143143 0.9291934365386012 0.7866269866127034
1 0.9299871548199088 0.7594135950104144 0.9294438792269413 0.7369740912341882 0.3155497918556444 0.7518368831061413 0.3160930674486121 0.7742763868823674
1 0.9295767841665313 0.7732474071931883 0.9293363399509156 0.7632057586638805 0.313333468439282 0.7779557598041655 0.3135739126548977 0.7879974083334732
1 0.9291271088779981 0.7877976663827544 0.9288935584487292 0.7769239007843822 0.31549528163533563 0.7900986772283312 0.31572883206460434 0.8009724428267034
1 0.9292411191987773 0.8004728584660551 0.9289864584732385 0.7901757569763641 0.3152318925690026 0.8053547064324217 0.31548655329454134 0.8156518079221128
1 0.9290378350523371 0.8144023395881765 0.9288046221287182 0.8040671208052134 0.31637777184731997 0.8178864563467323 0.31661098477093874 0.8282216751296956
1 0.9304829315245158 0.7457157263508141 0.9296393161109939 0.7113942214814322 0.3153087283364784 0.7264943388806182 0.31615234375 0.7608158437500001
1 0.9295138974045892 0.8393680668174491 0.928918155181712 0.816438082506289 0.30094236127776913 0.8327534750637703 0.3015381035006464 0.8556834593749304
1 0.9295441263213604 0.8648753376190046 0.9287118464168357 0.8306346562288633 0.2514234088326758 0.8470973413531869 0.25225568873720045 0.8813380227433282
2 0.9299336519731345 0.851306038636807 0.9288484211437453 0.8066505525672623 0.29691542224914336 0.8220079752015333 0.2980006530785326 0.866663461271078
2 0.9295696624694884 0.8682768763998243 0.9287813840169405 0.8333973656960157 0.250002037961936 0.848737808314987 0.2507903164144837 0.8836173190187957
1 0.9293420294667772 0.6916116839037528 0.9282815942184351 0.6442103106695907 0.4577821720814431 0.654736043101307 0.45884260732978543 0.7021374163354691
2 0.7406281003053594 0.6102246916652481 0.7299148669744421 0.5750547397271878 0.5656696026917003 0.6250860233313883 0.5763828360226176 0.6602559752694487
2 0.5937902336768219 0.5886603769358512 0.5187293042453203 0.5884495933131483 0.5186466478062564 0.617883896889866 0.593707577237758 0.6180946805125689
2 0.5128271422979802 0.6103530343997031 0.5120469442374795 0.5886048173430003 0.502147282624205 0.5889599589516273 0.5029274806847057 0.6107081760083302
2 0.495101871364104 0.6108819417854227 0.49430930356123504 0.5754326654756465 0.31473234886338364 0.5794476109765659 0.31552491666625265 0.614896887286342
2 0.5466562777309328 0.5882953844973072 0.5362284137373231 0.5882391910565973 0.5361131516313903 0.6096284768717901 0.5465410156250001 0.6096846703125001
2 0.5633313796875 0.6084099796875 0.5632203610440258 0.58828553107163 0.5524970547940259 0.5883446873216299 0.5526080734375001 0.6084691359375001
2 0.7716315109375002 0.6899495890625001 0.7698502966585341 0.6186710518267309 0.6959485835629338 0.6205178179320807 0.6977297978418998 0.69179635516785
2 0.7528665231938242 0.690183647857456 0.7514693947485137 0.633253082555215 0.5214743424808517 0.6388973727198725 0.5228714709261622 0.6958279380221135
2 0.7523628467095023 0.5826169804769828 0.7416043754497952 0.582506051939957 0.741358716240293 0.606331458962974 0.7521171875 0.6064423875
2 0.7685944015625001 0.6049017484375001 0.7678998743439044 0.5819492067523806 0.7574688691003049 0.5822648413848489 0.7581633963189006 0.6052173830699683
2 0.7886844708619989 0.6896833072216402 0.7853264986001555 0.5820989745473615 0.7748689268043546 0.5824253811452705 0.7782268990661981 0.6900097138195493
2 0.8322714784667411 0.6116811316066502 0.8316219082807322 0.5803350049002056 0.7920916718456693 0.5811541703197348 0.7927412420316783 0.6125002970261794
2 0.9323472150559681 0.6269850290914039 0.9279431166296325 0.5937293081040484 0.8021835501000533 0.6103838112272901 0.8065876485263889 0.6436395322146455
2 0.9292335287886857 0.6504342779023187 0.9290613947807275 0.6424925567549418 0.805948211256931 0.6451609916343835 0.8061203452648893 0.6531027127817605
2 0.9291890726176752 0.6652506421633184 0.9290625154238388 0.6561660282836032 0.8066464843750001 0.6578713984375 0.8067730415688367 0.6669560123172152
2 0.7365657546875001 0.6972752062500001 0.736175860948105 0.6605873778542354 0.5683010411243219 0.6623714393294826 0.5686909348637169 0.6990592677252473
2 0.8072379903489704 0.6678913335873843 0.7947512265229923 0.6677387558307506 0.7944937049240219 0.6888139863058663 0.8069804687500002 0.6889665640625
2 0.7243124342982175 0.6556071748664356 0.724159807766479 0.6470968371860635 0.5675479874737902 0.6499055528749407 0.5677006140055285 0.6584158905553129
2 0.484576171875 0.6216440328125 0.4845648015772054 0.6124225857658812 0.45703103061214534 0.612456535662649 0.45704240090994 0.621677982709268
2 0.5170372922576603 0.6967390922053343 0.510713434407164 0.6220074879734503 0.45801746598460946 0.6264666698286191 0.4643413238351057 0.7011982740605031
2 0.5505944015625002 0.695602365625 0.5496678337651835 0.6741452526957378 0.538948441127735 0.6746081408791292 0.5398750089250516 0.6960652538083915
2 0.5659615890625 0.695347221875 0.5643080773298121 0.6440423918037703 0.5555542851005664 0.6443245192006737 0.5572077968332543 0.6956293492719035
2 0.48559967072528043 0.6484733367094181 0.485435115576616 0.6397842117556292 0.2185963127962204 0.6448376203663313 0.21876086794488478 0.6535267453201203
2 0.4861320032969762 0.6613326026067393 0.4859362978221948 0.6526318611577835 0.2195880345863984 0.6586228233785986 0.21978374006117982 0.6673235648275544
2 0.4862431663390021 0.6747418932822284 0.486056349033636 0.666322616471837 0.21986258326237382 0.6722292522965765 0.22004940056773997 0.6806485291069679
2 0.3555242964189321 0.6374961437301994 0.3554982835038738 0.594678997762696 0.26403125 0.5947345671875002 0.26405726291505827 0.6375517131550035
2 0.3082001544079251 0.6151389882560554 0.3076097978337226 0.5943322376177144 0.2973064628354555 0.594624577428873 0.29789681940965795 0.615431328067214
2 0.2910372912972633 0.6163019455370873 0.29031213480975365 0.5806636368520107 0.24638878164891764 0.5815573746772038 0.2471139381364273 0.6171956833622804
2 0.24617252656250005 0.6396033953125001 0.24506042244630782 0.6184738021916454 0.21736812990408444 0.6199313178355511 0.21848023402027666 0.6410609109564058
2 0.328703125 0.7019830250000001 0.3281911613194835 0.6719138693758594 0.3174545682961608 0.6720966728356285 0.31796653197667735 0.7021658284597692
2 0.31155012968750007 0.702066871875 0.3104354306203493 0.6729910717487927 0.29267903593749994 0.6736718109375002 0.2937937350046507 0.7027476110637074
1 0.9333017268219331 0.653787156365289 0.9284629690776818 0.5266847219425255 0.16010854862412788 0.5559357816817362 0.1649473063683792 0.6830382161044997
1 0.929484614907914 0.5963380637679206 0.9284775527084204 0.553976923088156 0.2078845793920073 0.5711077635944022 0.20889164159150092 0.6134689042741668
2 0.29399218750000006 0.7020961937499999 0.293235190527262 0.680487274347658 0.2843111984375 0.680799896875 0.28506819541023803 0.7024088162773419
2 0.27793229218749993 0.7021836421875 0.2771101904998191 0.6779228816236672 0.2671774240559271 0.6782594639841163 0.26799952574360797 0.702520224547949
2 0.2603229885879893 0.6818160889536595 0.24922487105793073 0.6817922621062038 0.24917987778244152 0.7027493215900443 0.2602779953125001 0.7027731484374999
1 0.9300400753639766 0.6748046789695084 0.928836353706694 0.6242300682439044 0.3907937559433471 0.6370359706161863 0.39199747760062953 0.6876105813417903
1 0.3604654953125 0.6886795265625 0.3602960960470983 0.6595029740598121 0.32352258916494203 0.6597164812948257 0.32369198843034375 0.6888930337975137
1 0.2932337234374999 0.6892638890624999 0.29266601562499994 0.6612551437499998 0.25654624869159565 0.6619872534409191 0.25711395650409563 0.6899959987534192
1 0.2578670784942791 0.8761008369708861 0.25075627900096165 0.6737856072950958 0.2168461111505134 0.6749774523418365 0.22395691064383083 0.8772926820176267
2 0.20358804146041898 0.5358874098723003 0.20054204828727795 0.4324368418171053 0.15671894141863876 0.4337271671082771 0.1597649345917798 0.5371777351634721
2 0.34624682346154356 0.531193740926074 0.3410302594303936 0.4281812205606223 0.2983305184614422 0.43034353958832716 0.3035470824925922 0.5333560599537788
2 0.4125221243001841 0.5394894049800871 0.40771288458612204 0.397422167236514 0.3705987465833699 0.39867854970210526 0.37540798629743194 0.5407457874456785
2 0.4267005203124999 0.5632741765625 0.4195863256243116 0.37288455632166534 0.4075941491055633 0.3733326620449794 0.41470834379375165 0.5637222822858139
2 0.44338085937500005 0.563728909375 0.43490281659970337 0.37231111112780074 0.42512519884089556 0.37274416940325233 0.43360324161619224 0.5641619676504516
2 0.45992385498374533 0.5632700945973467 0.45255747942476726 0.37234342751814836 0.44279296874999996 0.37272016406249997 0.4501593443089781 0.5636468311416982
2 0.47781835937500006 0.5630015437500001 0.4702648028242099 0.3719358657681 0.4592030886943057 0.37237317760825595 0.46675664524509586 0.5634388555901559
2 0.49398035414485947 0.5625596126709298 0.48665316255095803 0.3712814443428941 0.47653589849557276 0.37166900102428585 0.4838630900894742 0.5629471693523216
2 0.511291750691512 0.5618166658345969 0.5038494348183259 0.37063436912020453 0.49317512968750005 0.371049896875 0.5006174455606861 0.5622321935893924
2 0.5270963546875 0.5616414609375001 0.5212490218710583 0.36988324769039 0.51008203125 0.370223765625 0.5159293640664417 0.5619819788721101
2 0.5447402343750001 0.5608713984375 0.5381671858718342 0.3696461048995649 0.5272276169485854 0.370022134219776 0.5338006654517513 0.5612474277577111
2 0.5617639326342028 0.5610648501765139 0.5540047510677414 0.3692766775319302 0.5436970049063677 0.36969369841963273 0.5514561864728291 0.5614818710642163
2 0.579037831933955 0.560447495789317 0.5718597841443017 0.3690137564751776 0.5608980024300787 0.3694247822080831 0.568076050219732 0.5608585215222226
2 0.5965986364269833 0.5602456450399886 0.5891622492695905 0.36839162420644095 0.5775951157570972 0.36883997385648437 0.5850315029144901 0.5606939946900321
2 0.7061319941239808 0.5314672455602809 0.705446699144998 0.5148114813881925 0.5985989919676118 0.5192076890006411 0.5992842869465945 0.5358634531727294
2 0.7061313017899329 0.5108567789241869 0.7035531739655209 0.4952700725662734 0.5971372402128579 0.5128718592085959 0.5997153680372698 0.5284585655665094
2 0.7056722395443819 0.49979938009689723 0.7042271433797076 0.4852587090572079 0.5968208225138619 0.4959330762801068 0.5982659186785362 0.5104737473197961
2 0.7054305067366305 0.48398124419316985 0.7040076391515877 0.4727162996495878 0.596297804845688 0.48632105653332386 0.5977206724307307 0.4975860010769059
2 0.7047365902805285 0.4774650561780424 0.7038958654869989 0.4610244224653834 0.5968752513279421 0.46649713631053213 0.5977159761214718 0.48293777002319116
2 0.7039651479680871 0.4622431367947928 0.7029642324439075 0.4472613988765087 0.596725368422539 0.4543591153664244 0.5977262839467186 0.46934085328470854
2 0.7043525319123517 0.4467252227376036 0.7028771632880363 0.4317626807677485 0.5954337467034303 0.4423570467543259 0.5969091153277456 0.4573195887241811
2 0.7036531397135702 0.430198574147253 0.7014501302922056 0.41454504410266146 0.5936451657211366 0.4297170437694082 0.5958481751425012 0.44537057381399975
2 0.6309372648029592 0.4274353224388758 0.6297690710295938 0.39155229090098337 0.5922462453636628 0.39277386916300205 0.5934144391370283 0.42865690070089446
2 0.9297422995811079 0.5205977802131347 0.9295794265624998 0.4970823046874999 0.8064819648079714 0.49793490301820675 0.8066448378265795 0.5214503785438416
2 0.9293310070434618 0.49175749605833985 0.9291588194185781 0.4836754210828048 0.8064550781250001 0.486289609375 0.8066272657498837 0.494371684350535
2 0.9292924915240665 0.47781156500753585 0.9291309583113792 0.4697432915299758 0.8057915862237373 0.47221264325430257 0.8059531194364246 0.48028091673186263
2 0.9293026639264438 0.46463565729054734 0.929086621339349 0.45588768369168103 0.8055503315022896 0.4589385730610718 0.8057663740893846 0.4676865466599381
2 0.9293020714425516 0.4515002846633712 0.9290926834606464 0.4423710311535486 0.8048135743584167 0.44522148895055275 0.8050229623403219 0.4543507424603754
2 0.9291555351165492 0.4375416663529109 0.9289383879640953 0.429174276205565 0.8040579421874998 0.4324151234375 0.8042750893399537 0.44078251358484594
2 0.929067732014099 0.4244158756468142 0.928777515236986 0.4146684280538854 0.8027480468749999 0.41842078125000004 0.8030382636521131 0.4281682288429288
1 0.26579781070904246 0.3323262130392276 0.26546280582101434 0.31135140473324785 0.22296406457115495 0.31203018500365853 0.22329906945918307 0.3330049933096383
1 0.267146750373371 0.38622825039272785 0.2659329708165558 0.33759737818493873 0.22376479739583868 0.3386498550277889 0.22497857695265386 0.387280727235578
1 0.2679381515625 0.4122453703125 0.26775820651526183 0.39126407980140365 0.22618939440010405 0.39162059275544425 0.2263693394473422 0.4126018832665406
2 0.49068061337965246 0.23865877882391096 0.22476820844821285 0.2290423451366425 0.22408918835920044 0.24781852253649356 0.49000159329063997 0.257434956223762
2 0.4911842688659484 0.25217108660093956 0.22501801662400137 0.2432080769867245 0.22435669734780106 0.2628466672435538 0.49052294958974807 0.27180967685776886
2 0.515497150594939 0.27213791443573854 0.514138093259709 0.22382242149120885 0.22396921376738638 0.23198452685526377 0.22532827110261633 0.28030001979979347
2 0.929713316380836 0.270149933572536 0.22564751804335664 0.26989842979815226 0.22562962968379643 0.31997553971657733 0.9296954280212757 0.32022704349096115
2 0.9299210226307414 0.31716487080967104 0.9298893234375001 0.2959742796875 0.2272777242186738 0.2970253226116327 0.22730942341191498 0.31821591373380376
2 0.3257315608852193 0.32367085415918667 0.23071307771501784 0.3026612855611389 0.2271611878327468 0.31872516557019054 0.3221796710029483 0.3397347341682383
2 0.929455628883224 0.3432142141549668 0.9287175835845416 0.30867383681178256 0.22894195377800236 0.3236263692806606 0.22967999907668482 0.3581667466238448
2 0.7305477668159218 0.26623343971410196 0.7299077680478121 0.24551353562245132 0.5320380342398614 0.25162535859823143 0.5326780330079712 0.272345262689882
2 0.7294351013023597 0.2500656541425646 0.7284346218764446 0.23079251819389665 0.5322436268199076 0.24097690409905823 0.5332441062458226 0.26025004004772617
2 0.7298634027309221 0.23506641785297208 0.7289077265301168 0.21727205915957085 0.5137336091611456 0.22882834992238682 0.5146892853619509 0.24662270861578808
2 0.9298432327589925 0.22251678733172625 0.9290578069251211 0.18866169097213978 0.292682736380016 0.2034253594942753 0.29346816221388744 0.23728045585386176
2 0.5860264847240537 0.3236444778132527 0.5848595304224423 0.30947485605519465 0.5334667863561593 0.3137073602662304 0.5346337406577707 0.3278769820242884
2 0.9305326990649716 0.22084567345345013 0.9223218851993489 0.18827868236997708 0.6970938049558401 0.24506335245051983 0.7053046188214628 0.27763034353399285
2 0.9300823091890902 0.24814326757264552 0.9293738161179255 0.2281093409937832 0.7700071031428432 0.2337452911642442 0.7707155962140079 0.2537792177431065
2 0.9296790635362122 0.26241581300664096 0.9290815890793415 0.2417808583488438 0.7710533041181407 0.24635648573902716 0.7716507785750114 0.2669914403968243
2 0.9296086402377177 0.28891274568289504 0.929351651993205 0.2806133947171121 0.7325407476556303 0.2867076169057168 0.7327977359001431 0.2950069678714997
1 0.9298766628727453 0.47558375579254825 0.9291293600732276 0.44423738002469254 0.2584510964572557 0.46022646111296933 0.25919839925677335 0.49157283688082504
1 0.30142393422652736 0.5311859820399718 0.30043418277576267 0.4740463636006373 0.27254981883787344 0.47452936629500214 0.2735395702886381 0.5316689847343367
1 0.4629858776929149 0.5267683393365757 0.4604314017695705 0.4698906827543029 0.43289420403089823 0.47112742689684783 0.43544867995424263 0.5280050834791208
1 0.6407691472249489 0.4626170534532683 0.6122430275724116 0.4625805240914791 0.6121648918453848 0.5235974427873586 0.6406910114979222 0.5236339721491479
1 0.8095130273579748 0.518508123646408 0.807820530665623 0.46119480212697483 0.7812737705186105 0.4619787438450663 0.7829662672109622 0.5192920653644995
1 0.6891973638315988 0.4187973679968051 0.6879555825453979 0.38434810256441787 0.6526098271186246 0.3856221993291732 0.6538516084048255 0.42007146476156043
1 0.7965737426746513 0.37771253918070113 0.6520712097296706 0.36953515856945524 0.6504470004134292 0.3982365693741511 0.7949495333584099 0.40641394998539687
1 0.7942855663300802 0.359575119813791 0.6517536387028846 0.35736605849583564 0.6513069252859887 0.38618867373498256 0.7938388529131842 0.3883977350529379
1 0.7928885326591295 0.3468453130151994 0.6523259632498312 0.3442995525074433 0.6518072605681543 0.37293939567959333 0.7923698299774526 0.37548515618734946
1 0.792304157294994 0.3321576920911624 0.6522460562301864 0.3311142750265823 0.6520311305243724 0.35996379958215463 0.7920892315891801 0.36100721664673474
1 0.7928048040964358 0.319238405435522 0.6510865525049898 0.3153315739706236 0.6502773686204122 0.3446842927578656 0.7919956202118582 0.34859112422276395
1 0.7920041162270822 0.3025276202130977 0.6507831673011396 0.29928808446902166 0.6500398488923701 0.3316915333991703 0.7912607978183127 0.3349310691432464
1 0.7928485319301993 0.2922560715001394 0.6493697002805219 0.2892465860599688 0.6487519484834483 0.3186982341425702 0.7922307801331256 0.3217077195827408
1 0.7942069792485602 0.2758129293168144 0.6479827909596338 0.268339255880029 0.6462758245070629 0.30173645821631034 0.7925000127959893 0.30921013165309574
1 0.6513024349141939 0.4111043016430226 0.4363524703507672 0.4023913150104776 0.4345852553955014 0.44598862647558074 0.6495352199589282 0.45470161310812574
1 0.6453379953568278 0.27504880092163614 0.6445437380993435 0.24292147751590779 0.46572742298490255 0.24734220545027777 0.46652168024238677 0.2794695288560061
1 0.46742501567061934 0.4108290573126491 0.46584061643643915 0.28125324010168373 0.4254535616561913 0.28174707622050543 0.4270379608903715 0.4113228934314709
1 0.9302308158627373 0.27046859563453624 0.9034879058622456 0.2602206125825327 0.8867844295191428 0.30380963515137893 0.9135273395196345 0.3140576182033825
1 0.929034803180563 0.31713071236615986 0.9290166600627321 0.3092527796237949 0.8914813865571727 0.30933922449611073 0.8914995296750036 0.3172171572384757
1 0.9290354278943225 0.33077768771819227 0.9290174739284515 0.3228663996013774 0.8928456588370522 0.3229484883237256 0.8928636128029233 0.33085977644054043
1 0.9290400893156182 0.3440588576691358 0.9287710707712904 0.3351594880868783 0.8931894531250002 0.3362350828125 0.893458471669328 0.34513445239475754
1 0.9288594949738197 0.3571686512277651 0.9286597650304425 0.3488587618427375 0.8929933599006417 0.3497160114097268 0.8931930898440189 0.3580259007947544
1 0.9289430248558002 0.37059742875246615 0.9288200973004239 0.36229442596143013 0.8935333224446238 0.362816853458964 0.89365625 0.37111985625000005
1 0.9290886564603467 0.3837858385616396 0.9289207874473666 0.37577186609343405 0.8945469830434479 0.3764918955969725 0.894714852056428 0.384505868065178
1 0.9292189895830134 0.3976116256540937 0.929098124951941 0.3897113138457367 0.8949400056319506 0.3902338892313525 0.8950608702630231 0.3981342010397094
1 0.42311868033385885 0.300497936003481 0.3426007264782417 0.2115627837399196 0.3036580403026713 0.24681976963011043 0.38417599415828846 0.33575492189367184
1 0.4101150966879909 0.4088190925001255 0.40745664861320935 0.32059465670124265 0.3646654591320251 0.32188407447154377 0.3673239072068067 0.4101085102704266
1 0.5670648792870866 0.2313332106140286 0.5661966910524435 0.18692711728437014 0.28655431584413577 0.19239443498469452 0.28742250407877884 0.23680052831435297
1 0.28001497343750004 0.2371085390625 0.27877657309978493 0.19339935689325596 0.24020381874522673 0.1944922282225415 0.2414422190829418 0.23820141039178555
1 0.276204535987734 0.16193243820103032 0.27580811985634257 0.11860432820048919 0.2389472111752538 0.11894157482441876 0.23934362730664524 0.1622696848249599
1 0.3279036453125 0.15075411562500002 0.3267631317876237 0.1162317388365209 0.2833463553690752 0.11766609606560978 0.28448686889395153 0.15218847285408893
1 0.5023216838783189 0.16942848225527427 0.5021340590951124 0.16135974954235943 0.23924739531249992 0.16747273593750003 0.23943502009570636 0.17554146865041487
1 0.5132412843620623 0.15504594477034922 0.5124147114827362 0.12451783454508716 0.30025065156249997 0.1302623453125 0.3010772244418261 0.16079045553776206
1 0.3765018157457047 0.23344617611824284 0.3746988156618941 0.20396536402087612 0.31938860641601596 0.20734804939523208 0.3211916064998266 0.2368288614925988
1 0.3136536784251678 0.21519344229985898 0.30294921874999997 0.21517386875000005 0.30290882157483223 0.2372664342626411 0.31361328125000004 0.23728600781250003
1 0.5026401963435092 0.1829216051185228 0.5024276790598518 0.174613462440078 0.2391962574836354 0.18134676359435592 0.2394087747672929 0.18965490627280074
1 0.5332757503224927 0.18896345028533967 0.528402958026464 0.12436056936545023 0.5189139004745841 0.12507629915763568 0.5237866927706128 0.1896791800775251
1 0.6111415667213775 0.12517759962945393 0.5372450170069796 0.123928063683266 0.5363016763982784 0.1797164676913123 0.6101982261126763 0.18096600363750023
1 0.5027708328125 0.20903652187500002 0.5026790575425362 0.2008428747343119 0.4773790991979575 0.20112625409728394 0.4774708744679213 0.20931990123797206
1 0.5326532824332658 0.23706766476694044 0.5323165208825563 0.21054559951609192 0.5063213777084774 0.21087567052087303 0.5066581392591869 0.23739773577172155
1 0.5495670578125 0.2313770578125 0.548581630071982 0.21006282991909192 0.5395856643316221 0.21047874337547573 0.5405710920721402 0.23179297126888385
1 0.7526406234759939 0.2258945580869655 0.7521441757662106 0.20470028475183635 0.5732991678867766 0.20888949157973674 0.5737956155965598 0.23008376491486593
1 0.9303359407972766 0.14480173814393343 0.9292164511376034 0.10078076093913153 0.33136038410997803 0.11598473248879611 0.3324798737696511 0.160005709693598
1 0.7426776750646162 0.14726800326349312 0.5544163146378389 0.12339139350951253 0.5491251638561232 0.1651108526225445 0.7373865242829005 0.18898746237652506
1 0.7398120272608794 0.20473324647906307 0.7395216008831091 0.18429933882121893 0.5849651399505248 0.18649604411426662 0.585255566328295 0.20692995177211077
1 0.7706119796875 0.22483693437499994 0.7700406197756073 0.18235096842659676 0.7139770314114399 0.18310492296648034 0.7145483913233325 0.22559088891488352
1 0.7666042220746094 0.11900455476857594 0.7565276240581227 0.11897110773536426 0.7564589843749999 0.13965020625000008 0.7665355823914867 0.13968365328321178
1 0.7850668391514881 0.1606813315644583 0.7829143039567572 0.11831170118552639 0.7106069732186476 0.12198518317861484 0.7127595084133784 0.16435481355754675
1 0.804251382725034 0.2246974257312432 0.8004032671576761 0.11851772360052196 0.7903188688433559 0.1188831976917282 0.7941669844107139 0.22506289982244945
1 0.8492084151831394 0.22362229357989954 0.8487477929543793 0.19315017317854727 0.8101497326189013 0.1937336286238321 0.8106103548476614 0.22420574902518436
1 0.9290792951992624 0.14621344249189996 0.9289896426553816 0.13841570924603716 0.820740892168694 0.1396602729605217 0.8208305447125746 0.14745800620638447
1 0.9291758184739207 0.17981298132074297 0.8222035881620832 0.17979765935044995 0.8222009955787424 0.19789810054201573 0.9291732258905799 0.19791342251230876
1 0.929246490363893 0.17356198966748515 0.9291736071173118 0.16615368597963118 0.8220168027792345 0.16720789975413528 0.8220896860258158 0.17461620344198925
1 0.9290944857367348 0.16058045904972412 0.929046875 0.1517536015625 0.8217683048201639 0.15233224597468475 0.8218159155568987 0.16115910346190887
1 0.9296790344089478 0.24850455844156913 0.9285344000759757 0.20035404674593482 0.7770464818684875 0.20395521869830877 0.7781911162014598 0.2521057303939431
2 0.9296704809109368 0.1677035964805814 0.9285249807175928 0.12227906688627617 0.2510324712386008 0.13936384041125394 0.25217797143194487 0.18478837000555917
2 0.9304736342907848 0.1513112425187155 0.9292584640625 0.10123096718749999 0.3174518897789805 0.11607611589367964 0.31866706000726536 0.16615639122489514
1 0.2141927078125001 0.8374485593750001 0.17317708281250008 0.8374485593750001 0.17317708281250008 0.8688271609375 0.2141927078125001 0.8688271609375
2 0.21773214548837236 0.8649516846222769 0.21321016624812206 0.8334744822828805 0.17105162687454384 0.8395309303048826 0.17557360611479417 0.871008132644279
2 0.17625844709410693 0.1615455275485827 0.1746936846152645 0.14966310861308652 0.15973454093329748 0.15163303635896241 0.1612993034121399 0.1635154552944586
1 0.1782370372326755 0.16065651774543316 0.17300369696147336 0.1482515628734476 0.15900254581589962 0.15415829843915232 0.16423588608710177 0.16656325331113786