2 0.8025268015932194 0.28431627026703443 0.7438063509543514 0.2835124002774603 0.7434370793162771 0.31048665889777244 0.8021575299551451 0.3112905288873466
2 0.7638244377577847 0.2686165905635999 0.7353825251525321 0.26787772786875363 0.7181915745347683 0.9296292528572551 0.746633487140021 0.9303681155521014
2 0.8005005575592016 0.43756390710422516 0.7401339943608504 0.4346260493520429 0.7387163682312812 0.4637551715087248 0.7990829314296325 0.4666930292609071
2 0.7962831347023436 0.5899399164521637 0.7359091470804545 0.5877941505425416 0.7348509488467689 0.6175679701262845 0.7952249364686581 0.6197137360359066
2 0.7930100460050229 0.7440700465448569 0.7326017697255851 0.741920063043706 0.7315795346162665 0.7706418931755218 0.7919878108957042 0.7727918766766726
2 0.7866269866127032 0.9291934365386012 0.7864250111143142 0.905058018092042 0.7277257812412842 0.9055492383389547 0.7279277567396731 0.9296846567855139
1 0.7742763868823677 0.31609306744861215 0.7518368831061414 0.3155497918556445 0.7369740912341882 0.9294438792269414 0.7594135950104145 0.9299871548199089
1 0.7879974083334733 0.3135739126548978 0.7779557598041655 0.3133334684392821 0.7632057586638806 0.9293363399509156 0.7732474071931883 0.9295767841665313
1 0.8009724428267034 0.31572883206460445 0.7900986772283314 0.3154952816353357 0.7769239007843823 0.9288935584487295 0.7877976663827544 0.9291271088779982
1 0.8156518079221129 0.3154865532945415 0.8053547064324219 0.3152318925690027 0.7901757569763642 0.9289864584732385 0.8004728584660553 0.9292411191987773
1 0.8282216751296957 0.31661098477093885 0.8178864563467325 0.3163777718473201 0.8040671208052134 0.9288046221287184 0.8144023395881765 0.9290378350523373
1 0.7608158437500002 0.3161523437500001 0.7264943388806183 0.31530872833647844 0.7113942214814323 0.9296393161109942 0.7457157263508141 0.930482931524516
1 0.8556834593749306 0.30153810350064647 0.8327534750637703 0.3009423612777692 0.816438082506289 0.928918155181712 0.8393680668174494 0.9295138974045892
1 0.8813380227433285 0.2522556887372006 0.8470973413531873 0.25142340883267594 0.8306346562288633 0.9287118464168358 0.8648753376190046 0.9295441263213606
2 0.866663461271078 0.29800065307853274 0.8220079752015336 0.29691542224914347 0.8066505525672623 0.9288484211437453 0.8513060386368068 0.9299336519731346
2 0.8836173190187957 0.2507903164144838 0.848737808314987 0.2500020379619361 0.833397365696016 0.9287813840169405 0.8682768763998245 0.9295696624694884
1 0.7021374163354694 0.45884260732978543 0.6547360431013073 0.45778217208144323 0.6442103106695909 0.9282815942184351 0.6916116839037529 0.9293420294667774
2 0.6602559752694488 0.5763828360226178 0.6250860233313882 0.5656696026917004 0.5750547397271877 0.7299148669744421 0.6102246916652482 0.7406281003053594
2 0.6183278572471089 0.5937026323569317 0.6174732161472143 0.5184042650953454 0.5883651759705862 0.5187346431417367 0.5892198170704809 0.5940330104033229
2 0.6106400925833448 0.5029152411903293 0.5889542187500001 0.5023072921875001 0.5886764395956464 0.5122158267303878 0.6103623134289912 0.512823775733217
2 0.6148968872863421 0.3155249166662527 0.579447610976566 0.3147323488633837 0.5754326654756465 0.49430930356123504 0.6108819417854227 0.4951018713641041
2 0.6096846703125001 0.5465410156250001 0.6096044234375001 0.5361132812500001 0.5882168884103214 0.536277869528543 0.5882971352853213 0.546705603903543
2 0.6084691359375001 0.5526080734375002 0.5883446873216299 0.552497054794026 0.58828553107163 0.5632203610440258 0.6084099796875001 0.5633313796875001
2 0.6903943041783457 0.6965102876016308 0.620182153027194 0.6960946340280283 0.6197374379113485 0.7712158573638976 0.6899495890625001 0.7716315109375002
2 0.6958279380221135 0.5228714709261623 0.6388973727198726 0.5214743424808518 0.6332530825552151 0.7514693947485137 0.6901836478574561 0.7528665231938242
2 0.6064423875000001 0.7521171875000001 0.6063307609375002 0.7413587234375001 0.582505468387956 0.7416059274521636 0.5826170949504561 0.7523643915146636
2 0.6050306879198498 0.7581557052667943 0.5822525718750001 0.7578743484375 0.5821236323926503 0.7683130447332057 0.6049017484375 0.7685944015625
2 0.6900119213976657 0.7782519489850592 0.5824257087129586 0.7748627618076227 0.5820960860398376 0.7853262898335133 0.6896822987245447 0.7887154770109498
2 0.6123547404002491 0.7926222111816925 0.5811266394778307 0.7923378145588595 0.5807655546305629 0.83198664702287 0.6119936555529811 0.8322710436457029
2 0.6436395322146456 0.8065876485263889 0.6103838112272904 0.8021835501000535 0.5937293081040486 0.9279431166296327 0.626985029091404 0.9323472150559684
2 0.6531027127817605 0.8061203452648892 0.6451609916343835 0.8059482112569307 0.6424925567549415 0.9290613947807274 0.6504342779023186 0.9292335287886857
2 0.6669560123172154 0.8067730415688367 0.6578713984375001 0.8066464843750001 0.6561660282836033 0.9290625154238388 0.6652506421633185 0.9291890726176752
2 0.6990592677252475 0.568690934863717 0.6623714393294828 0.5683010411243219 0.6605873778542355 0.736175860948105 0.6972752062500002 0.7365657546875002
2 0.6889665640625001 0.80698046875 0.6886710121828038 0.7944616088783569 0.6676104314163257 0.794958818232631 0.6679059832960219 0.8074776781042742
2 0.6593157911058632 0.5677649285329286 0.6508086015835017 0.5675630436526565 0.6470924996657174 0.7241551730701319 0.6555996891880789 0.7243570579504041
2 0.6216440328125 0.484576171875 0.6216100828125001 0.45704231718750005 0.6123891703980858 0.4570536868260785 0.6124231203980858 0.48458754151357847
2 0.6995982849813394 0.46205825734463063 0.6264392395185695 0.4583026698437827 0.6236542429239672 0.5125545525205046 0.6968132883867371 0.5163101400213526
2 0.6959601503044949 0.5398660164840756 0.6745992796875001 0.5391536453125001 0.6742414950080053 0.5498820303909245 0.6956023656250001 0.5505944015625002
2 0.6957537227609061 0.5575747351188505 0.6443708522904925 0.5550842681920438 0.6439473464692516 0.5638219649355982 0.6953302169396651 0.5663124318624048
2 0.6535267453201203 0.21876086794488486 0.6448376203663314 0.21859631279622055 0.6397842117556292 0.4854351155766161 0.648473336709418 0.48559967072528043
2 0.6673235648275543 0.21978374006117987 0.6586228233785983 0.2195880345863984 0.6526318611577834 0.4859362978221949 0.6613326026067392 0.4861320032969763
2 0.6806485291069679 0.2200494005677401 0.6722292522965767 0.21986258326237396 0.6663226164718371 0.486056349033636 0.6747418932822284 0.4862431663390022
2 0.6375517131550036 0.2640572629150583 0.5947345671875002 0.26403125000000005 0.594678997762696 0.3554982835038739 0.6374961437301995 0.35552429641893213
2 0.6155420609707964 0.2981571043333596 0.5946353260024123 0.2972953292178269 0.5942108846344816 0.30759231160801925 0.6151176196028657 0.308454086723552
2 0.6167118300118128 0.24687321384836647 0.5812144709233916 0.24655822444691505 0.5808226835106602 0.2907102448385994 0.6163200425990815 0.29102523424005083
2 0.6409800929624253 0.21847227630661692 0.6199276838799401 0.21742597521397738 0.618550986230015 0.24512622546986057 0.6396033953125001 0.24617252656250016
2 0.7021627213531623 0.31796632940141295 0.672095865152609 0.3174631155364675 0.6719161687994466 0.32819991113505464 0.701983025 0.3287031250000001
2 0.7030916178957038 0.29444114064356297 0.6736718109375 0.29267903593750005 0.6726191209726043 0.31025457242378635 0.7020389279308084 0.31201667712984926
1 0.6829909577195907 0.16485909320307576 0.5559273531912431 0.16013981158763607 0.5273894531678982 0.9285043081611203 0.654453057696246 0.93322358977656
1 0.613468904274167 0.20889164159150106 0.5711077635944022 0.20788457939200738 0.553976923088156 0.9284775527084206 0.5963380637679208 0.9294846149079141
2 0.7025472999227964 0.2854611646122797 0.6807998968750001 0.2843111984375001 0.6803285732186412 0.29322456106119715 0.7020759762664375 0.2943745272359768
2 0.7024283882164577 0.26799561492928575 0.678183431984452 0.2673984478274634 0.6779386859554946 0.2773351250856778 0.7021836421875002 0.27793229218750015
2 0.7027731484375 0.26027799531250007 0.7025344656250001 0.2491803390625001 0.6815976199772833 0.24963063821499687 0.6818363027897834 0.26072829446499685
1 0.6876105813417903 0.3919974776006296 0.6370359706161863 0.39079375594334714 0.6242300682439044 0.9288363537066943 0.6748046789695084 0.9300400753639767
1 0.6892373872439199 0.32396817810089595 0.6600548019240685 0.32352212293367005 0.6594969412426488 0.36001944014527415 0.6886795265625002 0.36046549531250005
1 0.6899879170706179 0.2571136647890627 0.6619790460981088 0.2565522258595959 0.6612550180899909 0.2926722845080332 0.6892638890625 0.2932337234375
1 0.8776066888175464 0.2274942303365947 0.6749891148357035 0.21672660528271948 0.6731824169240929 0.25072377234017307 0.8757999909059357 0.26149139739404825
2 0.5371759471077089 0.15976483066928607 0.4337266832981171 0.15672317057407817 0.43243820123429694 0.20054546391450107 0.5358874650438887 0.20358712400970896
2 0.5335772860733808 0.3041483976426681 0.4303907682219993 0.29781627703580843 0.4277420730596104 0.34097869411937254 0.5309285909109919 0.34731081472623226
2 0.5405222873077704 0.37539086444619574 0.3985892452838361 0.37147833938343194 0.39756619428812806 0.40859113422490145 0.5394992363120623 0.41250365928766525
2 0.5636600109782982 0.41470325560515253 0.37329263255013745 0.4085810029055117 0.3729067981343392 0.42057826761285916 0.5632741765625001 0.42670052031250005
2 0.5641312920295588 0.43359991463473585 0.37271759218750006 0.42572526093749996 0.3723152095329412 0.4355062056777642 0.563728909375 0.4433808593750001
2 0.5636530290067467 0.45093358760813534 0.3727201640625001 0.44279296875000007 0.37230394712696985 0.4525550634167563 0.5632368120712166 0.46069568227489155
2 0.5633796679832073 0.46675151143776644 0.37233281875 0.46022395781250003 0.3719546945167928 0.47129080574973364 0.56300154375 0.47781835937500006
2 0.5629312370819658 0.4838618112829008 0.3716574078125 0.4768385421875001 0.37128709309214913 0.48692380499520904 0.5625609223616149 0.49394707409060973
2 0.562241630198944 0.5013392942187341 0.37104989687500006 0.49317512968750005 0.37059418410570066 0.5038471971019771 0.5617859174296445 0.5120113616332113
2 0.5620268925983989 0.5180521141410812 0.37023243711750486 0.509878552729509 0.3697592857696228 0.520981155445458 0.5615537412505167 0.5291547168570303
2 0.5612266299334177 0.5337565166015377 0.3700102875000001 0.5275722656250001 0.36965505600408227 0.5385559833984626 0.5608713984375 0.5447402343750001
2 0.561443523083138 0.5513628956569566 0.3696655784735686 0.5443893646027046 0.36929062015933256 0.5547010322871294 0.5610685647689019 0.5616745633413814
2 0.560872731651268 0.5687685088851013 0.36942994646994143 0.560817361725992 0.36897503062010345 0.5717705431441396 0.5604178158014301 0.5797216903032489
2 0.560692512347211 0.5850313578858157 0.3688389921875001 0.5776204421875001 0.36839304354467406 0.5891651446803468 0.5602465637043849 0.5965760603786625
2 0.535367402449636 0.5992604145618161 0.5185426224707649 0.598702952037456 0.5150030231236633 0.7055316223533585 0.5318278031025345 0.7060890848777187
2 0.5284585655665095 0.59971536803727 0.512871859208596 0.597137240212858 0.49527007256627353 0.7035531739655211 0.5108567789241871 0.706131301789933
2 0.5104737473197963 0.5982659186785364 0.49593307628010697 0.5968208225138619 0.4852587090572079 0.7042271433797076 0.4997993800968974 0.7056722395443821
2 0.49758600107690604 0.5977206724307308 0.4863210565333239 0.596297804845688 0.47271629964958783 0.7040076391515878 0.48398124419316996 0.7054305067366308
2 0.4827997291671446 0.5977057605617195 0.46633408127462195 0.5968959277840378 0.4610704488438196 0.7039169333913511 0.47753609673634223 0.7047267661690327
2 0.46934085328470865 0.5977262839467187 0.4543591153664245 0.5967253684225391 0.44726139887650873 0.7029642324439076 0.4622431367947929 0.7039651479680872
2 0.4573195887241811 0.5969091153277457 0.4423570467543259 0.5954337467034304 0.4317626807677485 0.7028771632880364 0.4467252227376036 0.7043525319123518
2 0.4453705738139998 0.5958481751425013 0.42971704376940834 0.5936451657211366 0.4145450441026616 0.7014501302922056 0.430198574147253 0.7036531397135704
2 0.4281499841504119 0.5928786510929194 0.39224329611502895 0.5923852200026488 0.39172065832265424 0.6304172624424741 0.42762734635803723 0.6309106935327446
2 0.5223721845515381 0.8074172434449156 0.49959876562500005 0.8064934890624998 0.49461011892633044 0.929479147705013 0.5173835378528685 0.9304029020874287
2 0.49437168435053513 0.8066272657498837 0.4862896093750001 0.8064550781250001 0.4836754210828049 0.9291588194185783 0.49175749605833996 0.9293310070434619
2 0.48028091673186274 0.8059531194364246 0.4722126432543027 0.8057915862237373 0.46974329152997585 0.929130958311379 0.47781156500753597 0.9292924915240663
2 0.46768654665993814 0.8057663740893846 0.4589385730610719 0.8055503315022896 0.4558876836916811 0.9290866213393489 0.4646356572905474 0.9293026639264438
2 0.4543507424603755 0.805022962340322 0.44522148895055286 0.8048135743584168 0.4423710311535486 0.9290926834606464 0.4515002846633712 0.9293020714425518
2 0.4407825135848461 0.8042750893399537 0.4324151234375001 0.8040579421875 0.4291742762055651 0.9289383879640954 0.43754166635291114 0.9291555351165492
2 0.42816822884292893 0.8030382636521131 0.41842078125000015 0.8027480468750001 0.4146684280538855 0.928777515236986 0.42441587564681427 0.929067732014099
1 0.33300499330963834 0.22329906945918312 0.31203018500365853 0.22296406457115497 0.31135140473324785 0.26546280582101434 0.3323262130392276 0.2657978107090425
1 0.38765392782837765 0.22542194306288463 0.33878535423202727 0.22373977354538685 0.33734028936837607 0.2657202385973772 0.3862088629647265 0.267402408114875
1 0.4126018832665407 0.22636933944734222 0.39162059275544425 0.2261893944001041 0.39126407980140365 0.2677582065152619 0.4122453703125001 0.2679381515625
2 0.2504408097638894 0.4903821995230369 0.2503465860595056 0.2247239278665 0.2299829546362925 0.22473115044148492 0.23007717834067626 0.4903894220980217
2 0.2684513133334056 0.49078710418013805 0.2640592206971559 0.2246530977946279 0.24367489835068862 0.2249895066335012 0.24806699098693832 0.4911235130190114
2 0.2803000197997936 0.22532827110261638 0.23198452685526388 0.2239692137673864 0.22382242149120887 0.514138093259709 0.2721379144357386 0.515497150594939
2 0.32022704349096104 0.9296954280212757 0.3199755397165772 0.22562962968379638 0.2698984297981521 0.22564751804335664 0.2701499335725359 0.929713316380836
2 0.3201779525746537 0.2276129800878716 0.2978427734551895 0.22710895662884384 0.2819907070449561 0.9295737652494435 0.3043258861644203 0.9300777887084711
2 0.338299163265678 0.3226159345944926 0.3187722435836652 0.2272598577894572 0.30314102885047756 0.2304608019227957 0.3226679485324904 0.32581687872783105
2 0.358166746623845 0.22967999907668485 0.32362636928066085 0.22894195377800242 0.3086738368117826 0.9287175835845417 0.3432142141549667 0.9294556288832242
2 0.2723452626898821 0.5326780330079712 0.25162535859823143 0.5320380342398614 0.24551353562245143 0.7299077680478121 0.26623343971410207 0.7305477668159219
2 0.2602500400477263 0.5332441062458227 0.2409769040990583 0.5322436268199076 0.2307925181938967 0.7284346218764445 0.25006565414256465 0.7294351013023597
2 0.2466227086157881 0.5146892853619509 0.22882834992238693 0.5137336091611457 0.21727205915957087 0.7289077265301168 0.23506641785297208 0.7298634027309221
2 0.23728045585386193 0.29346816221388744 0.20342535949427534 0.292682736380016 0.18866169097213964 0.929057806925121 0.2225167873317262 0.9298432327589925
2 0.3278769820242885 0.5346337406577708 0.31370736026623053 0.5334667863561593 0.30947485605519476 0.5848595304224424 0.3236444778132527 0.5860264847240538
2 0.2776303435339932 0.7053046188214628 0.24506335245052 0.6970938049558401 0.18827868236997722 0.9223218851993489 0.22084567345345038 0.9305326990649716
2 0.2537792177431066 0.7707155962140079 0.23374529116424428 0.7700071031428432 0.22810934099378327 0.9293738161179256 0.2481432675726456 0.9300823091890903
2 0.26699144039682443 0.7716507785750114 0.2463564857390273 0.7710533041181407 0.24178085834884397 0.9290815890793415 0.26241581300664113 0.9296790635362122
2 0.2950069678714999 0.7327977359001431 0.2867076169057169 0.7325407476556303 0.28061339471711216 0.929351651993205 0.28891274568289516 0.9296086402377177
1 0.49157283688082504 0.25919839925677335 0.46022646111296933 0.2584510964572558 0.44423738002469265 0.9291293600732276 0.4755837557925483 0.9298766628727453
1 0.5319013497491138 0.2738696012787615 0.47475458011437366 0.2722601030996029 0.47396892157650194 0.3001556596505263 0.5311156912112421 0.3017651578296848
1 0.5278988380108351 0.4354018943380867 0.47107686531462856 0.4331446132064845 0.46998208264087643 0.4607033033161514 0.5268040553370831 0.46296058444775356
1 0.5239189079091914 0.6127213664297613 0.46291115138920136 0.6117447823528099 0.462455083789612 0.6402355817924879 0.523462840309602 0.6412121658694392
1 0.5192920653644996 0.7829662672109623 0.4619787438450665 0.7812737705186105 0.46119480212697495 0.807820530665623 0.5185081236464081 0.8095130273579748
1 0.42003973572709336 0.6538492825645595 0.3855937198113833 0.6526476528949783 0.38436064898059213 0.6879949637494357 0.4188066648963022 0.689196593419017
1 0.4016809932840987 0.795463633845129 0.4002189359953598 0.6516826250728222 0.3706806068082891 0.6519829897027123 0.37214266409702806 0.7957639984750191
1 0.39323261294595147 0.7933804099090878 0.38329127470372165 0.6499758261361099 0.35452383896730927 0.6519700916016408 0.3644651772095391 0.7953746753746187
1 0.3763930434413817 0.7923212458482418 0.37231155800214405 0.6515267030801747 0.34364003583154346 0.6523578602966362 0.3477215212707811 0.7931524030647034
1 0.36101636348971755 0.792088978314393 0.35992379160640436 0.6520226000692364 0.33109025801135494 0.6522475127748921 0.3321828298946682 0.7923138910200487
1 0.3480673194818474 0.7920207065450695 0.3452550738664896 0.650471867928957 0.3159299924428914 0.6510544889695801 0.3187422380582491 0.7926033275856927
1 0.33478448511504727 0.7912659779673274 0.3319044294851584 0.650107693011449 0.29950568949486056 0.6507687252246097 0.3023857451247494 0.7919270101804882
1 0.330297524380076 0.7902224912659152 0.2978087916864724 0.6478331946653165 0.27062795304790466 0.654035002118537 0.30311668574150824 0.7964242987191354
1 0.30977139453878144 0.7924203939118275 0.2991529902343747 0.6459366448258392 0.26611800489748266 0.6483313052075268 0.27673640920188947 0.7948150542935151
1 0.4518942121219662 0.6497799289302085 0.44661731804222377 0.4351650606535541 0.40286623414590617 0.43624080082686395 0.4081431282256486 0.6508556691035183
1 0.2794695288560062 0.4665216802423869 0.2473422054502778 0.4657274229849026 0.24292147751590787 0.6445437380993436 0.2750488009216362 0.6453379953568279
1 0.41141486824860357 0.4298938839616465 0.28192438281250004 0.4254557296875 0.2805454412024452 0.4656886299979293 0.4100359266385487 0.47012678427207577
1 0.3140576182033824 0.9135273395196345 0.30380963515137877 0.8867844295191427 0.2602206125825325 0.9034879058622455 0.27046859563453607 0.9302308158627373
1 0.31718402963147396 0.9290028334031593 0.31709759221847583 0.8914707988118604 0.3092245803780409 0.891488930596705 0.30931101779103903 0.9290209651880039
1 0.3308597764405405 0.8928636128029233 0.3229484883237257 0.8928456588370525 0.32286639960137753 0.9290174739284517 0.3307776877181924 0.9290354278943225
1 0.34513445239475765 0.8934584716693278 0.33623508281250014 0.893189453125 0.3351594880868784 0.9287710707712904 0.3440588576691359 0.9290400893156182
1 0.3580259007947545 0.8931930898440189 0.34971601140972697 0.8929933599006418 0.3488587618427376 0.9286597650304426 0.35716865122776514 0.9288594949738197
1 0.37111985625000016 0.8936562500000003 0.3628168534589641 0.8935333224446239 0.36229442596143024 0.9288200973004239 0.3705974287524663 0.9289430248558002
1 0.38450586806517817 0.894714852056428 0.3764918955969726 0.8945469830434482 0.37577186609343416 0.9289207874473668 0.3837858385616398 0.9290886564603467
1 0.39807047343750007 0.8950598953125002 0.39016550489034907 0.8949602789905728 0.3897350977839309 0.9291148690505237 0.3976400663310819 0.929214485372451
1 0.3357477875780194 0.38420193777875494 0.24684649359810665 0.3036537285499585 0.211561639431134 0.342597725236789 0.3004629334110468 0.4231459344655854
1 0.41043975942455135 0.3685345670199359 0.3219010999331221 0.3645683725766077 0.3199835018663776 0.40737554320298053 0.4085221613578067 0.41134173764630877
1 0.2368005283143531 0.2874225040787789 0.19239443498469466 0.28655431584413577 0.1869271172843702 0.5661966910524435 0.23133321061402862 0.5670648792870866
1 0.2372769947494587 0.24071206398742007 0.19435628755650097 0.2405281021047984 0.19418783186954222 0.27983101155487844 0.23710853906249998 0.28001497343750004
1 0.1621420414328492 0.2760240150672112 0.16180529623545398 0.2392179120872974 0.11833408759448069 0.23961563745210449 0.11867083279187589 0.2764217404320183
1 0.15218847285408893 0.2844868688939516 0.11766609606560981 0.28334635536907526 0.11623173883652091 0.3267631317876237 0.15075411562500005 0.3279036453125
1 0.17554146865041492 0.2394350200957064 0.16747273593750006 0.23924739531249997 0.16135974954235943 0.5021340590951126 0.1694284822552743 0.502321683878319
1 0.1607904555377621 0.30107722444182616 0.13026234531250003 0.3002506515625 0.12451783454508718 0.5124147114827362 0.15504594477034928 0.5132412843620623
1 0.23665107353294604 0.32116684829938674 0.20668798731989702 0.31993005381072614 0.20441977594905975 0.3748806648272883 0.23438286216210877 0.3761174593159489
1 0.2373054334961316 0.30298968723688857 0.21517386875000005 0.3029492187499999 0.2151544430663685 0.31357281276311133 0.23728600781250003 0.31361328125
1 0.1896549062728008 0.23940877476729291 0.18134676359435598 0.2391962574836354 0.17461346244007797 0.5024276790598518 0.1829216051185228 0.5026401963435092
1 0.1896372640105714 0.5237816413389942 0.12504166718750007 0.519373046875 0.12441508283705467 0.5285538845337097 0.189010679660126 0.5329624789977039
1 0.18062463654454197 0.6102143127574423 0.17974713185524638 0.5365784199000958 0.1239697833474881 0.5372431077713606 0.12484728803678369 0.6108790006287071
1 0.2094516333545581 0.4775138913575752 0.201254977099483 0.47737917488323306 0.20083986561992498 0.5026361163381579 0.20903652187500005 0.5027708328125
1 0.23784614744628474 0.507196016973839 0.21099691406250004 0.5063229171875 0.2101661124238441 0.5318714139812522 0.23701534580762879 0.532744513767591
1 0.2314183241770884 0.5405346484205007 0.21016838501425159 0.5404375638333306 0.2101271186496633 0.54946997322533 0.23137705781250012 0.5495670578125
1 0.230083764914866 0.5737956155965598 0.20888949157973688 0.5732991678867766 0.20470028475183644 0.7521441757662106 0.22589455808696557 0.7526406234759938
1 0.16000570969359812 0.33247987376965116 0.11598473248879626 0.33136038410997803 0.10078076093913164 0.9292164511376036 0.1448017381439335 0.9303359407972767
1 0.18792481332866176 0.7376226199967276 0.1651871502800666 0.5493631254018417 0.12343870645851948 0.5544054317697636 0.14617636950711463 0.7426649263646495
1 0.20692995177211088 0.5852555663282951 0.1864960441142667 0.5849651399505248 0.18429933882121896 0.7395216008831091 0.20473324647906307 0.7398120272608795
1 0.224836934375 0.7706119796875 0.2240680151839749 0.7134356292173594 0.18243853438708701 0.713995470942722 0.18320745357811208 0.7711718214128624
1 0.1396836532832117 0.7665355823914867 0.13965020625 0.7564589843749999 0.11897110773536416 0.7565276240581227 0.11900455476857585 0.7666042220746094
1 0.16435481355754686 0.7127595084133785 0.12198518317861495 0.7106069732186477 0.1183117011855265 0.7829143039567572 0.1606813315644584 0.7850668391514881
1 0.22506129970976962 0.7941668563533021 0.11888255800368897 0.7903364740870026 0.118518886676905 0.8004174950368539 0.22469762838298563 0.8042478773031533
1 0.22425421613740043 0.8107125930967369 0.19380712495833513 0.8101011627092053 0.1930318302893945 0.8487081210109915 0.22347892146845982 0.8493195513985231
1 0.14745800620638458 0.8208305447125746 0.1396602729605218 0.820740892168694 0.13841570924603727 0.9289896426553816 0.14621344249190005 0.9290792951992624
1 0.19791342251230865 0.9291732258905799 0.19789810054201562 0.8222009955787424 0.17979765935044983 0.8222035881620832 0.17981298132074286 0.9291758184739207
1 0.17459420838243575 0.9291578657609907 0.17428396798967755 0.8220841112484996 0.16652772210724182 0.8221065845500088 0.16683796250000002 0.9291803390625001
1 0.16129055422883976 0.8218597484306575 0.15280092656250013 0.8217708328125 0.15167738557776572 0.9290460767563478 0.16016701324410534 0.9291349923745053
1 0.25210573039394324 0.7781911162014598 0.2039552186983089 0.7770464818684875 0.20035404674593488 0.9285344000759759 0.2485045584415692 0.9296790344089481
2 0.1847883700055593 0.25217797143194487 0.1393638404112541 0.2510324712386008 0.12227906688627613 0.9285249807175926 0.16770359648058134 0.9296704809109368
2 0.16615639122489534 0.3186670600072654 0.11607611589367992 0.31745188977898053 0.1012309671875001 0.9292584640625 0.15131124251871553 0.930473634290785
1 0.8688271609375 0.17317708281250008 0.8374485593750001 0.17317708281250008 0.8374485593750001 0.2141927078125001 0.8688271609375 0.2141927078125001
2 0.8710081326442788 0.17557360611479425 0.8395309303048826 0.17105162687454398 0.8334744822828805 0.2132101662481222 0.8649516846222767 0.21773214548837244
2 0.16422835355764226 0.16213757746848087 0.1521768329845186 0.15959546068172 0.1491528170436136 0.1739315409574444 0.16120433761673728 0.17647365774420526
1 0.16510376721610776 0.16286476976959782 0.15226559715541632 0.16015671984647536 0.1490881900352488 0.17521999198649868 0.16192636009594025 0.17792804190962114