1 0.48946810625000003 0.20524479218749997 0.18240677666099256 0.2036424159399226 0.18176800468750004 0.3260494796875001 0.4888293342765075 0.32765185593507745
1 0.4868450604207914 0.2441658710585822 0.36862078589484326 0.24366520975656675 0.3683088729375913 0.3173191609165909 0.4865331474635394 0.31781982221860633
1 0.48611985625000004 0.277150390625 0.4085979137860215 0.2771024774902985 0.4085745890624999 0.3148411453125 0.4860965315264784 0.3148890584472016
1 0.4863371165436175 0.32175320952753944 0.48630967031249994 0.3113828125 0.43635647611481837 0.3115150183267748 0.4363839223459359 0.32188541535431425
1 0.4860729411405029 0.5106150684708329 0.4355097909226158 0.5094783956554576 0.4348601149287724 0.5383782377430963 0.4854232651466595 0.5395149105584718
1 0.4033586750758575 0.5881413565865339 0.3896482001347028 0.5106728167555249 0.3727123864556245 0.5136701373396174 0.3864228613967792 0.5911386771706264
1 0.5760906190500844 0.18122732388651658 0.5130759937313076 0.1808386407142514 0.5091163395096023 0.8227911227796401 0.5721309648283791 0.8231798059519052
1 0.48522810878893763 0.8780830928387315 0.4346995890625001 0.8774811203124999 0.4345144962853853 0.8930174839040609 0.4850430160118228 0.8936194564302925
1 0.48603306138002705 0.8818441202493725 0.4075752966782196 0.8795127734976097 0.4061913955284611 0.9260857642791052 0.48464916023026855 0.928417111030868
1 0.3891203703125001 0.8808242187499999 0.3800349796875001 0.8808242187499999 0.3800349796875001 0.9293170578125001 0.3891203703125001 0.9293170578125001
1 0.36977224154708477 0.7567198970122793 0.3328449004568522 0.7464324999559062 0.30053469274435274 0.8624122812706154 0.3374620338345853 0.8726996783269886
1 0.3916669692228309 0.6854901761884997 0.38789550296760555 0.603065490216206 0.3693657500187295 0.6039133471068935 0.3731372162739549 0.6863380330791871
1 0.9338458488392511 0.18424248054080472 0.8566946586672121 0.1631123502140522 0.8481938105808544 0.1941509920582926 0.9253450007528935 0.2152811223850451
2 0.186984053125 0.6645481765625 0.18105980061620924 0.3641934729888866 0.12893911016510476 0.36522151126327035 0.13486336267389548 0.6655762148368838
2 0.2541342742164967 0.4268198822417224 0.21640847571410488 0.38818478323955935 0.13069673818365773 0.4718792430151771 0.16842253668604956 0.5105143420173401
2 0.2924948885721154 0.4760037869097064 0.27817821687191896 0.4759562403783467 0.27791279404592173 0.5558773482461549 0.29222946574611824 0.5559248947775146
2 0.2876959034993588 0.353903637221768 0.28557653088055246 0.33062327622834403 0.2042006721714567 0.3380314846675787 0.20632004479026303 0.3613118456610026
2 0.4938801174948232 0.40803136302149656 0.2921248843552496 0.38910401583131177 0.28850688886641945 0.4276698811906884 0.4902621220059931 0.4465972283808732
2 0.5791183125000001 0.37296549531250006 0.514297356755333 0.3175350058724551 0.5037748541106591 0.329840123239158 0.5685958098553263 0.38527061267920304
2 0.7024977090410636 0.17961710572269235 0.6014977296932453 0.1445733487846538 0.5853016542132236 0.19125222776130574 0.6863016335610417 0.22629598469934428
2 0.9320275878678345 0.31494500954507926 0.7987196499999999 0.16099804687500002 0.7877522480696655 0.17049509514242098 0.9210601859375 0.3244420578125002
2 0.9293765437499999 0.3521308593750001 0.8613292187500001 0.3521308593750001 0.8613292187500001 0.3700208328125001 0.9293765437499999 0.3700208328125001
2 0.6175172679337463 0.2741881855781275 0.5937259380113183 0.2741770955547474 0.5936857 0.3604993484375001 0.6174770299224279 0.36051043846088027
2 0.6257921812500002 0.6637701828125001 0.5927842284080345 0.663687249351055 0.5927412546875 0.680791015625 0.6257492075294657 0.680873949086445
2 0.6356195191166233 0.4389051731252839 0.6162044360897493 0.4000541606911631 0.5883136622513501 0.41399206490085405 0.6077287452782241 0.4528430773349748
1 0.6408343625 0.45918359375000006 0.6265492737776223 0.4591073033039663 0.6254520519026222 0.6645578236164663 0.6397371406250001 0.6646341140625001
2 0.49037883064336435 0.1707227723975303 0.29592932792855653 0.1512750652278055 0.29248204863311955 0.18574297133451023 0.4869315513479274 0.205190678504235
2 0.5801152265625 0.2369824218749999 0.517324369115957 0.18284452876842672 0.506860109772874 0.19498131095538263 0.569650967219417 0.2491192040619558
2 0.3608815670108744 0.5889535638186052 0.2779355341097997 0.5886606803550868 0.2778791156250001 0.6046386718750001 0.36082514852607483 0.6049315553385185
2 0.49293660809491674 0.6638661203844112 0.3009686449514818 0.6311680955037524 0.29421303942585525 0.670829813215704 0.4861810025692902 0.7035278380963629
2 0.48964519812106333 0.6959777276280688 0.18553258730331917 0.673119951431697 0.18326480637725096 0.7032917744587664 0.4873774171949951 0.7261495506551382
2 0.28632133989190145 0.7155168627814954 0.21114992451401698 0.7153512082004883 0.21110969641213892 0.7336060813090607 0.2862811117900234 0.7337717358900677
2 0.25544845487803386 0.7805404232342814 0.23636256521707696 0.7804179212727024 0.23593521509601761 0.8469993633329611 0.2550211047569745 0.8471218652945401
2 0.49122546073181617 0.8491045407431164 0.29504173832338426 0.8095526112015682 0.28649861869641974 0.8519278133427891 0.4826823411048517 0.8914797428843373
2 0.19360288125 0.928783203125 0.1935241765625 0.8823027343749998 0.1793966451941642 0.8823266563140721 0.1794753498816642 0.9288071250640723
2 0.17516333704940276 0.8492205951260681 0.15372981275677325 0.846742102345382 0.1443301485786187 0.9280285729274231 0.1657636728712482 0.9305070657081093
1 0.6774084665214796 0.7039071116666499 0.6036401520728856 0.6970195118395911 0.5912239404423938 0.8300009606485202 0.6649922548909878 0.8368885604755791
2 0.49776981873133785 0.6338263346560019 0.40929502506332743 0.598192917337645 0.39524778637556784 0.6330710356332082 0.48372258004357827 0.6687044529515651
2 0.4949733432039246 0.5764050995480401 0.4796120528319833 0.5494473005351126 0.4351755869480639 0.574768412812061 0.45053687732000525 0.6017262118249886
2 0.816515946875 0.9279570312499998 0.7939511312499999 0.8560703125 0.7804247894052991 0.8603161511627417 0.8029896050302991 0.9322028699127417
2 0.907656378125 0.9287024734375002 0.8626455765625 0.853953125 0.8489531768252363 0.8621980916836056 0.8939639783877361 0.9369474401211058
2 0.5659504314200854 0.7108910932067839 0.564751028125 0.597287109375 0.5506749429519673 0.5974357212666696 0.5518743462470528 0.7110397050984535
2 0.850056926967026 0.5961053228905109 0.5953012481217638 0.5945336130312499 0.5946565662871951 0.6990289544818505 0.8494122451324573 0.7006006643411116
2 0.9297027615025296 0.5612830825436033 0.594569380760009 0.5606449397741519 0.5942889442574796 0.7079217525430487 0.9294223250000002 0.7085598953125001
2 0.7459104519659581 0.9283544872770992 0.729588728855594 0.4097380548816488 0.5014536669482859 0.4169178453387657 0.5177753900586499 0.9355342777342159
2 0.9300477162511152 0.5280422395790363 0.5948847305273769 0.5259935061471503 0.5942171580262618 0.635205172818114 0.9293801437500001 0.63725390625
2 0.840972221875 0.4974016921875002 0.7953703703125 0.4974016921875002 0.7953703703125 0.5145097656250002 0.840972221875 0.5145097656250002
2 0.9291867281249999 0.5751946609375002 0.8670382607014613 0.4951944025143674 0.8552551055190124 0.5043481858950368 0.917403572942551 0.5843484443181696
0 0.3040123453125 0.13020833281250005 0.2824074078125 0.13020833281250005 0.2824074078125 0.16015625000000006 0.3040123453125 0.16015625000000006
0 0.5188678403113434 0.1705155849732769 0.4875474182098561 0.16787292535937168 0.48546022727354315 0.192610012492253 0.5167806493750304 0.19525267210615826
0 0.516975309375 0.20312500000000008 0.4871399171875 0.20312500000000008 0.4871399171875 0.22526041718750006 0.516975309375 0.22526041718750006
0 0.5159465015625 0.23697916718750006 0.4861111109375 0.23697916718750006 0.4861111109375 0.26041666718750006 0.5159465015625 0.26041666718750006
0 0.5159465015625 0.2714843750000001 0.4861111109375 0.2714843750000001 0.4861111109375 0.2942708328125001 0.5159465015625 0.2942708328125001
0 0.517086630206825 0.30628814604580834 0.4867608040170753 0.30505004722150914 0.485832059558173 0.3277985891654902 0.5161578857479227 0.3290366879897894
0 0.517188148905861 0.36083273618814965 0.5152027721256744 0.33730233580713265 0.4851419357454481 0.33983871791605924 0.4871273125256346 0.3633691182970762
0 0.5159465015625 0.3730468750000001 0.48559670781250003 0.3730468750000001 0.48559670781250003 0.3958333328125001 0.5159465015625 0.3958333328125001
0 0.516975309375 0.4075520828125 0.48559670781250003 0.4075520828125 0.48559670781250003 0.431640625 0.516975309375 0.431640625
0 0.5161126086183294 0.48919109010196093 0.48590229540687907 0.4879577043137894 0.48494102123120675 0.511502968259298 0.5151513344426571 0.5127363540474695
0 0.5162710771040572 0.5453159397646296 0.5153206493646619 0.5212853342543503 0.48481316410734954 0.5224919272482444 0.4857635918467447 0.5465225327585237
0 0.5154320984375 0.5572916671875 0.4850823046875 0.5572916671875 0.4850823046875 0.5794270828125 0.5154320984375 0.5794270828125
0 0.5149176953125 0.58984375 0.4850823046875 0.58984375 0.4850823046875 0.61328125 0.5149176953125 0.61328125
0 0.5155780955419048 0.6252295700544133 0.48584014003494663 0.6240534096930856 0.48490899173600355 0.6475964975192178 0.5146469472429617 0.6487726578805454
0 0.5154320984375 0.6588541671875 0.4850823046875 0.6588541671875 0.4850823046875 0.681640625 0.5154320984375 0.681640625
0 0.5158183657181294 0.7152309882098324 0.5147886457822107 0.6916363803291903 0.4848368538575075 0.6929435415847354 0.48586657379342624 0.7165381494653775
0 0.5171234987395431 0.7490473461313336 0.5162017601226008 0.7250138833452058 0.4848443147927101 0.7262165135507 0.48576605340965245 0.7502499763368278
0 0.5154223982557353 0.8115801610289463 0.4850952879274841 0.8093223503287907 0.48334300444654754 0.8328591749390544 0.5136701147747988 0.8351169856392098
0 0.5144032921875001 0.8430989578125001 0.4845679015625001 0.8430989578125001 0.4845679015625001 0.8678385421874999 0.5144032921875001 0.8678385421874999
0 0.30515333712176634 0.36269116157625275 0.30498704335679394 0.3356455960272108 0.2823327851238339 0.33578488917260213 0.2824990788888063 0.3628304547216441
0 0.30527180903164225 0.40098407935629793 0.29174692314379563 0.3716398977592005 0.26692693255549976 0.3830795604852971 0.2804518184433463 0.41242374208239463
0 0.27273405459999067 0.4121579980693574 0.24773620436885854 0.4101806323288616 0.24523487457553322 0.4418024341390508 0.2702327248066654 0.4437797998795466
0 0.29959809878734556 0.4755489368377545 0.2976401597343867 0.44333470840500205 0.272448319828824 0.44486583578463046 0.27440625888178294 0.4770800642173829
0 0.21692766800539007 0.4749903906948614 0.19223254687038635 0.46523428824292645 0.18033056539802975 0.4953611627457792 0.20502568653303346 0.505117265197714
0 0.1871195545735318 0.5036438520248602 0.16215772563097658 0.5012136723684416 0.15894589874483148 0.5342042675753841 0.1839077276873867 0.5366344472318026
0 0.21228863678361382 0.5683323121447942 0.21031933784422585 0.5359311839901397 0.1852851932644302 0.537452727133149 0.18725449220381818 0.5698538552878034
0 0.2849847811698393 0.5917900924451228 0.26313294691067124 0.5745244468640325 0.24405798356423195 0.5986661990845582 0.26590981782339995 0.6159318446656485
0 0.3045267484375001 0.5442708328125 0.27983539062500007 0.5442708328125 0.27983539062500007 0.5774739578125 0.3045267484375001 0.5774739578125
0 0.3072786589652526 0.6428246183463767 0.30170970408684783 0.6120234695161595 0.27666010918345935 0.6165525234325651 0.28222906406186404 0.6473536722627824
0 0.21141975312500008 0.638671875 0.1867283953125001 0.638671875 0.1867283953125001 0.6705729171875 0.21141975312500008 0.6705729171875
0 0.19129234812209242 0.6805657049880184 0.16727377100598254 0.6684063086217792 0.1532641855669162 0.6960795826970632 0.1772827626830261 0.7082389790633021
0 0.21728903604122357 0.7323045438767616 0.20569312722501665 0.7029523901462875 0.18099800437487543 0.7127084848916608 0.19259391319108238 0.7420606386221349
0 0.2780595726683513 0.7763983136176029 0.2596582506706345 0.7531091403394792 0.23717303012133145 0.7708752404314073 0.2555743521190482 0.7941644137095311
0 0.29732510312500005 0.7233072921875 0.2726337453125001 0.7233072921875 0.2726337453125001 0.755859375 0.29732510312500005 0.755859375
0 0.3022974644134502 0.8178162923913685 0.2913647793597131 0.788413351400596 0.26669505566475493 0.7975861181522055 0.277627740718492 0.826989059142978
0 0.25607576774876595 0.8695827178271053 0.25320841054010956 0.84417971389749 0.2323106422479293 0.8465385438501775 0.23517799945658568 0.8719415477797927
0 0.30246913593750013 0.8444010421874999 0.2793209875000001 0.8444010421874999 0.2793209875000001 0.873046875 0.30246913593750013 0.873046875
0 0.20081839303396087 0.8790187984327765 0.19500610566543666 0.8569502626581368 0.17560433148464802 0.8620601932919374 0.18141661885317226 0.8841287290665771
0 0.18518518593750008 0.8326822921874999 0.1646090531250001 0.8326822921874999 0.1646090531250001 0.8587239578125001 0.18518518593750008 0.8587239578125001
0 0.21385520843507683 0.834947957194413 0.19476174222170733 0.8294620663270228 0.1873401332575173 0.8552927369385979 0.2064335994708868 0.860778627805988
0 0.2000622028292674 0.34854648253167125 0.19768214740548187 0.32444840871435776 0.1790878091480042 0.32628488560279756 0.1814678645717897 0.35038295942011105
0 0.1869339583811486 0.3513035932882088 0.16797265368875652 0.3488066296367469 0.16478100993132666 0.37304315775711644 0.18374231462371876 0.3755401214085784
0 0.2178268985021564 0.3563239271986679 0.19963961405557273 0.3460935777792745 0.18724470613043837 0.36812896551454505 0.20543199057702202 0.37835931493393843
0 0.5977657393652306 0.3959449554282367 0.5964317921237573 0.3717033671680853 0.5662093367764599 0.3733664249062348 0.5675432840179332 0.3976080131663863
0 0.5979768588398965 0.34036739789661186 0.5677752668090406 0.33790134139265793 0.5658384221609805 0.36162171916748637 0.5960400141918363 0.36408777567144035
0 0.5982526475522026 0.3272568816412335 0.5973550856203651 0.3038538052104539 0.567074800030666 0.30501512396745023 0.5679723619625036 0.32841820039822983
0 0.597222221875 0.2714843750000001 0.566872428125 0.2714843750000001 0.566872428125 0.2949218750000001 0.597222221875 0.2949218750000001
0 0.597229971209573 0.23916362353248827 0.5684713221847801 0.23798950432538427 0.567595646783221 0.25943812843502523 0.5963542958080138 0.26061224764212926
0 0.5974257634742414 0.4288058831538598 0.5966283909004491 0.4067551032038092 0.5666003675725959 0.4078409388205568 0.5673977401463883 0.4298917187706074
0 0.597222221875 0.20377604218750006 0.5684156375 0.20377604218750006 0.5684156375 0.22460937500000008 0.597222221875 0.22460937500000008
0 0.5972764888177372 0.19035647425416788 0.5956577348167233 0.16925273630329543 0.5673671659583956 0.1714227533702711 0.5689859199594095 0.19252649132114358
0 0.7968107 0.13997395781250008 0.7716049375 0.13997395781250008 0.7716049375 0.17187500000000008 0.7968107 0.17187500000000008
0 0.7079102651219948 0.24080994503567182 0.6915952432524193 0.20777203838678213 0.6659033092588375 0.2204594180513489 0.682218331128413 0.25349732470023856
0 0.8656397080068287 0.16943596235302244 0.8593491571454855 0.13918235539856952 0.8362779525584543 0.1439794887157857 0.8425685034197972 0.17423309567023862
0 0.8662954661831597 0.3471969521355246 0.8394107684413254 0.34483670508987835 0.8367410527864585 0.3752464448542563 0.8636257505282927 0.37760669189990254
0 0.7966897817243658 0.37615029674552647 0.7939946918600216 0.3437460895228327 0.7706829139519678 0.34568495307619995 0.7733780038163119 0.3780891602988937
0 0.6409465015625 0.4407552078125 0.6244855968749999 0.4407552078125 0.6244855968749999 0.4602864578125 0.6409465015625 0.4602864578125
0 0.7070943789654571 0.5053443033897183 0.6874601628555901 0.48256554487541925 0.665888729254215 0.5011591038203974 0.6855229453640821 0.5239378623346964
0 0.7977573474970011 0.5202365885333005 0.7956210327796576 0.487791298218922 0.76954239180072 0.4895084098240826 0.7716787065180636 0.5219537001384611
0 0.8647119343749999 0.49088541718750023 0.8374485593750001 0.49088541718750023 0.8374485593750001 0.5195312500000002 0.8647119343749999 0.5195312500000002
0 0.6980452671874999 0.69140625 0.67283950625 0.69140625 0.67283950625 0.72265625 0.6980452671874999 0.72265625
0 0.7958670451251909 0.6975502502968878 0.7749384644687585 0.6926866714899438 0.76823005354025 0.7215537927532678 0.7891586341966824 0.7264173715602118
0 0.8650073573386079 0.7247952298097546 0.861504374732748 0.6915817856531578 0.8362697435360772 0.694243252308963 0.8397727261419373 0.7274566964655598
0 0.6404320984375 0.6608072921875 0.6229423875 0.6608072921875 0.6229423875 0.681640625 0.6404320984375 0.681640625
0 0.5956790125000002 0.7265625 0.5653292187500002 0.7265625 0.5653292187500002 0.7486979171875 0.5956790125000002 0.7486979171875
0 0.5964372868225838 0.6939007847231357 0.565136741760389 0.6912598022337855 0.563205908331351 0.7141437626526485 0.5945064533935458 0.7167847451419986
0 0.596308097132787 0.6789568398078044 0.5935750802799761 0.6573626330345957 0.5649179560752067 0.6609895503938339 0.5676509729280175 0.6825837571670426
0 0.5969389530153928 0.6459990047144467 0.5943095078756788 0.6224530281796061 0.5644825653415964 0.6257838863821836 0.5671120104813102 0.6493298629170242
0 0.5959185134446218 0.6130155934572317 0.5950020634940594 0.5891200276456839 0.5644574514883496 0.5902914838222543 0.565373901438912 0.614187049633802
0 0.5960848912368817 0.5591788688226649 0.5669314435065963 0.5566194448880328 0.565040052893406 0.5781635730932438 0.5941935006236914 0.5807229970278758
0 0.5962987733100384 0.5438800231096463 0.5945748441140599 0.520724053660263 0.5649334553817958 0.5229308131551137 0.5666573845777744 0.5460867826044971
0 0.5973089255992552 0.5106782868358705 0.5956020086018429 0.48775082879072873 0.5610377490959771 0.4903240892863917 0.5627446660933895 0.5132515473315336
0 0.5956348088623385 0.8321161274476081 0.5938307784177058 0.809309610905523 0.56372088075705 0.8116913500003278 0.5655249112016827 0.834497866542413
0 0.5968655872532874 0.8648700887902254 0.5926174979459807 0.8405353455087997 0.5628923977417898 0.8457244234816267 0.5671404870490966 0.8700591667630523
0 0.5951646093750002 0.87890625 0.5653292187500002 0.87890625 0.5653292187500002 0.9016927078125001 0.5951646093750002 0.9016927078125001
0 0.5956790125000001 0.9270833328125001 0.5953205862346602 0.9109408888242566 0.5644715968447576 0.9116258587126195 0.5648300231100974 0.927768302700863
0 0.5138888890625002 0.9127604171874999 0.4845679015625001 0.9127604171874999 0.4845679015625001 0.9283854171874999 0.5138888890625002 0.9283854171874999
0 0.5138888890625002 0.87890625 0.4845679015625001 0.87890625 0.4845679015625001 0.900390625 0.5138888890625002 0.900390625
0 0.7947530859375002 0.8307291671874999 0.7700617281250002 0.8307291671874999 0.7700617281250002 0.86328125 0.7947530859375002 0.86328125
0 0.8621399171874999 0.8313802078125001 0.8379629625 0.8313802078125001 0.8379629625 0.86328125 0.8621399171874999 0.86328125
1 0.4431635796875 0.3220540359375001 0.4365689296875 0.3220540359375001 0.4365689296875 0.3853548171875001 0.4431635796875 0.3853548171875001
1 0.43009259218749996 0.3164453125000001 0.4237757203125 0.3164453125000001 0.4237757203125 0.3837890625000001 0.43009259218749996 0.3837890625000001
1 0.41786522656249997 0.3158203125000001 0.4087602875 0.3158203125000001 0.4087602875 0.3840104171875001 0.41786522656249997 0.3840104171875001
1 0.402713478125 0.31582682343750007 0.39473508281249997 0.31582682343750007 0.3947350828125 0.3838085937500001 0.402713478125 0.3838085937500001
1 0.3894032921875 0.3158203125000001 0.3824279828125 0.3158203125000001 0.3824279828125 0.3846223953125001 0.3894032921875001 0.3846223953125001
1 0.37682613125000003 0.3164420578125001 0.3688940328125 0.3164420578125001 0.36889403281250005 0.3844694015625001 0.3768261312500001 0.3844694015625001
1 0.36292181093750003 0.3164453125000001 0.355853909375 0.3164453125 0.35585390937500005 0.38412760468750007 0.3629218109375001 0.38412760468750007
1 0.443112140625 0.442998046875 0.4361059671875 0.442998046875 0.4361059671875 0.5094889328125001 0.443112140625 0.5094889328125001
1 0.43023148125 0.4423697921875 0.42284465000000004 0.4423697921875 0.42284465000000004 0.5100260421875 0.43023148125 0.5100260421875
1 0.41629372499999995 0.44271484375 0.4088297328125 0.44271484375 0.4088297328125 0.51029296875 0.41629372499999995 0.51029296875
1 0.40277263437500005 0.44235677031250004 0.39612654375000006 0.44235677031250004 0.39612654375000006 0.5089583328125 0.40277263437500005 0.5089583328125
1 0.38988683125000007 0.44217773437499996 0.3821810703125001 0.44217773437499996 0.3821810703125001 0.512431640625 0.38988683125000007 0.512431640625
1 0.37594907343750006 0.44203125 0.3689068937500001 0.44203125 0.3689068937500001 0.5100260421875 0.37594907343750006 0.5100260421875
1 0.36201131718750007 0.44211588593749995 0.3550051437500001 0.44211588593749995 0.3550051437500001 0.5092252609375 0.36201131718750007 0.5092252609375
1 0.3621656375000001 0.6862337234375 0.3541306578125001 0.6862337234375 0.3541306578125001 0.7542740890624999 0.3621656375000001 0.7542740890624999
1 0.3742335390625001 0.685166015625 0.36718621406250007 0.685166015625 0.36718621406250007 0.753935546875 0.3742335390625001 0.753935546875
1 0.3890174890625001 0.685166015625 0.38036522656250005 0.685166015625 0.38036522656250005 0.754599609375 0.3890174890625001 0.754599609375
1 0.40179012343750004 0.686357421875 0.39543209843750005 0.686357421875 0.39543209843750005 0.7551009109375 0.40179012343750015 0.7551009109375
1 0.4156918718750001 0.68595703125 0.408299896875 0.68595703125 0.4082998968750001 0.7542513015625001 0.4156918718750002 0.7542513015625001
1 0.42904320937500007 0.6867545578125 0.42148148125 0.6867545578125 0.4214814812500001 0.7543391921875 0.4290432093750002 0.7543391921875
1 0.4426800406250001 0.6859602859375 0.43497427968749997 0.6859602859375 0.4349742796875001 0.754560546875 0.44268004062500016 0.754560546875
1 0.3610313781250001 0.8104524734374999 0.3555735593750001 0.8104524734374999 0.3555735593750001 0.8793912765625 0.3610313781250001 0.8793912765625
1 0.3748122421875001 0.81037109375 0.3684387859375001 0.81037109375 0.3684387859375001 0.87939453125 0.3748122421875001 0.87939453125
1 0.3894393000000001 0.8101236984375 0.3797376546875001 0.8101236984375 0.3797376546875001 0.8801888015625 0.3894393000000001 0.8801888015625
1 0.4016409468750002 0.8128678390624999 0.3944290125000001 0.8128678390624999 0.3944290125000001 0.8805826828125 0.4016409468750002 0.8805826828125
1 0.41515432031250016 0.8127311203125 0.4079835390625002 0.8127311203125 0.4079835390625002 0.8801855468750001 0.41515432031250016 0.8801855468750001
1 0.42870627500000014 0.8110774734374999 0.4214789093750002 0.8110774734374999 0.4214789093750002 0.8807194015625001 0.42870627500000014 0.8807194015625001
1 0.44149434218750017 0.8106803390625 0.4343492796875002 0.8106803390625 0.4343492796875002 0.8780696609374999 0.44149434218750017 0.8780696609374999
0 0.9301610078125 0.14129817656250013 0.9198150927876642 0.1412403996230201 0.9196008827296793 0.17959824753466927 0.9299467977545153 0.17965602447414927
0 0.9302744366665918 0.34107041233975766 0.9293746488950315 0.31373934989601476 0.9221808005984291 0.3139761843308658 0.9230805883699894 0.3413072467746087
0 0.9300411515624999 0.3841145828125001 0.924382715625 0.3841145828125001 0.924382715625 0.40950520781250016 0.9300411515624999 0.40950520781250016
0 0.9303167002361621 0.5461302108701723 0.9293532386197612 0.516865054760815 0.9220737493248461 0.5171047086514844 0.9230372109412469 0.5463698647608417
0 0.9311314531941504 0.6063974545214595 0.9279835390625001 0.5755208328125001 0.9183761116135836 0.576500323280088 0.9215240257452338 0.6073769449890476
0 0.9305555562500001 0.7460937500000002 0.9207818937500001 0.7460937500000002 0.9207818937500001 0.7792968750000002 0.9305555562500001 0.7792968750000002
0 0.9315732808634708 0.8439808436048626 0.9284979421875003 0.8177083328125001 0.9191383044237588 0.818803928746798 0.9222136430997294 0.8450764395391606
0 0.9300411515624999 0.8834635421874999 0.921296296875 0.8834635421874999 0.921296296875 0.9108072921874999 0.9300411515624999 0.9108072921874999
0 0.3750000000000001 0.5859375 0.3585390953125001 0.5859375 0.3585390953125001 0.607421875 0.3750000000000001 0.607421875
0 0.41203703750000004 0.5891927078125 0.3955761312500001 0.5891927078125 0.3955761312500001 0.6106770828125 0.41203703750000004 0.6106770828125
0 0.45983707625429043 0.6046286367610322 0.4463135934968604 0.5894147106716137 0.4317302583384565 0.6023776684513064 0.44525374109588656 0.6175915945407249