2 0.7164875997225398 0.25619364904564856 0.7156837297329657 0.19747319840678074 0.6887094711126537 0.19784247004485517 0.6895133411022278 0.256562920683723
2 0.7320222500781514 0.26463064647974044 0.7314240669730812 0.23745316076386516 0.06968517951631917 0.2520181954614428 0.07028336262138944 0.2791956811773181
2 0.5653739506479571 0.2598660056391497 0.5624360928957749 0.1994994424407984 0.533306970739093 0.20091706857036762 0.5362448284912753 0.26128363176871894
2 0.4118811528500525 0.2642069237758295 0.41048040699999466 0.20396119051425274 0.3806705384936424 0.20465428606377065 0.38207128434370025 0.2649000193253474
2 0.25807993695629416 0.26739823027441484 0.25592995345514324 0.20698995399497733 0.22720812332332735 0.208012189104296 0.22935810682447827 0.26842046538373354
2 0.09492272685113287 0.2719378816348291 0.09443162103426841 0.21325232578226197 0.0702514105522519 0.21345467611955038 0.07074251636911635 0.27214023197211756
1 0.6844233935710159 0.24828299636403725 0.6839084877720463 0.2257583478504674 0.06999785892395248 0.23979213588727263 0.07051276472292212 0.2623167844008425
1 0.6866643363300069 0.2219472292816278 0.6864219421569183 0.21190543226546427 0.07042331310299507 0.22677473086538943 0.07066570727608358 0.23681652788155297
1 0.6845053322533902 0.2099736567382709 0.6842737304116696 0.19903526468083463 0.07086964288580586 0.21202305261565776 0.07110124472752646 0.222961444673094
1 0.6847645531057265 0.19465467404777723 0.6845146238269464 0.18438578797602145 0.07075788322121987 0.1993237061157442 0.07100781249999999 0.2095925921875
1 0.6836195843594614 0.18143889600331317 0.6833708509792983 0.1710678416043693 0.07095449033678056 0.18575568197143102 0.07120322371694368 0.1961267363703749
1 0.6846929578013838 0.27345158273199355 0.6838470892555425 0.239161171031459 0.06951528175633552 0.2543153767380449 0.07036115030217684 0.2886057884385794
1 0.6990172941501023 0.1674329324626166 0.69846954473806 0.14441089229588647 0.0704999757161834 0.15935179065767918 0.07104772512822576 0.18237383082440933
1 0.7485989737865364 0.15182079345938046 0.7477027581629136 0.11746052338620565 0.07044743314252806 0.13512530897061142 0.07134364876615071 0.16948557904378622
2 0.7031421611638022 0.176674302233769 0.7019632630324782 0.1320142266879647 0.07002968062228015 0.14869546401950795 0.07120857875360406 0.19335553956531223
2 0.7500011288703643 0.15144184700345925 0.7492305942317754 0.11638742078760111 0.07042330646783895 0.13130834760374366 0.07119384110642785 0.1663627738196018
1 0.5421458328125 0.34204578125 0.5406963001250273 0.2941600938824906 0.07061264842138257 0.3083898492948204 0.07206218110885523 0.3562755366623298
2 0.43409366523688997 0.3750464269322397 0.42571840963478946 0.3433619194563933 0.25976024818821514 0.3872301103199971 0.2681355037903156 0.4189146177958435
2 0.48159573490465446 0.3825267838527858 0.40629736764306834 0.3816721427528911 0.40596698959667715 0.4107801829295191 0.48126535685826327 0.41163482402941387
2 0.4976927078125001 0.4110457812500001 0.49708475880967085 0.38935990741665527 0.48717622426678303 0.38963768657100895 0.48778417326961226 0.41132356040435375
2 0.6852672806855121 0.42055242458572656 0.6844756273976605 0.3851033066455486 0.5048980388109412 0.38911365151982846 0.5056896920987928 0.42456276946000643
2 0.46388671875 0.3903955765625 0.453458984375 0.3903153296875 0.45329439609645694 0.4117028647146787 0.46372213047145694 0.4117831115896788
2 0.4474029953125001 0.4116558640624999 0.44739192656250004 0.39153086406250004 0.43666859102037153 0.3915367618970483 0.4366796597703716 0.41166176189704806
2 0.30399858769925103 0.3794847741543378 0.3027118247877987 0.3086989781289925 0.2283684890625 0.31005041093749997 0.22965525197395237 0.38083620696284526
2 0.4784258616380671 0.36130891084099026 0.4771853352594337 0.30419975187583004 0.24717608696325785 0.30919601771149285 0.24841661334189133 0.366305176676653
2 0.2586412765625 0.3936692390625 0.24788281250000005 0.3935576125 0.24763560848533653 0.4173829050495441 0.25839407254783653 0.4174945316120441
2 0.24212565156250002 0.41774742812500004 0.24184429473320565 0.3949693120801502 0.23140559843749994 0.3950982515625 0.2316869552667943 0.41787636760734975
2 0.22513723819237738 0.4175742912870414 0.22174805101494094 0.3099880786023343 0.21128452298905026 0.3103177012754553 0.2146737101664867 0.4179039139601624
2 0.2076621854411406 0.41887336052216934 0.20737778881830757 0.38764525959975116 0.16772895635429697 0.388006344447019 0.16801335297712996 0.4192344453694371
2 0.20026029215026017 0.38081573979528904 0.19028701125499894 0.34920240926664964 0.06807904975948455 0.3877562189175459 0.07805233065474579 0.41936954944618526
2 0.19404797677623528 0.3548427035502394 0.19391926325998515 0.34689777221443396 0.0707893869551648 0.3488925634422966 0.07091810047141492 0.356837494778102
2 0.19335351562499997 0.34212860156249997 0.19323980736227353 0.33304406128465397 0.0708120952767017 0.3345764494985929 0.07092580353942815 0.3436609897764389
2 0.4316881515625 0.336611625 0.4310578915356624 0.29985089833619544 0.2633110655498733 0.3027269056582114 0.26394132557671096 0.339487632322016
2 0.20550500165981916 0.3113080060871232 0.19301953125000001 0.3110334359375 0.19255633130794342 0.3320964290498754 0.20504180171776257 0.33237099919949864
2 0.43243809314001913 0.3491447797298246 0.4322336689740546 0.3406377680377809 0.27564064314023035 0.34440071087373514 0.27584506730619496 0.3529077225657789
2 0.5429576828125 0.3783899171875001 0.5154238281250001 0.3783559671875001 0.5154124584864216 0.3875768796019144 0.5429463131739216 0.3876108296019144
2 0.5416973301562175 0.37356076048143055 0.5379417426553695 0.3004017150186607 0.48368985997864755 0.3031867116132629 0.4874454474794955 0.3763457570760328
2 0.4608463546874999 0.32540072031250006 0.46013398351592444 0.3040398496955052 0.44940559843749994 0.30439763437499995 0.45011796960907546 0.32575850499199477
2 0.4449157318079563 0.3556291477095076 0.4424252648811497 0.304246277239094 0.4336875681375953 0.3046697830603349 0.4361780350644019 0.35605265353074855
2 0.7814134760475914 0.35445770933197934 0.781228388639205 0.34605652638238366 0.5143874184770496 0.35193532986933757 0.514572505885436 0.36033651281893325
2 0.7804136136254962 0.341243074106348 0.7802127552508774 0.3325291665332383 0.5138640918289965 0.3386685889643307 0.5140649502036154 0.34738249653744047
2 0.7801179868406802 0.3267524106532276 0.7798925010988614 0.31822545517717643 0.5137550320693317 0.32526316104985975 0.5139805178111506 0.3337901165259109
2 0.7359687499999998 0.40526543281250005 0.7359552655817295 0.3624499003589784 0.644475795525997 0.3624787111051421 0.6444892799442673 0.4052942435586638
2 0.702704670782173 0.40536467399758785 0.7018428956666403 0.38445793902920367 0.691545913276448 0.3848823803971344 0.6924076883919807 0.4057891153655186
2 0.7535631085820749 0.41845552240257894 0.752954623040753 0.3829393170010948 0.7089660447632451 0.3836929564612397 0.7095745303045671 0.4192091618627239
2 0.7825559465487288 0.38007366798813985 0.7815649270825711 0.3590868153190181 0.7538274734375 0.36039660468750007 0.7548184929036578 0.38138345735662177
2 0.6825368844635327 0.3279041348473911 0.6820336705985872 0.29783727864683773 0.6712968750000001 0.298016975 0.6718000888649455 0.32808383120055334
2 0.7073209640624999 0.3263281890625 0.7055588593564369 0.29690838210429593 0.6879833228701507 0.29796107206919153 0.6897454275762136 0.32738087902739554
1 0.8396261553798624 0.44418676927473016 0.8366929316680283 0.3177331236382918 0.06809880510389929 0.335561463070245 0.07103202881573342 0.4620151087066833
1 0.7921154678438139 0.4288943715162503 0.7911123636610748 0.3865317728914467 0.0705142820018635 0.40359481843754585 0.07151738618460263 0.4459574170623495
2 0.7156888015625001 0.319200103125 0.7145388353877205 0.29745270007720376 0.7056254727640234 0.29792402373356264 0.7067754389388031 0.31967142678135885
2 0.7326015521725366 0.3218165680155481 0.7320043850707143 0.2975716117835425 0.7220677078125 0.29781635781250004 0.7226648749143222 0.32206131404450555
2 0.7508196609375 0.297465534375 0.7397220046874999 0.2972268515625 0.7392717055350033 0.31816369721021687 0.7503693617850034 0.3184023800227168
1 0.6092353197300464 0.3625382967335774 0.607993494996362 0.3120391243614745 0.06992658302079632 0.3252707233814526 0.07116840775448066 0.37576989575355546
1 0.67647787706633 0.33994519807593154 0.676031821899104 0.31076261275608036 0.6395345046874998 0.3113204734375001 0.6399805598547259 0.3405030587573513
1 0.7434477741404042 0.3380209539018911 0.7428863352109374 0.31001208292938204 0.7067662765625 0.3107361109375 0.7073277154919668 0.338744981910009
1 0.7831489133480459 0.3250229394137055 0.7761898494170458 0.12272311775050229 0.7421328476990171 0.12389467020322029 0.7490919116300171 0.3261944918664236
2 0.8432768294259215 0.5662733167018831 0.8402351693307137 0.46282405289229117 0.7964128759902911 0.4641125349561113 0.7994545360854991 0.5675617987657032
2 0.7021837229641916 0.5696092317780007 0.695851602357332 0.46642271392661927 0.6526891852737678 0.4690714090890082 0.6590213058806276 0.5722579269403896
2 0.6285216606165682 0.601410754716164 0.6246091355538044 0.4594777126922298 0.5874963407123349 0.4605007636879378 0.5914088657750988 0.602433805711872
2 0.5914189970944883 0.6267073674498626 0.5852967443948475 0.4363399890217018 0.5732994796875001 0.4367258234375 0.5794217323871409 0.6270932018656608
2 0.5742747390625 0.6272824078125 0.5664000853652642 0.4358687079704411 0.5566191406250001 0.4362710906249999 0.5644937943222359 0.6276847904670588
2 0.55720703125 0.6272798359375 0.5490664123918647 0.43634697099325326 0.5393043177251087 0.4367631879287835 0.5474449365832439 0.6276960528730302
2 0.5397760421875001 0.62766718125 0.5332484885622336 0.43662033201679273 0.522181640625 0.43699845625 0.5287091942502664 0.6280453054832073
2 0.5231614578125001 0.6283425921875001 0.5161381887170994 0.43706876291803426 0.5060529259093904 0.43743907763838524 0.5130761950047911 0.628712906907851
2 0.5068248703125 0.628950103125 0.498660705781266 0.4377583698010561 0.48798863836678885 0.4382140825703555 0.49615280289802294 0.6294058158942994
2 0.4901214472704911 0.6297675628824951 0.4819478858589189 0.43797310740160106 0.47084528314296986 0.43844625874948323 0.4790188445545421 0.6302407142303773
2 0.47242773437499996 0.6299897125 0.46624348339846244 0.4387733700665823 0.455259765625 0.4391286015625001 0.4614440166015375 0.6303449439959178
2 0.4556106353972953 0.6303344215264314 0.4486371043430434 0.438556476916862 0.43832543665861873 0.4389314352310981 0.44529896771287064 0.6307093798406675
2 0.43918263827400816 0.6305700535300587 0.4312314911148987 0.439127268348732 0.4202783096967512 0.43958218419857 0.42822945685586056 0.6310249693798966
2 0.42237955781250003 0.6311610078125001 0.4149686421141843 0.43930748765278926 0.4034239396213376 0.43975343629561525 0.4108348553196534 0.631606956455326
2 0.4015530122252435 0.47966035831523435 0.4006570622280992 0.4632959733191494 0.2936856429390076 0.46915265799318406 0.2945815929361518 0.48551704298926907
2 0.40258141575163287 0.49078692320821515 0.40117281552302353 0.4753767335495371 0.2941822379895989 0.4851564283690458 0.2955908382182082 0.500566618027724
2 0.4029725758876578 0.5050153036244907 0.4018353113096619 0.4900973586348911 0.2944278112129139 0.498285533705672 0.29556507579090974 0.5132034786952715
2 0.4036778780956274 0.5130332848115053 0.402145010618373 0.5016011256884463 0.2945075927120519 0.5160335610200576 0.29604046018930635 0.5274657201431168
2 0.40344925857400404 0.528415136031822 0.4017006184909513 0.5128086565024744 0.29457677361093443 0.5248114306486665 0.2963254136939872 0.5404179101780142
2 0.4034061979689339 0.5440525497764797 0.40214410675722767 0.5294454125317909 0.29584404210727255 0.538629989574585 0.2971061333189788 0.5532371268192737
2 0.40427673468221137 0.5591052618087644 0.4032008113625746 0.5433863820749705 0.2958299766904303 0.5507356834774274 0.29690590001006706 0.5664545632112213
2 0.40540633001483 0.5745925954843885 0.4047407041387558 0.5582062771171404 0.2968221098504483 0.5625900201433609 0.29748773572652254 0.5789763385106089
2 0.4077789481588572 0.6071202717791842 0.40647702266573144 0.5712449487428326 0.3689382379086926 0.5726072417264143 0.37024016340181837 0.608482564762766
2 0.1935065109375 0.5004012343750001 0.19305205524759952 0.47817275317346797 0.06996611774759953 0.4806892141109679 0.0704205734375 0.5029176953125
2 0.193544921875 0.513710390625 0.19337687023440503 0.5056283723776658 0.07067179210940502 0.5081798130026658 0.07083984374999999 0.51626183125
2 0.19420760423881134 0.5277023812555408 0.19403914315975448 0.5196184890004623 0.07070098835354688 0.5221887457520268 0.07086944943260373 0.5302726380071053
2 0.1943772700130703 0.5410635925405239 0.19423988697925157 0.5325313357586631 0.07074805872972637 0.5345197524754233 0.0708854417635451 0.5430520092572841
2 0.195199221434443 0.5545572841294527 0.19496895378110063 0.5453815184502042 0.07067846158360017 0.5485006129183434 0.07090872923694252 0.557676378597592
2 0.19594205781250001 0.5675848765625001 0.1957249452950161 0.5592175930349622 0.07084448597885187 0.5624579649928916 0.07106159849633575 0.5708252485204295
2 0.197251953125 0.5815792187500001 0.19698556969877568 0.5718956783539885 0.07094663567449758 0.575362869248021 0.07121301910072189 0.5850464096440327
1 0.77704349623538 0.6877720315514948 0.7766107526319738 0.6668049488614016 0.7341364393919112 0.667681584282523 0.7345691829953175 0.6886486669726162
1 0.7762279382344062 0.661386991984421 0.7751410345921567 0.6128224391322996 0.7328884375417893 0.6137680774411374 0.7339753411840388 0.6623326302932588
1 0.773809104974145 0.6083982099077714 0.7736542143275291 0.5874177103449016 0.7320616280085972 0.5877247717935608 0.7322165186552131 0.6087052713564305
2 0.7756553587337571 0.7510697546285697 0.5097702594830578 0.7456219152395056 0.5093711931970561 0.7650985869039 0.7752562924477555 0.7705464262929642
2 0.7755896234064281 0.7369197398346434 0.5094173934629866 0.7288344079198261 0.5088164699756763 0.7486170397682046 0.7749886999191178 0.7567023716830219
2 0.7759684789896586 0.7685577891610152 0.7747104662879039 0.7199126920029748 0.4845938388846787 0.7274154091026603 0.48585185158643346 0.7760605062607008
2 0.7743530666593599 0.729599048339287 0.7743352194281574 0.6796370741480472 0.07029182244526971 0.679888569920302 0.07030966967647229 0.7298505441115418
2 0.7727293141799738 0.7022822043561383 0.7726782205919166 0.6816920244379233 0.07005958297444276 0.6834355403942852 0.0701106765625 0.7040257203125002
2 0.7727401422105428 0.6812277564163349 0.6773840654055074 0.6617008367343221 0.674183121272169 0.6773320514675095 0.7695391980772043 0.6968589711495223
2 0.7710492529128113 0.6747077660312095 0.7701807499153009 0.6395187073104874 0.07052452720455478 0.6567869591120974 0.07139303020206514 0.6919760178328194
2 0.4682145080905483 0.7444144325251109 0.4671392779960028 0.7245009426320039 0.26906363279823264 0.7351960491078853 0.2701388628927782 0.7551095390009922
2 0.46777103355087685 0.7585691154358296 0.46668479126042595 0.7392770326170064 0.2705099169479115 0.7503226748529093 0.27159615923836233 0.7696147576717325
2 0.48614294826675924 0.7722921460051142 0.48536783670292094 0.753886941158493 0.27022933836882607 0.7629472227079364 0.27100444993266437 0.7813524275545576
2 0.707258769280351 0.7965976717862004 0.7065484172684623 0.7627782520747737 0.07019223932501052 0.7761444450827288 0.07090259133689927 0.8099638647941555
2 0.46691800657420757 0.6818731553786124 0.4644342315916605 0.6678392165872931 0.41277698668305185 0.6769816942964499 0.4152607616655989 0.6910156330877693
2 0.30148493197086446 0.7598248343518248 0.2962482790346761 0.7265451069702308 0.06745434910049498 0.7625464356840755 0.07269100203668336 0.7958261630656696
2 0.23008978488771653 0.7641126460164386 0.22897045730837667 0.7439762610420543 0.06958627753976157 0.7528359996869216 0.07070560511910146 0.7729723846613059
2 0.22884199489151708 0.7544354307265407 0.2283563140341108 0.7331771707314526 0.0704245073643018 0.7367853896210905 0.07091018822170805 0.7580436496161786
2 0.2674511396224835 0.7148206016561044 0.26738220323861783 0.7064698768737158 0.07037700311408057 0.7080961819494087 0.07044593949794623 0.7164469067317973
1 0.7415453537378716 0.538721358715224 0.7407532225237813 0.5075463298443315 0.07008700040272955 0.5245873934140933 0.07087913161681977 0.5557624222849858
1 0.727739896900397 0.5252454198856265 0.7261303987212385 0.4680986502508861 0.6982348421703153 0.4688843087887579 0.6998443403494738 0.5260310784234983
1 0.5668553867935155 0.5289231346853716 0.5645981056619133 0.47210116198916474 0.5370394155522463 0.4731959446629168 0.5392966966838486 0.5300179173591236
1 0.3882552176471902 0.537088848610799 0.38727863357023895 0.47608109209080884 0.358787834130561 0.4765371596903981 0.3597644182075122 0.5375449162103882
1 0.21807127874593304 0.5381176262262884 0.21710894621807447 0.4808013879163685 0.1905376457479564 0.48124751675356875 0.19149997827581494 0.5385637550634887
1 0.3473523471050219 0.6144062801886168 0.34615071743544057 0.5799602642729067 0.3108034065809832 0.5811933351036979 0.3120050362505645 0.6156393510194079
1 0.3491975216453246 0.6011498393507567 0.20484809178411414 0.5950170632919811 0.20361735453781554 0.6239853833658799 0.347966784399026 0.6301181594246557
1 0.3484084580506342 0.613283418045187 0.2061330863637763 0.6125153254770915 0.20597599331058086 0.641613995951434 0.34825136499743875 0.6423820885195294
1 0.3483552195756914 0.6274197228873656 0.20765560282427892 0.6239943306693607 0.20695789132777875 0.6526531626841662 0.3476575080791912 0.656078554902171
1 0.34797739993076354 0.6400762083935956 0.20791102168560713 0.6389836365102824 0.2076861089799514 0.6678171701053319 0.3477524872251078 0.6689097419886451
1 0.34952813207104316 0.6547449261335105 0.20797929345493077 0.6519326805181528 0.20739667241430762 0.681257761941751 0.34894551103042 0.6840700075571087
1 0.3498923069885512 0.6680955705148419 0.20873402203267263 0.6652155148849528 0.2080729898195118 0.6976142548752506 0.3492312747753904 0.7004943105051398
1 0.35216680533468336 0.7021912083135277 0.20977750873408468 0.669702475619924 0.20357570128086433 0.6968833142584918 0.345964997881463 0.7293720469520955
1 0.35406335517416077 0.7008470097656253 0.20757960608817258 0.6902286054612186 0.20518494570648507 0.7232635907981106 0.35166869479247326 0.7338819951025174
1 0.564834939346446 0.5533826819577763 0.35022007106979147 0.5481057878780338 0.34914433089648167 0.5918568717743514 0.5637591991731361 0.5971337658540938
1 0.534272223801892 0.7524649134497601 0.5334428862402365 0.7203393028004957 0.35466110985376254 0.7249546374042658 0.35549044741541796 0.7570802480535301
1 0.5745442703125 0.7180756171874999 0.5701061160383535 0.5885851317513964 0.5298732157279243 0.5899640733614513 0.5343113700020707 0.7194545587975548
1 0.11196443366273354 0.6956557894509467 0.08469494058221963 0.6863751081935682 0.06996156882275831 0.7296662813418588 0.09723106190327221 0.7389469625992374
1 0.10852920118813962 0.6829024077815242 0.07099716659684077 0.6828159703685259 0.0709790348119961 0.6906889822089609 0.10851106940329495 0.6907754196219592
1 0.10715169218750001 0.6758842593750001 0.10673867842785192 0.6679198693342459 0.07080376672599044 0.6697833658366349 0.07121678048563852 0.6777477558773891
1 0.106810546875 0.6637649171875 0.1065432109808468 0.6548656139575243 0.070959983058146 0.6559345374235244 0.0712273189522992 0.6648338406535002
1 0.1069811203125 0.649222221875 0.10640497037134171 0.6408487133046918 0.0709220005367516 0.6432901643178086 0.07149815047790989 0.6516636728881168
1 0.10649229385885309 0.6370968258728075 0.10634233185787534 0.6288016994229612 0.07103656712360476 0.629439968550938 0.0711865291245825 0.6377350950007843
1 0.105447265625 0.6232335390625 0.10519033205897146 0.6152430280318228 0.0709022697715436 0.6163455550268917 0.07115920333757211 0.6243360660575689
1 0.10505977721734147 0.6097661175167514 0.10493914150650832 0.6018664539805414 0.07078105593495429 0.6023880818846588 0.07090169164578745 0.6102877454208687
1 0.6963462714500417 0.7531535064018933 0.6157980622212451 0.6642522124219805 0.5768540655344147 0.6995370665889532 0.6574022747632112 0.7884383605688658
1 0.6354316274233922 0.678098900066878 0.6314654329800641 0.5895602405754488 0.5886582623536913 0.5914778386421933 0.5926244567970195 0.6800164981336225
1 0.7136227112152067 0.8056817699578674 0.7123385711298807 0.7606928782598669 0.4327294111571593 0.768673900174244 0.4340135512424853 0.8136627918722447
1 0.7595381793902539 0.8055163582402601 0.7591414366706059 0.7625300661790082 0.7199850265625 0.7628914609375002 0.720381769282148 0.805877752998752
1 0.761587970789614 0.8805383445142173 0.7605397453905518 0.8373503182340407 0.7236521852264414 0.8382456237342879 0.7247004106255036 0.8814336500144645
1 0.7162035702405833 0.8824667776965164 0.7161052170123219 0.8478504630019094 0.6720927452585091 0.8479755129593919 0.6721910984867707 0.8825918276539989
1 0.7607526046875 0.8325272640625002 0.7605897298658899 0.8245254582826753 0.49766516648544623 0.8298772241885007 0.4978280413070563 0.8378790299683256
1 0.6997493484375001 0.8697376546875001 0.6989510097544036 0.839269434927037 0.4867634391258978 0.8448292460035217 0.4875617778089943 0.8752974657639848
1 0.6813946383489731 0.7915923840855278 0.6787563973813572 0.7628990175295407 0.6227618382760848 0.7680474946002558 0.6254000792437007 0.796740861156243
1 0.69705078125 0.7848261312500001 0.6970103127631113 0.7626945665038685 0.68638671875 0.7627139921875 0.6864271872368887 0.7848455569336317
1 0.7608036645661491 0.8186532488087108 0.7605912356701431 0.8103453350196276 0.4973598052539982 0.8170760213961341 0.4975722341500042 0.8253839351852174
1 0.4806269531250001 0.8749583328125002 0.47621835866100587 0.8103627359894288 0.467037521002296 0.8109893203398741 0.4714461154662902 0.8755849171629455
1 0.46342158009990425 0.8202528681447536 0.3897856872425577 0.819375363455458 0.3891209993712929 0.8751527119632163 0.46275689222863947 0.8760302166525118
1 0.522620825116767 0.798745022900517 0.5224861086424248 0.790548366645442 0.49722916718750004 0.7909634781249999 0.4973638836618421 0.7991601343800749
1 0.4936770828125 0.7890030859375 0.49317969731141764 0.7624632450598512 0.46731867335204463 0.7629479087931357 0.467816058853127 0.7894877496707845
1 0.46026219930054885 0.7895335139169156 0.459437706031932 0.7682737211366666 0.4504329421874999 0.7686229421874999 0.4512574354561168 0.7898827349677491
1 0.4267431755699206 0.7906614737804254 0.426192003421275 0.7694622496638972 0.24735696700492676 0.7741118958364599 0.24790813915357238 0.7953111199529881
1 0.6686396776479037 0.8837602597415151 0.6675035507479612 0.8398220926485301 0.06965011316286128 0.8552810300053413 0.07078624006280383 0.8992191970983262
1 0.4506368745981583 0.8348128497199333 0.2623773800032725 0.8120751866713383 0.2573350736353507 0.8538236304928851 0.4455945682302366 0.8765612935414803
1 0.41503714909209 0.8134953928536541 0.41473956327922756 0.7930610001810381 0.2601855294902797 0.7953117687021837 0.2604831153031421 0.8157461613747998
1 0.286564370782641 0.7759319848160254 0.2293880203125001 0.7751630656249999 0.22882817858713717 0.8167925464218875 0.2860045290572781 0.8175614656129133
1 0.2435410156250001 0.8603497937499999 0.2334644279493784 0.860315328931373 0.23339369941260743 0.8809944542057178 0.24347028708822913 0.8810289190243447
1 0.289310044497905 0.8781557179434172 0.28724520674676546 0.8357006619769779 0.21501904437002875 0.8392134428060342 0.21708388212116825 0.8816684987724734
1 0.2096635259129974 0.8811174419963113 0.20583314364669794 0.7749387002902306 0.19575212269684655 0.7753023716170145 0.19958250496314606 0.8814811133230952
1 0.18989883729079496 0.8061928750416649 0.18928740690326323 0.7757457838625996 0.15068044860147686 0.7765210785315403 0.1512918789890086 0.8069681697106057
1 0.17925520781249998 0.8600005140625002 0.17905917434814161 0.8521976531441148 0.07087919844438437 0.8549154890343648 0.07107523190874274 0.8627183499527502
1 0.17779863769859233 0.8201772871566329 0.1777960453008282 0.8020781415908598 0.0708255706268581 0.8020934633096873 0.07082816302462225 0.8201926088754604
1 0.17793551451217682 0.8328516751274939 0.17791440129684113 0.8255648379244969 0.07079854772216432 0.8258752002970031 0.07081966093750001 0.8331620375000002
1 0.17822916718749998 0.8471990734375001 0.17814646307026236 0.838727805808192 0.07087042088276237 0.839775130808192 0.070953125 0.8482463984375002
1 0.22272017334917527 0.7960570171353075 0.22249644462782445 0.7479078524578047 0.07041233480761444 0.7486145227324762 0.07063606352896527 0.796763687409979
2 0.748946770107359 0.8609073835199343 0.7478401569292509 0.815226271778015 0.07031984537548445 0.8316390269980951 0.07142645855359246 0.8773201387400145
2 0.6825491184763356 0.8838354915055309 0.6813273097709631 0.8337795928413616 0.06951972723212754 0.8487131341483305 0.0707415359375 0.8987690328125
1 0.8268229171874999 0.13117283906250007 0.7858072921875 0.13117283906250007 0.7858072921875 0.1625514406250001 0.8268229171874999 0.1625514406250001
2 0.8274739578125001 0.13117283906250007 0.7838541671875 0.13117283906250007 0.7838541671875 0.1625514406250001 0.8274739578125001 0.1625514406250001
2 0.8403037360825601 0.8480754599825964 0.8384320688665092 0.8362313110841425 0.8236635944231129 0.8385650937547066 0.8255352616391638 0.8504092426531606
1 0.8403426370464526 0.8467528997647946 0.8366295895518437 0.8342213743390656 0.8218833193956167 0.8385906430113366 0.8255963668902255 0.8511221684370656