2 0.4879220507818326 0.15953144246294684 0.4765201534542414 0.14977311154941456 0.3433434729849088 0.30538034096146777 0.3547453703125 0.31513867187500005
2 0.37329030349312864 0.2607332684570738 0.338767983416462 0.15498186457252183 0.10247322883954926 0.23211978284400875 0.1369955489162159 0.3378711867285607
2 0.28984731358270144 0.19652627213577548 0.28960556303099644 0.15617393759964718 0.1266774956895308 0.15715003850237852 0.1269192462412358 0.19750237303850682
1 0.4208753750633762 0.19035282854757124 0.42075124923718965 0.15399166437471656 0.18137053488785115 0.15480883647626112 0.1814946607140377 0.19117000064911577
2 0.4135670171626142 0.3724729654332777 0.41274282278696905 0.33853281536044294 0.1795949854188279 0.3441945209168503 0.1804191797944731 0.378134670989685
2 0.2892019970597417 0.4647048241431843 0.12014867233373205 0.46353430154635095 0.11979555185841931 0.5145339068012604 0.2888488765844289 0.5157044293980938
2 0.3423443759421484 0.5566542191284695 0.3384139516078938 0.5251382469486028 0.1809080468637843 0.5447811453894926 0.1848384711980389 0.5762971175693594
2 0.47940072221250124 0.48785388347368136 0.4339449593750001 0.4872291671875001 0.4337188044214505 0.5036847105444953 0.47917456725895163 0.5043094268306766
2 0.42340835658212106 0.49637290436640036 0.40933641783901287 0.48436827813694716 0.34184112688189183 0.563486909708047 0.35591306562499997 0.5754915359375001
2 0.6839287148763591 0.532382460638195 0.6525589286348824 0.42982822404050225 0.12804276691572103 0.5902697661864075 0.15941255315719763 0.6928240027841003
2 0.6865174248234407 0.4153788188764732 0.6723686768422348 0.39103134542912393 0.6324248157881416 0.4142434304396202 0.6465735637693475 0.4385909038869695
2 0.6805084341840131 0.34996423176506003 0.6801590313259 0.2640767655487541 0.6568510883624523 0.26417158569244836 0.6572004912205653 0.3500590519087543
2 0.76965380625 0.32002343750000006 0.758970698696549 0.30783001869032683 0.69542078125 0.36350846406250015 0.7061038888034512 0.3757018828721734
2 0.7695154328125 0.1828697921875 0.7573963560862523 0.1697298934945906 0.6955887420237523 0.22673575286959066 0.70770781875 0.23987565156250007
2 0.9291702671875001 0.1780559890625 0.9289254109374999 0.1601360671875 0.7861013466045033 0.16208760274922285 0.7863462028545034 0.18000752462422284
2 0.929073559375 0.212060546875 0.9290051347898842 0.19469176497202714 0.7857253004148841 0.19525621809702715 0.785793725 0.212625
2 0.683484053125 0.15914973906250007 0.5839984869440313 0.15841815209119323 0.5835872538512142 0.2143400843779037 0.683072820032183 0.2150716713492106
2 0.9293705686978745 0.41953353556430406 0.9290357927026255 0.39511210492501625 0.7813431062499999 0.39713671875 0.7816778822452489 0.4215581493892878
2 0.7772424011818909 0.4090256494816543 0.5526582667035013 0.39813957519432974 0.5269552556998691 0.9284031327800599 0.7515393901782589 0.9392892070673845
2 0.7236378666441944 0.7003252746693127 0.723270528103299 0.5884525099405427 0.708258436720461 0.5885018027220139 0.7086257752613564 0.700374567450784
2 0.6857510979270286 0.5652140095550854 0.6376550756254458 0.46448847172310864 0.25291556936304194 0.6481999740073096 0.3010115916646247 0.7489255118392862
2 0.6840824938221901 0.6004756263448001 0.6551489615794507 0.5217299587981109 0.4012552355300049 0.6150181680132444 0.4301887677727444 0.6937638355599336
2 0.6801347734375001 0.6705026046875 0.6799254171163588 0.6535201459020861 0.6517772686788588 0.653867150589586 0.651986625 0.670849609375
1 0.6477049107595951 0.6554656585657443 0.6471622888978369 0.4480778252837707 0.633362140625 0.4481139328125 0.6339047624867582 0.6555017660944736
1 0.8383945729287804 0.31128177752374575 0.8380847241051741 0.2996014911194206 0.7885049652388938 0.3009167182831748 0.7888148140625001 0.3125970046875
1 0.8651612929364235 0.26825031804605615 0.7903491850913882 0.26819632504263513 0.7903226655924644 0.30494144918407906 0.8651347734374999 0.3049954421875
1 0.9049966654707046 0.23346263676242338 0.7900376058464127 0.2334062515891253 0.7900022783236469 0.30543261168467517 0.9049613379479388 0.3054889968579732
1 0.8388043826919743 0.5296080581802385 0.8381294674294862 0.49872491192647506 0.7895126277018867 0.4997873764460053 0.7901875429643745 0.5306705226997688
1 0.8940104457294437 0.4994668061759248 0.8729721325219225 0.4988184532604505 0.8704621590643663 0.5802642314505657 0.8915004722718874 0.58091258436604
2 0.8329488604337392 0.553032589440233 0.7873124880498795 0.5518157421614508 0.7864012067847629 0.5859922340568993 0.8320375791686224 0.5872090813356815
2 0.8768096714085383 0.6306451041195437 0.8693550002739888 0.5919524451030305 0.7815172078056365 0.6088755998481439 0.7889718789401857 0.6475682588646571
1 0.9063244903879987 0.5934335994281591 0.8894835950389943 0.5907538211416388 0.8760106635608353 0.6754235978202912 0.8928515589098398 0.6781033761068116
2 0.9289598765625 0.5779804687500002 0.9147420301381036 0.5779497669128438 0.9147029348256037 0.5960545841003437 0.9289207812500001 0.5960852859375001
2 0.9290005099972178 0.6522187945848075 0.7877512682655667 0.6520885424089445 0.7877348113933492 0.6699348525116371 0.9289840531250002 0.6700651046875
2 0.9289999999999999 0.7035755203125001 0.9289444980689593 0.6852075396479497 0.7854496418189594 0.6856411333979496 0.7855051437500001 0.7040091140625001
1 0.9293370171616863 0.7439091064735045 0.9123861075018554 0.7436959290811418 0.9119976497151692 0.7745843491701372 0.928948559375 0.7747975265625
2 0.9287982246483523 0.8553248929249907 0.9287628593750001 0.8311171875 0.785727494101648 0.8313261492625091 0.7857628593750001 0.8555338546875
1 0.8398866784554052 0.8840164737357249 0.8393118280608469 0.8691669476793515 0.7897922831056325 0.8710839334368623 0.7903671335001908 0.8859334594932357
1 0.8666881380589062 0.9177185850873416 0.8663043486157009 0.8702831758213329 0.79088627592849 0.8708933668278427 0.7912700653716953 0.9183287760938514
1 0.8945308640625 0.869400390625 0.8849192390624999 0.869400390625 0.8849192390624999 0.929021484375 0.8945308640625 0.929021484375
1 0.7675367071443053 0.8093395321129633 0.727485757557269 0.1706231424984007 0.6640162253494255 0.17460302320304819 0.7040671749364618 0.8133194128176108
1 0.6842904587869706 0.819187256574694 0.657875462219005 0.684501402367075 0.5851595284068635 0.6987626709567462 0.611574524974829 0.8334485251643651
2 0.34444569269333714 0.7647514827027305 0.3321929015625 0.7550768234374999 0.2902333198066628 0.8082179188597692 0.3024861109375 0.8178925781249999
2 0.23476579091226216 0.7568568081733406 0.20408317151987773 0.756431669494875 0.20226590883874893 0.8875850601538856 0.23294852823113335 0.8880101988323512
2 0.1593894300863938 0.9289271049340322 0.15883676913924 0.7506734776307606 0.1343145269725871 0.7507495068582563 0.13486718791974095 0.9290031341615277
2 0.12066435306371057 0.9286197143823482 0.11981177920627409 0.5134937369453089 0.09726728239256352 0.5135400381879608 0.09811985625000001 0.9286660156250003
2 0.26807175975822006 0.928444529125481 0.26684075127031903 0.8239658579123667 0.2371511163342752 0.8243156727806511 0.23838212482217624 0.9287943439937655
2 0.4948398904885403 0.8522621877684469 0.4805479136382475 0.847789239379973 0.4552638890625003 0.9285768234375003 0.4695558659127931 0.9330497718259743
2 0.4256247596549258 0.8510368286343475 0.4124840285383584 0.8433355595232251 0.3625560703125001 0.9285279953125001 0.3756968014290675 0.9362292644236223
1 0.3280735593750001 0.9288131515625004 0.3022119343750001 0.8888886718750001 0.28968627576763295 0.8970023376839793 0.315547900767633 0.9369268173714795
0 0.786522634375 0.1588541671875001 0.7572016453125 0.1588541671875001 0.7572016453125 0.18359375000000008 0.786522634375 0.18359375000000008
0 0.7870370375 0.19335937500000008 0.75771605 0.19335937500000008 0.75771605 0.21679687500000008 0.7870370375 0.21679687500000008
0 0.78806584375 0.22656250000000008 0.75771605 0.22656250000000008 0.75771605 0.25065104218750006 0.78806584375 0.25065104218750006
0 0.78909465 0.2617187500000001 0.75874485625 0.2617187500000001 0.75874485625 0.2845052078125001 0.78909465 0.2845052078125001
0 0.7909471541752296 0.31748876858768477 0.7883524061480336 0.293570103116003 0.7564813415754957 0.29702754441941265 0.7590760896026918 0.32094620989109446
0 0.7893771253179914 0.3519709952839246 0.7883893178800937 0.3277757726710756 0.7585770387676428 0.32899290514053764 0.7595648462055404 0.3531881277533866
0 0.7888146103841165 0.3635049129228197 0.7587604553541254 0.3622550979677809 0.7577830392224271 0.38575891013809055 0.787837194252418 0.38700872509312945
0 0.7887025318973564 0.42131477828547104 0.7865196788552817 0.3964507097722667 0.7562885747920007 0.39910474273693475 0.7584714278340754 0.4239688112501391
0 0.7078189296875 0.16015625000000008 0.6759259265625001 0.16015625000000008 0.6759259265625001 0.18489583281250008 0.7078189296875 0.18489583281250008
0 0.7075527822414766 0.21784987155938257 0.706642060533764 0.19249195484682988 0.6764014190048424 0.19357803810073967 0.6773121407125549 0.2189359548132924
0 0.7081409895358707 0.22826089307900438 0.677669980706704 0.22665583634544895 0.6764744511462281 0.24935222522143335 0.7069454599753947 0.2509572819549888
0 0.7080606971650829 0.26257635004441926 0.6770024392118258 0.26138519425383394 0.676123765382264 0.28429578132481254 0.7071820233355213 0.28548693711539785
0 0.708052397882182 0.2958113868753613 0.6770076288913842 0.29465577006309235 0.6761079221417228 0.3188257093597199 0.7071526911325205 0.31998132617198877
0 0.7083956237519239 0.33001963422502795 0.6772003008142324 0.3272809510711877 0.6751262919380859 0.35090521610392955 0.7063216148757774 0.3536438992577698
0 0.7080621509571026 0.38644807223244554 0.7070723955829922 0.36298722337260775 0.6773374106819495 0.36424166907833316 0.6783271660560598 0.38770251793817095
0 0.7078189296875 0.3977864578125001 0.6764403296875 0.3977864578125001 0.6764403296875 0.4212239578125 0.7078189296875 0.4212239578125
0 0.6528121263922311 0.45024764306484066 0.6496044507760735 0.4287047297580613 0.6316986974461756 0.4313708430885722 0.6349063730623331 0.45291375639535153
0 0.13888888906250002 0.1321614578125 0.1152263375 0.1321614578125 0.1152263375 0.1647135421875 0.13888888906250002 0.1647135421875
0 0.789609053125 0.47916666718750023 0.75874485625 0.47916666718750023 0.75874485625 0.5026041671875002 0.789609053125 0.5026041671875002
0 0.7907292247906694 0.5139806645475795 0.7592196695357175 0.5127344360915772 0.7583158371105118 0.5355868734645715 0.7898253923654637 0.5368331019205739
0 0.7898016958202869 0.5700526187243586 0.7887864944412669 0.545186472278522 0.7586027168692742 0.5464187747055129 0.759617918248294 0.5712849211513497
0 0.8379629625 0.5807291671875002 0.8204732515625001 0.5807291671875002 0.8204732515625001 0.6048177078125001 0.8379629625 0.6048177078125001
0 0.8858471720665705 0.5895498313551739 0.871329149789168 0.5746374879152081 0.8554928998298654 0.5900549862195652 0.8700109221072682 0.6049673296595312
0 0.9181307853499211 0.5969058928267427 0.9168668265476242 0.5745101167996725 0.8987001166191965 0.5755353982141256 0.8999640754214934 0.5979311742411959
0 0.7901896814104785 0.581276903786263 0.7599585773471976 0.5786228708215949 0.7578278498098212 0.6028931970648799 0.788058953873102 0.6055472300295479
0 0.7893561756298063 0.6376468837336102 0.7882847623481325 0.6147900850576312 0.7589671583332002 0.6161643488280631 0.760038571614874 0.6390211475040422
0 0.788580246875 0.6484375000000002 0.75874485625 0.6484375000000002 0.75874485625 0.6725260421875002 0.788580246875 0.6725260421875002
0 0.7887686612150053 0.705528534320454 0.7879125345962457 0.6827742866361024 0.7595869658287052 0.6838400337330752 0.7604430924474648 0.7065942814174268
0 0.7918474596038967 0.7384675178011983 0.7897627468236621 0.714583389212428 0.7582236779784053 0.7173362591634515 0.7603083907586399 0.7412203877522218
0 0.7914512014647231 0.8004290913496277 0.761293539850524 0.7968548509917888 0.7580908229217953 0.8238777827794725 0.7882484845359945 0.8274520231373115
0 0.7890946500000002 0.8333333328125001 0.7597736625000001 0.8333333328125001 0.7597736625000001 0.8587239578125001 0.7890946500000002 0.8587239578125001
0 0.7918086457744306 0.8688207185111745 0.7603762160001065 0.8675775432960791 0.7594225745862027 0.8916894033206699 0.7908550043605266 0.8929325785357654
0 0.7916666671875002 0.90234375 0.7602880656250002 0.90234375 0.7602880656250002 0.92578125 0.7916666671875002 0.92578125
0 0.7083333328125 0.4791666671875 0.6779835390625 0.4791666671875 0.6779835390625 0.5026041671875 0.7083333328125 0.5026041671875
0 0.7088477359375001 0.513671875 0.6774691359375 0.513671875 0.6774691359375 0.537109375 0.7088477359375001 0.537109375
0 0.7092391870336442 0.5705631256566408 0.7079253418729026 0.5456486873088191 0.6761886797319929 0.5473222975820995 0.6775025248927347 0.5722367359299212
0 0.7093621406249999 0.5807291671875 0.6779835390625 0.5807291671875 0.6779835390625 0.6048177078125 0.7093621406249999 0.6048177078125
0 0.7093621406249999 0.615234375 0.6779835390625 0.615234375 0.6779835390625 0.6399739578125 0.7093621406249999 0.6399739578125
0 0.7093621406249999 0.6490885421875 0.6779835390625 0.6490885421875 0.6779835390625 0.6731770828125 0.7093621406249999 0.6731770828125
0 0.7093621406249999 0.68359375 0.6784979421874999 0.68359375 0.6784979421874999 0.7063802078125 0.7093621406249999 0.7063802078125
0 0.7098765437500001 0.716796875 0.6790123453125 0.716796875 0.6790123453125001 0.740234375 0.7098765437500002 0.740234375
0 0.7114197531250002 0.798828125 0.6800411515625002 0.798828125 0.6800411515625002 0.8248697921874999 0.7114197531250002 0.8248697921874999
0 0.7098765437500002 0.833984375 0.6795267484375002 0.833984375 0.6795267484375002 0.8580729171874999 0.7098765437500002 0.8580729171874999
0 0.7103909468750003 0.8678385421874999 0.6795267484375002 0.8678385421874999 0.6795267484375002 0.8932291671874999 0.7103909468750003 0.8932291671874999
0 0.7103148855188953 0.9249657422588549 0.709576739636957 0.9022199321034432 0.6792377675883274 0.9032044908914981 0.6799759134702658 0.9259503010469098
0 0.653806584375 0.6510416671875 0.634259259375 0.6510416671875 0.634259259375 0.6725260421875 0.653806584375 0.6725260421875
1 0.9183539093749999 0.3056738281250001 0.9111419749999999 0.3056738281250001 0.9111419749999999 0.37509440156250007 0.9183539093749999 0.37509440156250007
1 0.9049357 0.3063932296875001 0.897605453125 0.3063932296875001 0.897605453125 0.3751822921875001 0.9049357 0.3751822921875001
1 0.8926620375000001 0.30675455781250005 0.8849202671875 0.30675455781250005 0.8849202671875 0.3749381515625001 0.8926620375000001 0.3749381515625001
1 0.8789557609375 0.3049479171875001 0.871661521875 0.3049479171875001 0.871661521875 0.3751562500000001 0.8789557609375 0.3751562500000001
1 0.8652546296875 0.3063899734375001 0.8567824078124999 0.3063899734375001 0.8567824078124999 0.37443033906250006 0.8652546296875 0.37443033906250006
1 0.8509799375 0.3071158859375001 0.8441332296875 0.3071158859375001 0.8441332296875 0.3751497390625001 0.8509799375 0.3751497390625001
1 0.8372736625 0.3071158859375001 0.8308127578125 0.3071158859375001 0.8308127578125 0.3757877609375001 0.8372736625 0.3757877609375001
1 0.9174948562499999 0.43213216093750023 0.9124125515625 0.43213216093750023 0.9124125515625 0.5001725265625001 0.9174948562499999 0.5001725265625001
1 0.9055041156250001 0.43249023437500017 0.8976337453125 0.43249023437500017 0.8976337453125 0.4998665359375002 0.9055041156250001 0.4998665359375002
1 0.8923739718749999 0.43213216093750023 0.8850025718750001 0.43213216093750023 0.8850025718750001 0.49989908906250013 0.8923739718749999 0.49989908906250013
1 0.8783822015625 0.4314062500000002 0.8722556578124999 0.4314062500000002 0.8722556578124999 0.5005338546875001 0.8783822015625 0.5005338546875001
1 0.8658204734374999 0.4303255203125002 0.858407921875 0.4303255203125002 0.858407921875 0.4986197921875002 0.8658204734374999 0.4986197921875002
1 0.8518338484375001 0.43068359375000015 0.8448431062499999 0.43068359375000015 0.8448431062499999 0.4996809890625002 0.8518338484375001 0.4996809890625002
1 0.83755915625 0.43140950468750017 0.8307536015625001 0.43140950468750017 0.8307536015625001 0.49931966093750024 0.83755915625 0.49931966093750024
1 0.919830246875 0.6745507812500001 0.9123713984374999 0.6745507812500001 0.9123713984374999 0.7440039062500002 0.919830246875 0.7440039062500002
1 0.906468621875 0.6745540359375002 0.898747428125 0.6745540359375002 0.898747428125 0.7434277343750002 0.906468621875 0.7434277343750002
1 0.8925102875 0.6760514328125001 0.8851337453125 0.6760514328125001 0.8851337453125 0.7424902343750002 0.8925102875 0.7424902343750002
1 0.8803420781250001 0.6760579421875001 0.8735776749999999 0.6760579421875001 0.8735776749999999 0.7428743484375002 0.8803420781250001 0.7428743484375002
1 0.8669778812500001 0.6749283859375002 0.8596990734375 0.6749283859375002 0.8596990734375 0.7432226562500002 0.8669778812500001 0.7432226562500002
1 0.853024690625 0.6760514328125001 0.8451028812500001 0.6760514328125001 0.8451028812500001 0.7433105468750002 0.853024690625 0.7433105468750002
1 0.839362140625 0.6753059890625002 0.8313168718749999 0.6753059890625002 0.8313168718749999 0.7431966140625001 0.839362140625 0.7431966140625001
1 0.9201286015625 0.8008170578125 0.9131018515625 0.8008170578125 0.9131018515625 0.8705891921875001 0.9201286015625 0.8705891921875001
1 0.9070627578125 0.8011946609375 0.8998713984375 0.8011946609375 0.8998713984375 0.8712272140625 0.9070627578125 0.8712272140625
1 0.8931095671874999 0.800439453125 0.885460390625 0.800439453125 0.885460390625 0.8694173171875 0.8931095671874999 0.8694173171875
1 0.8806352875 0.7996875000000002 0.8726877578125001 0.7996875000000002 0.8726877578125001 0.8693229171875 0.8806352875 0.8693229171875
1 0.8663837453125 0.8000651046874999 0.8589248968750001 0.8000651046874999 0.8589248968750001 0.8702343750000001 0.8663837453125 0.8702343750000001
1 0.853024690625 0.8008203125 0.845977365625 0.8008203125 0.845977365625 0.8703385421875 0.853024690625 0.8703385421875
1 0.8390663578125 0.8000683593750001 0.8319624484375 0.8000683593750001 0.8319624484375 0.8690592453124999 0.8390663578125 0.8690592453124999
0 0.19084362187499998 0.13411458281250005 0.1702674890625 0.13411458281250002 0.1702674890625 0.16341145781250002 0.19084362187499998 0.16341145781250005
0 0.2462551605126023 0.16320352996628004 0.24500392115640976 0.13311512252722593 0.22081465039688303 0.13412104374898629 0.22206588975307556 0.1642094511880404
0 0.2988683125 0.13541666718750006 0.27777777812500004 0.13541666718750006 0.27777777812500004 0.16210937500000006 0.2988683125 0.16210937500000006
0 0.354938271875 0.13085937500000006 0.3297325109375 0.13085937500000006 0.3297325109375 0.16536458281250005 0.354938271875 0.16536458281250005
0 0.4373373738212439 0.16182471515321684 0.43438586941216106 0.13007297530226453 0.40924604047536983 0.13240986506952876 0.4121975448844526 0.16416160492048107
0 0.5020576125 0.13216145781250005 0.4778806578125 0.13216145781250005 0.4778806578125 0.16276041718750006 0.5020576125 0.16276041718750006
0 0.5020576125 0.3359375000000001 0.47993827187500004 0.3359375000000001 0.47993827187500004 0.3665364578125001 0.5020576125 0.3665364578125001
0 0.43518518593750005 0.3372395828125001 0.4104938265625 0.3372395828125001 0.4104938265625 0.36588541718750006 0.43518518593750005 0.36588541718750006
0 0.35894479674005275 0.31075323251319675 0.3397506108155478 0.3006427181104868 0.3269332539184206 0.3249756770030883 0.34612743984292554 0.3350861914057982
0 0.35484129349034765 0.3718782183247252 0.3327696302752562 0.3708523751488719 0.331359392935374 0.4011945213481082 0.3534310561504654 0.4022203645239613
0 0.30304221447206475 0.3291976933043329 0.2973667046758573 0.30229157245265237 0.2750040941848529 0.3070086855441347 0.28067960398106034 0.33391480639581517
0 0.30126661859752135 0.39860362005125116 0.29923646995016423 0.3713344183984827 0.27817667965574305 0.3729022862563048 0.2802068283031002 0.40017148790907325
0 0.24646495771167212 0.332545767861597 0.24487858883494393 0.3044372867980115 0.22260971845220318 0.30569408337891385 0.22419608732893134 0.3338025644424994
0 0.19135802500000004 0.3046875 0.16975308593750005 0.3046875 0.16975308593750005 0.33203125 0.19135802500000004 0.33203125
0 0.13815771173553007 0.3321291712907953 0.13711462518992415 0.3044058776857923 0.1152956199682367 0.30522681588705786 0.11633870651384262 0.3329501094920608
0 0.24816788244417937 0.3999091043082297 0.24632762805728978 0.3719602317239608 0.22319404024848805 0.3734834304262084 0.22503429463537755 0.4014323030104773
0 0.19274958769365144 0.399807275096876 0.19160280177630526 0.3707792482910629 0.16990312942523447 0.37163651905320266 0.17104991534258066 0.4006645458590158
0 0.13925853307086583 0.4003480381148942 0.138001542834004 0.37171221997474546 0.11626701492106147 0.37266627301613786 0.11752400515792331 0.4013020911562867
1 0.2803482515625 0.39510612031250003 0.2802530894406122 0.37896998791723036 0.24371296600311226 0.3791854816672303 0.24380812812500002 0.3953216140625
0 0.14067441823043608 0.5139772351503289 0.12027517449876231 0.50901787300186 0.1147288202222716 0.5318315795474238 0.1351280639539454 0.5367909416958927
0 0.14605742198682398 0.5858955909370547 0.12884236029576637 0.5641077802440944 0.10952407200727729 0.5793716141987114 0.12673913369833492 0.6011594248916717
0 0.19456986838492424 0.5953235418260128 0.1928012887751986 0.5659782454185543 0.1695805355305407 0.5673777116274059 0.17134911514026635 0.5967230080348643
0 0.1921482824716957 0.5360247429791842 0.19117082416894546 0.5075715314709166 0.16956901297340005 0.5083136223839719 0.17054647127615027 0.5367668338922396
0 0.24742798281250006 0.56640625 0.2237654328125001 0.56640625 0.2237654328125001 0.5970052078125 0.24742798281250006 0.5970052078125
0 0.24858766014869743 0.5080978569223127 0.22529324982356175 0.5067831775661313 0.22360842935167957 0.5366360076206094 0.24690283967681523 0.5379506869767907
0 0.30176253146243476 0.5350416959408575 0.2990025473361263 0.5053503368566298 0.277162695051531 0.5073804778634934 0.2799226791778395 0.5370718369477212
0 0.30144032968750006 0.5657552078125 0.2777777781250001 0.5657552078125 0.2777777781250001 0.5970052078125 0.30144032968750006 0.5970052078125
0 0.3544238687500001 0.5078125 0.3317901234375001 0.5078125 0.3317901234375001 0.5364583328125 0.3544238687500001 0.5364583328125
0 0.35819591699490294 0.5924096748834073 0.35223233350985084 0.56570852656384 0.3293098727992316 0.5708281568694186 0.33527345628428373 0.597529305188986
0 0.44261689921739056 0.4936767685166247 0.4230405177453055 0.4777491116654968 0.4059436428131278 0.49876255694380445 0.4255200242852128 0.5146902137949324
0 0.5067025059426384 0.5084612696928876 0.502178289484523 0.4780763954050977 0.47738006051315773 0.48176877716655364 0.48190427697127314 0.5121536514543436
0 0.6011545883206704 0.5081607521903614 0.6000034782344443 0.4775663944867161 0.5753470249398626 0.47849409142851435 0.5764981350260886 0.5090884491321596
0 0.6018516859124446 0.6816443987165549 0.5761809850652049 0.6805175644776845 0.5747962188558543 0.712064279937132 0.6004669197030941 0.7131911141760023
0 0.5030864203125 0.6861979171875 0.48148148125 0.6861979171875 0.48148148125 0.7141927078125 0.5030864203125 0.7141927078125
0 0.4377572015625 0.6842447921875 0.412551440625 0.6842447921875 0.412551440625 0.716796875 0.4377572015625 0.716796875
0 0.5049732176210828 0.8515699325779125 0.5023956299901391 0.8222095889270824 0.48061562147705794 0.8241216878184583 0.4831932091080017 0.8534820314692884
0 0.4376673714639736 0.8512471649996008 0.43509349152935817 0.823557839569491 0.41223364642378935 0.8256827919008201 0.41480752635840473 0.8533721173309299
0 0.3539094656250001 0.740234375 0.3328189296875001 0.740234375 0.3328189296875001 0.7662760421875 0.3539094656250001 0.7662760421875
0 0.35640895304118103 0.8315544440960252 0.3525152793649287 0.8069425696677698 0.33314379746638395 0.8100071972465521 0.3370374711426363 0.8346190716748076
0 0.3539094656250001 0.8743489578125001 0.3338477359375001 0.8743489578125001 0.3338477359375001 0.9029947921874999 0.3539094656250001 0.9029947921874999
0 0.3027293893013592 0.7381795990206058 0.28109995765979484 0.7349243745024205 0.276813830567504 0.7634036675379254 0.29844326220906836 0.7666588920561107
0 0.30339140283184063 0.8296323584959755 0.29902742410594413 0.8054957856641487 0.2787436198814591 0.8091631700410714 0.2831075986073556 0.8332997428728982
0 0.3019023745056809 0.8755598189757011 0.2810898886595025 0.8738037638624704 0.27890815307467126 0.8996613469401826 0.29972063892084966 0.9014174020534134
0 0.24835737316269543 0.7372909257028357 0.2261950019240932 0.7363180892099288 0.2249221796232012 0.7653144935993755 0.24708455086180345 0.7662873300922826
0 0.249241443173381 0.8279042204489022 0.24169196057752038 0.804972659611218 0.2234759632763592 0.8109696938107117 0.23102544587221985 0.8339012546483957
0 0.2485637115765777 0.8795391771405194 0.22812754658185858 0.8770758906492576 0.22543503251488536 0.8994137964992095 0.24587119750960448 0.9018770829904714
0 0.19412609075741025 0.7388537393395103 0.172857791373676 0.7370848365963447 0.1705356017498799 0.7650055486510456 0.19180390113361417 0.7667744513942112
0 0.19246467981186327 0.810209406110293 0.17371976435898934 0.808960774753111 0.17215863132884301 0.8323970808273284 0.19090354678171692 0.8336457121845104
0 0.1918724281250001 0.8776041671874999 0.1743827156250001 0.8776041671874999 0.1743827156250001 0.9010416671874999 0.1918724281250001 0.9010416671874999
0 0.13855414932891125 0.7388389462092738 0.11813539169644674 0.7370463517142078 0.11563976416653121 0.7654730895037691 0.13605852179899575 0.7672656839988352
0 0.13995930881392377 0.8317030955497003 0.13851899986947172 0.8089426766009694 0.11982813652913404 0.8101254587680842 0.12126844547358609 0.8328858777168151
0 0.13938552813188612 0.9007718755051813 0.13770317056487524 0.87522106165219 0.11986213651876299 0.8763957795615086 0.12154449408577386 0.9019465934145
0 0.60225220879914 0.23589787014787184 0.5981526023928004 0.20512550374095384 0.5726253064931236 0.20852634280620408 0.5767249128994631 0.23929870921312207