2 0.6566365865234076 0.30534210441726106 0.5230519546875 0.15013932343749997 0.5116699978515924 0.1599358908952389 0.6452546296875001 0.31513867187500005
2 0.8972711098412912 0.23176832098128072 0.660899205261007 0.15583807209507183 0.6269572629447656 0.261499803330373 0.8633291675250497 0.3374300522165819
2 0.8733289537455183 0.15732996520377202 0.7104040923879156 0.1561604839608792 0.7101144551062128 0.19651095067610494 0.8730393164638155 0.19768043191899773
1 0.8186636920734729 0.15585793767337974 0.5792937545500864 0.15394322457021986 0.5790032438294956 0.19026173773174193 0.8183731813528823 0.1921764508349018
2 0.8198732047694619 0.3439229969066194 0.5868041108848574 0.3429087563546844 0.5866562855245276 0.3768785308026691 0.819725379409132 0.3778927713546041
2 0.8806312688666024 0.5117409738205997 0.8793805703962908 0.4609258022285737 0.7100733650170183 0.4650929093374635 0.7113240634873299 0.5159080809294895
2 0.8190969546857485 0.5452686918429336 0.6616269026438775 0.5251226987195914 0.657601199380633 0.5565893878268031 0.815071251422504 0.5767353809501454
2 0.5662034780300793 0.5036890565825304 0.566055040625 0.4872291671875 0.5206740938449206 0.48763841841746947 0.5208225312499999 0.5040983078124999
2 0.6558496615737757 0.5661458306469426 0.590913014160741 0.4844150200794049 0.5766666621318337 0.49573401143895673 0.6416033095448683 0.5774648220064943
2 0.8716409107050037 0.5892711380659342 0.33244562901778274 0.465867282917514 0.3118742026323612 0.5557511526819936 0.8510694843195822 0.6791550078304137
2 0.3597544086981622 0.4304594875119768 0.3422677593475699 0.3918464890325062 0.3134406094224605 0.4049014260321632 0.3309272587730528 0.4435144245116339
2 0.34286026513333806 0.34988210717545265 0.34251134606004274 0.2641135611431922 0.3192881653553007 0.2642080364615381 0.31963708442859606 0.3499765824937986
2 0.30457921875 0.36350846406250004 0.24017095320364631 0.3085164004142926 0.22968075543961497 0.3208028177333765 0.2940890209859687 0.37579488138158385
2 0.3042163255058826 0.226530952377421 0.24152545207985288 0.17051357739641798 0.2296013078239702 0.1838582765814971 0.29229218125 0.2398756515625001
2 0.2139089053834188 0.16218893654640687 0.07107458906250003 0.1601360671875 0.07081703972160017 0.17805580663254866 0.21365135604251892 0.18010867599145552
2 0.21426951277997258 0.19525617201933268 0.07098952261839639 0.19473450708590184 0.07092628483842384 0.21210333506656917 0.21420627500000006 0.212625
2 0.4166815594298939 0.15870533939057582 0.3165246310327306 0.15796881542318753 0.3161136347639803 0.21385854295872436 0.4162705631611436 0.21459506692611266
2 0.21865689375000005 0.39713671875000006 0.07095627500000005 0.39569075468750003 0.07071722845659562 0.4201085969330676 0.21841784720659563 0.4215545609955676
2 0.46641255156250006 0.9287246093749999 0.4645988209986317 0.40725963196260195 0.22333415909112206 0.40809878532905514 0.2251478896549904 0.929563762741453
2 0.2917690372329881 0.5885355219082513 0.276735683936287 0.5884468755578719 0.276076213890799 0.7002850520871207 0.2911095671875001 0.7003736984375001
2 0.7395134122610724 0.6863122682039835 0.3933150100688133 0.44641505334845555 0.3126008694502166 0.5628945486744332 0.6587992716424756 0.8027917635299613
2 0.5999540337054692 0.6186497333942625 0.3494140274296721 0.5166532087563076 0.3154333980638258 0.6001218085423696 0.565973404339623 0.7021183331803246
2 0.34866055072370733 0.6546222923673598 0.32054328538511473 0.6535009232873322 0.3198652265625001 0.6705026046875 0.3479824919010927 0.6716239737675276
1 0.3666378593750001 0.44811393281250006 0.35284053075918165 0.448066020828817 0.3521203666966816 0.6554533895788169 0.36591769531250007 0.6555013015625
1 0.21119652558628704 0.30087435060063217 0.16171025873860712 0.3008264811606848 0.1616989190898201 0.3125491352475526 0.21118518593750002 0.3125970046875
1 0.20966286108189358 0.2682924868227985 0.13484489792834997 0.2682473482737903 0.1348227273905433 0.30499541654725437 0.2096406905440869 0.30504055509626254
1 0.2099624484375 0.23351692656249998 0.0950090133720911 0.23346054414793818 0.09497368490139647 0.3054888368970037 0.20992711996680535 0.3055452193115655
1 0.21041165043685997 0.499620803024922 0.16176198818553505 0.4987539373241375 0.16121196994924555 0.5296216961976682 0.20986163220057047 0.5304885618984527
1 0.12977523525132642 0.5789502862189359 0.11491695142262386 0.49809768545175936 0.09818605130003308 0.5011723232540358 0.11304433512873562 0.5820249240212123
2 0.21822412965325752 0.5662296151600419 0.20383295635663218 0.5403489710304888 0.1587228775631653 0.5654328506314568 0.17311405085979065 0.5913134947610098
2 0.21804330414635542 0.6237085717223034 0.13312312825726666 0.591205840576034 0.12065757770586609 0.6237746958090123 0.20557775359495487 0.6562774269552818
1 0.1152108177839735 0.6769194775654884 0.11472570101430521 0.5922648808629049 0.09446030813739413 0.5923810125593684 0.09494542490706241 0.6770356092619518
2 0.0852968109375 0.5959368484374999 0.08510780555297856 0.577833596372703 0.07089021336547854 0.5779820338727031 0.07107921874999998 0.5960852859374999
2 0.21224897187500008 0.6523489578125001 0.07103240380145662 0.6522187357664629 0.0710159468750001 0.6700651046874999 0.2122325149485435 0.6701953267335371
2 0.21458435356346128 0.6859174693756208 0.07109086390205371 0.6852076233640433 0.07100000000000008 0.7035755203125 0.21449348966140763 0.7042853663240776
1 0.08800272636657093 0.7745825991343894 0.08761110073465388 0.7436951593659498 0.07065981499308296 0.7439100867940602 0.071051440625 0.7747975265625
2 0.21518121455988096 0.8396992887716548 0.07123714062500011 0.8311171875 0.06982957972620771 0.8547256306621425 0.21377365366108853 0.8633077319337975
1 0.21024061998537028 0.8836541212650747 0.21005621256973311 0.8689216817747857 0.16012668752513642 0.8695466546235482 0.16031109494077359 0.8842790941138372
1 0.20884766808572208 0.9175730304993502 0.20872720731899105 0.8701746548210956 0.13322852230078094 0.8703665312167386 0.13334898306751197 0.9177649068949932
1 0.11508076093750011 0.869400390625 0.10546913593750011 0.869400390625 0.10546913593750014 0.929021484375 0.11508076093750012 0.929021484375
1 0.30641429599196524 0.17203719711403975 0.24658192484189273 0.17112306518665515 0.2367896871906397 0.8120511194290827 0.2966220583407122 0.8129652513564674
1 0.40272716127654223 0.6959185047935251 0.32891822508473895 0.6894406116158135 0.3174669234452626 0.8199164266430344 0.3912758596370659 0.8263943198207461
2 0.7096753525014192 0.8083313370941998 0.6678070984375 0.7550768234375 0.6555387176333636 0.7647221220082792 0.6974069716972828 0.8179766356649786
2 0.7970789931904723 0.8877386126951172 0.7960821658663431 0.7565556461359558 0.7652944904312725 0.7567895941623276 0.7662913177554017 0.8879725607214889
2 0.8667091344061459 0.7513627572650441 0.8420341324645607 0.7496613237667766 0.8297368231552763 0.928002781950048 0.8544118250968615 0.9297042154483153
2 0.9022570721381203 0.5135147253112224 0.8797660772921695 0.5134943050580947 0.8793891489040494 0.9286455953718725 0.9018801437500003 0.9286660156250003
2 0.764249334458005 0.8262300718797981 0.7373201053986224 0.8215542504832989 0.719170152191847 0.9260843866617827 0.7460993812512297 0.930760208058282
2 0.5447361109374999 0.9285768234375 0.5176553499999998 0.8483515625000001 0.5035686074444324 0.8531066695956644 0.5306493683819324 0.9333319305331644
2 0.6374439296875001 0.9285279953125002 0.586521090625 0.8439186203125002 0.5735594727786737 0.8517196752142544 0.6244823118411736 0.9363290502142544
1 0.7097172877214083 0.8962113390826086 0.6968044316387431 0.8882848752252904 0.671926440625 0.9288131515625002 0.6848392967076652 0.9367396154198184
0 0.2434993155567735 0.15981689720279518 0.21373691302414563 0.15856129782823067 0.21271974302088287 0.1826720322666898 0.24248214555351075 0.1839276316412543
0 0.24228394999999997 0.19335937500000006 0.21296296250000002 0.19335937500000006 0.21296296250000002 0.216796875 0.24228394999999997 0.216796875
0 0.24228394999999997 0.2265625 0.21193415624999998 0.2265625 0.21193415624999998 0.2506510421875 0.24228394999999997 0.2506510421875
0 0.24125514374999998 0.26171875 0.21090535 0.26171875 0.21090535 0.2845052078125 0.24125514374999998 0.2845052078125
0 0.24240947381123887 0.2964655139684818 0.210438651836751 0.29523936218673275 0.20951464877599157 0.3193319238084945 0.24148547075047944 0.3205580755902436
0 0.24203026702258504 0.32991040082257805 0.2123396711802706 0.327486068790399 0.21036194315762174 0.35170714190541574 0.24005253899993623 0.3541314739375948
0 0.24176954687500007 0.36328125 0.21141975312500008 0.36328125 0.21141975312500008 0.38671875 0.24176954687500007 0.38671875
0 0.24357619876944092 0.39902799989926463 0.2133127681514128 0.3966341161120057 0.21134560728659418 0.4215029241401117 0.24160903790462235 0.4238968079273707
0 0.3250537721742477 0.18067183166666803 0.32124801922955004 0.1566157109500515 0.28983230512985275 0.16158577440513375 0.2936380580745504 0.18564189512175028
0 0.32368865386205625 0.1937337404239912 0.29338534566727226 0.1924553185596206 0.2923160808601465 0.2178008339135237 0.3226193890549304 0.21907925577789428
0 0.32362927317191476 0.24900166765666829 0.32212040147866716 0.2263499824529256 0.2916456259980416 0.2283799650201032 0.2931544976912892 0.25103165022384594
0 0.3238586010097163 0.2843083862110586 0.32303032776041574 0.2614030697264745 0.2919513303232223 0.2625269093472732 0.2927796035725229 0.28543222583185734
0 0.32392089631074206 0.3187436538611201 0.32293394492054583 0.2945693991656082 0.29192598661819413 0.2958353470899235 0.29291293800839036 0.32000960178543536
0 0.32480016374387244 0.3509760940273715 0.3229417564450913 0.3274821463904663 0.291656493971013 0.32995685864507174 0.29351490126979407 0.35345080628197695
0 0.3220164609375001 0.36328125 0.29269547343750013 0.36328125 0.29269547343750013 0.3873697921875 0.3220164609375001 0.3873697921875
0 0.3235596703125001 0.3977864578125 0.29218107031250007 0.3977864578125 0.29218107031250007 0.4212239578125 0.3235596703125001 0.4212239578125
0 0.3682899276938295 0.4313606912263214 0.35038934147505674 0.4287087531239303 0.34719654627362834 0.4502601255826314 0.3650971324924011 0.45291206368502257
0 0.8853832959708476 0.1635556863476159 0.8832891707738766 0.13175114958213818 0.8595153531357054 0.13331650332117873 0.8616094783326765 0.1651210400866564
0 0.24125514375000007 0.4791666671875 0.2103909468750001 0.4791666671875 0.2103909468750001 0.5026041671875 0.24125514375000007 0.5026041671875
0 0.2416176551128813 0.5356238919543975 0.24085672330557567 0.5127771128609399 0.20936127603000462 0.5138260960685624 0.21012220783731025 0.5366728751620201
0 0.2414088116034112 0.5464349747934631 0.21121952105369535 0.5451795401697515 0.21018538658829686 0.5700472515214489 0.24037467713801272 0.5713026861451606
0 0.1795267484375001 0.5807291671875 0.1620370375000001 0.5807291671875 0.1620370375000001 0.6048177078125 0.1795267484375001 0.6048177078125
0 0.14439684468217906 0.5904910552782454 0.12887757925598117 0.574550274120217 0.11409770021038317 0.5889393347065118 0.12961696563658104 0.6048801158645402
0 0.10160522919603379 0.5760647602093655 0.08339296466160438 0.5742660187076538 0.08121885453309827 0.5962788920136055 0.09943111906752769 0.5980776335153172
0 0.24211198883969692 0.6029416288243497 0.2401376678802448 0.5787622817332594 0.20984754015935994 0.5812355674592358 0.21182186111881202 0.605414914550326
0 0.24099668089293588 0.6161268813360715 0.21167141351603144 0.6149296290016172 0.21073838695605263 0.6377830013056281 0.24006365433295712 0.6389802536400826
0 0.24125514375000007 0.6484375 0.21141975312500008 0.6484375 0.21141975312500008 0.6725260421875 0.24125514375000007 0.6725260421875
0 0.24043753827125625 0.6839906636786086 0.2121141975827125 0.6827473898686351 0.21111589280736265 0.7054900279234311 0.2394392334959064 0.7067333017334045
0 0.24147096656304465 0.7169978105311818 0.2096597236182181 0.7159096717088869 0.20885053840612183 0.7395658328915788 0.2406617813509484 0.7406539717138739
0 0.24174805937353527 0.8240040034028512 0.23891285358823727 0.7971220400304679 0.2086264584205785 0.8003163068184135 0.2114616642058765 0.8271982701907966
0 0.24022633750000008 0.8333333328125001 0.21090535000000007 0.8333333328125001 0.21090535000000007 0.8587239578125001 0.24022633750000008 0.8587239578125001
0 0.24058756423969246 0.8916603188417549 0.23960317847601922 0.8675489617622691 0.20817064971292187 0.8688322463873792 0.20915503547659506 0.892943603466865
0 0.2397119343750001 0.90234375 0.2083333328125001 0.90234375 0.2083333328125001 0.92578125 0.2397119343750001 0.92578125
0 0.3220164609375001 0.4791666671875 0.29166666718750006 0.4791666671875 0.29166666718750006 0.5026041671875 0.3220164609375001 0.5026041671875
0 0.3230158707850896 0.514582271032864 0.29163122498802535 0.5134473789404548 0.2907875013727569 0.5367799644725354 0.3221721471698211 0.5379148565649446
0 0.32360737660144395 0.5471924864078772 0.2919507440482362 0.5459783816837136 0.2909965179553139 0.570858924683937 0.3226531505085216 0.5720730294081005
0 0.3220164609375001 0.5807291671875 0.2906378593750001 0.5807291671875 0.2906378593750001 0.6048177078125 0.3220164609375001 0.6048177078125
0 0.3220164609375001 0.615234375 0.2906378593750001 0.615234375 0.2906378593750001 0.6399739578125 0.3220164609375001 0.6399739578125
0 0.3220164609375001 0.6490885421875 0.2906378593750001 0.6490885421875 0.2906378593750001 0.6731770828125 0.3220164609375001 0.6731770828125
0 0.3215020578125001 0.68359375 0.2906378593750001 0.68359375 0.2906378593750001 0.7063802078125 0.3215020578125001 0.7063802078125
0 0.32098765468750007 0.716796875 0.2901234562500001 0.716796875 0.2901234562500001 0.740234375 0.32098765468750007 0.740234375
0 0.3199588484375001 0.798828125 0.2885802468750001 0.798828125 0.2885802468750001 0.8248697921874999 0.3199588484375001 0.8248697921874999
0 0.32047325156250006 0.833984375 0.2901234562500001 0.833984375 0.2901234562500001 0.8580729171874999 0.32047325156250006 0.8580729171874999
0 0.32047325156250006 0.8678385421874999 0.28960905312500007 0.8678385421874999 0.28960905312500007 0.8932291671874999 0.32047325156250006 0.8932291671874999
0 0.32047325156250006 0.9029947921874999 0.2901234562500001 0.9029947921874999 0.2901234562500001 0.92578125 0.32047325156250006 0.92578125
0 0.36574074062500006 0.6510416671875 0.34619341562500006 0.6510416671875 0.34619341562500006 0.6725260421875 0.36574074062500006 0.6725260421875
1 0.08885802500000003 0.305673828125 0.08164609062500004 0.305673828125 0.08164609062500004 0.3750944015625 0.08885802500000003 0.3750944015625
1 0.10239454687500005 0.3063932296875 0.09506430000000005 0.3063932296875 0.09506430000000005 0.3751822921875 0.10239454687500005 0.3751822921875
1 0.11507973281250003 0.3067545578125 0.10733796250000005 0.3067545578125 0.10733796250000005 0.3749381515625 0.11507973281250003 0.3749381515625
1 0.12833847812500004 0.3049479171875 0.12104423906250003 0.3049479171875 0.12104423906250003 0.37515624999999997 0.12833847812500004 0.37515624999999997
1 0.14321759218750005 0.3063899734375 0.13474537031250006 0.3063899734375 0.13474537031250006 0.3744303390625 0.14321759218750005 0.3744303390625
1 0.15586677031250004 0.3071158859375 0.14902006250000005 0.3071158859375 0.14902006250000005 0.3751497390625 0.15586677031250004 0.3751497390625
1 0.16918724218750006 0.3071158859375 0.16272633750000004 0.3071158859375 0.16272633750000004 0.3757877609375 0.16918724218750006 0.3757877609375
1 0.08758744843750006 0.43213216093750006 0.08250514375000004 0.43213216093750006 0.08250514375000005 0.5001725265625 0.08758744843750008 0.5001725265625
1 0.10236625468750005 0.432490234375 0.09449588437500005 0.432490234375 0.09449588437500006 0.49986653593749997 0.10236625468750005 0.49986653593749997
1 0.11499742812500005 0.43213216093750006 0.10762602812500004 0.43213216093750006 0.10762602812500004 0.49989908906249997 0.11499742812500005 0.49989908906249997
1 0.12774434218750003 0.43140625000000005 0.12161779843750005 0.43140625000000005 0.12161779843750005 0.5005338546875 0.12774434218750003 0.5005338546875
1 0.14159207812500005 0.43032552031250004 0.13417952656250004 0.43032552031250004 0.13417952656250004 0.4986197921875 0.14159207812500005 0.4986197921875
1 0.15515689375000002 0.43068359375 0.14816615156250004 0.43068359375 0.14816615156250004 0.4996809890625 0.15515689375000002 0.4996809890625
1 0.16924639843750006 0.4314095046875 0.16244084375000006 0.4314095046875 0.16244084375000006 0.4993196609375 0.16924639843750006 0.4993196609375
1 0.08762860156250009 0.67455078125 0.08016975312500009 0.67455078125 0.08016975312500009 0.74400390625 0.08762860156250009 0.74400390625
1 0.1012525718750001 0.6745540359375 0.09353137812500009 0.6745540359375 0.09353137812500009 0.743427734375 0.1012525718750001 0.743427734375
1 0.11486625468750009 0.6760514328125 0.10748971250000008 0.6760514328125 0.10748971250000008 0.7424902343750001 0.11486625468750009 0.7424902343750001
1 0.12642232500000009 0.6760579421874999 0.11965792187500009 0.6760579421874999 0.11965792187500009 0.7428743484375 0.12642232500000009 0.7428743484375
1 0.1403009265625001 0.6749283859374999 0.13302211875000008 0.6749283859374999 0.13302211875000008 0.7432226562500001 0.1403009265625001 0.7432226562500001
1 0.1548971187500001 0.6760514328125 0.14697530937500008 0.6760514328125 0.14697530937500008 0.743310546875 0.1548971187500001 0.743310546875
1 0.16868312812500008 0.6753059890625 0.16063785937500008 0.6753059890625 0.16063785937500008 0.7431966140624999 0.16868312812500008 0.7431966140624999
1 0.0868981484375001 0.8008170578125 0.07987139843750009 0.8008170578125 0.0798713984375001 0.8705891921875001 0.08689814843750011 0.8705891921875001
1 0.1001286015625001 0.8011946609375 0.09293724218750009 0.8011946609375 0.0929372421875001 0.8712272140625 0.1001286015625001 0.8712272140625
1 0.1145396093750001 0.800439453125 0.10689043281250007 0.800439453125 0.10689043281250007 0.8694173171875 0.1145396093750001 0.8694173171875
1 0.1273122421875001 0.7996875 0.1193647125000001 0.7996875 0.1193647125000001 0.8693229171875 0.1273122421875001 0.8693229171875
1 0.1410751031250001 0.8000651046874999 0.1336162546875001 0.8000651046874999 0.1336162546875001 0.8702343750000001 0.1410751031250001 0.8702343750000001
1 0.15402263437500008 0.8008203125 0.14697530937500008 0.8008203125 0.14697530937500008 0.8703385421875 0.15402263437500008 0.8703385421875
1 0.16803755156250008 0.8000683593750001 0.1609336421875001 0.8000683593750001 0.1609336421875001 0.8690592453124999 0.16803755156250008 0.8690592453124999
0 0.8297325109375 0.13411458281250008 0.8091563781250001 0.13411458281250008 0.8091563781250001 0.16341145781250008 0.8297325109375 0.16341145781250008
0 0.779226226744556 0.13420029682052634 0.7550409986638665 0.13307621972034356 0.7536421053062442 0.1631742929834286 0.7778273333869337 0.16429837008361137
0 0.7225504850283789 0.13598650189826925 0.7015233876907618 0.1351120810174497 0.7004135001808189 0.16180141703090398 0.7214405975184361 0.16267583791172352
0 0.672136081786016 0.13276636540740036 0.6470095329728488 0.1289848284258353 0.6419657083152402 0.16249868987483934 0.6670922571284075 0.16628022685640442
0 0.5894821268818813 0.1314680898249315 0.5645467642379915 0.13048298648522882 0.5632715742734037 0.1627611474916109 0.5882069369172934 0.1637462508313136
0 0.5224283345641222 0.16211822300498638 0.5212213672287745 0.13156694642139477 0.4971334481217487 0.13251857053631932 0.49834041545709634 0.16306984711991093
0 0.520061728125 0.3359375000000001 0.4979423875 0.3359375000000001 0.4979423875 0.3665364578125001 0.520061728125 0.3665364578125001
0 0.5895061734375 0.3372395828125001 0.5648148140625 0.3372395828125001 0.5648148140625 0.36588541718750006 0.5895061734375 0.36588541718750006
0 0.6728939548728672 0.3253386785551059 0.6603782852021729 0.3006984513829038 0.6411305050251139 0.3104751006364455 0.6536461746958082 0.33511532780864756
0 0.6685959992210793 0.37174154847796714 0.646690338088481 0.3695780270939416 0.6436576599491112 0.40028390323447144 0.6655633210817093 0.402447424618497
0 0.7238568473568034 0.30635872793668134 0.7019399822998837 0.30306024725996866 0.6978361505128425 0.3303282946758227 0.7197530155697622 0.3336267753525354
0 0.7209203415642207 0.37222691947942493 0.7003878977283178 0.37155095446994807 0.6994756106096327 0.3992616847059941 0.7200080544455356 0.399937649715471
0 0.7774022432250018 0.3057016441930641 0.7551318849576802 0.3044204678993428 0.7535148264085147 0.332529381095471 0.7757851846758363 0.33381055738919235
0 0.8302469140625 0.3046875000000001 0.8086419749999999 0.3046875000000001 0.8086419749999999 0.3320312500000001 0.8302469140625 0.3320312500000001
0 0.8851974054421451 0.30593853198980625 0.8631997541325452 0.3040824788242016 0.8608980235807397 0.33136222868566445 0.8828956748903396 0.3332182818512691
0 0.7768755018283819 0.373644034543244 0.7537602643256445 0.37190461688377524 0.7516660468523925 0.3997348128192275 0.7747812843551298 0.40147423047869635
0 0.8300968716147528 0.3716365207429505 0.8083971990790904 0.3707792473695572 0.8072504097160204 0.3998072732226158 0.8289500822516829 0.40066454659600914
0 0.8835141901420526 0.3725999653722006 0.8618006839593757 0.37185403730328676 0.8608165556177984 0.40050140656036354 0.8825300618004752 0.4012473346292774
1 0.7561918718749999 0.39532161406249994 0.7560965482036552 0.37915808858924843 0.7195589664073365 0.3793735673500328 0.7196542900786812 0.3955370928232843
0 0.8850790601155939 0.5319491364360086 0.8798147160669488 0.5090719926833343 0.8594007792636656 0.5137695190826786 0.8646651233123107 0.5366466628353529
0 0.8894855473295955 0.5772004884652657 0.8690540170828299 0.564271162524929 0.8539036588672939 0.5882124726565222 0.8743351891140595 0.601141798596859
0 0.8310155646229441 0.568491572926747 0.8079022687813231 0.5656080406159918 0.8042638922204276 0.5947718802308761 0.8273771880620486 0.5976554125416313
0 0.8297325109375 0.5078125000000002 0.808127571875 0.5078125000000002 0.808127571875 0.5364583328125001 0.8297325109375 0.5364583328125001
0 0.7762345671875 0.5664062500000002 0.7525720171875 0.5664062500000002 0.7525720171875 0.5970052078125001 0.7762345671875 0.5970052078125001
0 0.7760852228600362 0.536773318682145 0.7748419758580253 0.5068771024556058 0.7515716268661425 0.5078448099206805 0.7528148738681535 0.5377410261472196
0 0.7222924365126397 0.5071160686883895 0.7004773620410927 0.5056172341623695 0.698429416998679 0.5354244429224461 0.7202444914702261 0.5369232774484661
0 0.7233862194950141 0.5673216431853036 0.699717845414807 0.5647715162598016 0.6964308030137613 0.5952793895689441 0.7200991770939684 0.5978295164944463
0 0.6682098765625 0.5078125 0.64557613125 0.5078125 0.64557613125 0.5364583328125 0.6682098765625 0.5364583328125
0 0.6689064328192778 0.5690694435556927 0.6467261989077691 0.5663023195234753 0.6432297296937737 0.5943287123153673 0.6654099636052824 0.5970958363475847
0 0.5939837072462127 0.4991564632697293 0.577083553124847 0.4777672046213152 0.5574485714660625 0.4932812634140098 0.5743487255874282 0.5146705220624239
0 0.5221358440499966 0.48131476700176357 0.49758986516992126 0.4782116715202854 0.49370939517731555 0.5089068064433953 0.5182553740573907 0.5120099019248735
0 0.42386831249999996 0.4778645828125 0.3991769546875001 0.4778645828125 0.3991769546875001 0.5084635421875 0.42386831249999996 0.5084635421875
0 0.42622192133004366 0.7107977755549834 0.42296794205818555 0.6799452212242398 0.3968171122878303 0.6827033156465818 0.40007109155968845 0.7135558699773253
0 0.51851851875 0.6861979171875 0.49691357968750005 0.6861979171875 0.49691357968750005 0.7141927078125 0.51851851875 0.7141927078125
0 0.5877996584524731 0.6848855393414558 0.5625329603426468 0.683978093721546 0.561377958892854 0.7161376769605126 0.5866446570026803 0.7170451225804223
0 0.5195120091945229 0.824344410232805 0.4977357849414563 0.8221001623298637 0.4947250529295856 0.8513136798608173 0.5165012771826522 0.8535579277637586
0 0.5887336827914005 0.8267078940895572 0.5653212883493024 0.8232218589243105 0.561315878398915 0.8501224015796618 0.5847282728410131 0.8536084367449085
0 0.6674207356405035 0.7404193221524651 0.6463550601701324 0.7396956492065985 0.645461500610304 0.7657066197815033 0.6665271760806751 0.76643029272737
0 0.6669474130357281 0.8102500130551815 0.6476520174411825 0.8068620708968641 0.6433457749908961 0.8313874753227664 0.6626411705854418 0.834775417481084
0 0.6686055746606806 0.9004574075136427 0.6617887129218879 0.873136707627669 0.6421381448862193 0.8780397740186097 0.648955006625012 0.9053604739045833
0 0.7225473190904804 0.7637210158532177 0.719432448867827 0.7354179879353792 0.6975778090130605 0.7378231852558935 0.700692679235714 0.7661262131737321
0 0.721166162233571 0.8090744935001426 0.7009281762783177 0.8055210458629624 0.6966770647727076 0.8297324438429318 0.7169150507279609 0.833285891480112
0 0.7218509430879534 0.8979203556677856 0.7172553881705394 0.8727166249441588 0.6965371079622608 0.8764943194265975 0.7011326628796748 0.9016980501502243
0 0.7746913578125001 0.7369791671875002 0.7520576125000001 0.7369791671875002 0.7520576125000001 0.7656250000000002 0.7746913578125001 0.7656250000000002
0 0.7765850030108776 0.8112072237636042 0.7584061817808125 0.8049231864248773 0.7505474280688764 0.8276574368947095 0.7687262492989415 0.8339414742334365
0 0.7745715139459497 0.8994047201800063 0.7718556411534755 0.8770624183992404 0.7514231466788941 0.8795461399231195 0.7541390194713683 0.9018884417038855
0 0.8294643982501203 0.7650055486510459 0.8271422086263243 0.7370848365963448 0.80587390924259 0.7388537393395103 0.8081960988663859 0.7667744513942113
0 0.8276674252118449 0.8325499020580107 0.8263383799166979 0.8090008744268484 0.8076955264883854 0.8100530281303936 0.8090245717835323 0.8336020557615559
0 0.825617284375 0.8776041671874999 0.808127571875 0.8776041671874999 0.808127571875 0.9010416671874999 0.825617284375 0.9010416671874999
0 0.8851845184687377 0.7639264876382942 0.8803836672015606 0.7361092108733287 0.8594377471002209 0.7397241674310947 0.864238598367398 0.7675414441960602
0 0.8799005206784687 0.809926816392154 0.8612407565143808 0.8090595510283336 0.8601839742301316 0.8317968918925074 0.8788437383942194 0.8326641572563277
0 0.8806359195340384 0.8774282563075619 0.8632221906760187 0.8748074960848513 0.8593943998570884 0.900241380065709 0.8768081287151082 0.9028621402884196
0 0.4275949161564796 0.20883947242324363 0.4022002593796928 0.20482648772029002 0.3973323944134067 0.23563093109720987 0.4227270511901935 0.23964391580016348