1 0.6821060812683736 0.5623780897634622 0.6696229421875001 0.5546764328125 0.6258661406066265 0.6255991242990381 0.6383492796875 0.6333007812500002
1 0.6489629625000001 0.6959804687500001 0.6348802133784641 0.6959357537175765 0.634827744628464 0.7124604927800764 0.6489104937500001 0.7125052078125
1 0.61770781875 0.7123717453125 0.6172672906660914 0.6949198717337965 0.6040620437910913 0.6952532045462967 0.604502571875 0.7127050781250001
1 0.6721985593750002 0.6961321609375002 0.6570128593750001 0.6960976562500002 0.6569757537464904 0.7124280444866306 0.6721614537464905 0.7124625491741305
1 0.7014539687361296 0.7128310456363698 0.7012601277533045 0.695918718302246 0.688885803125 0.696060546875 0.6890796441078252 0.7129728742091238
1 0.7938681325383905 0.6776297233952152 0.7800159468750001 0.6775201828125001 0.7798777518366098 0.6949959281672851 0.7937299375000002 0.6951054687500002
1 0.7937299375 0.7342838546874999 0.7936917670284149 0.7184133800713819 0.7799093445203917 0.7184465285171241 0.7799475149919768 0.7343170031332421
1 0.7946213984375001 0.6276608078125001 0.7944501031250001 0.6092063796875001 0.7798758265403203 0.6093416591578323 0.7800471218528203 0.6277960872828323
1 0.7947063344703333 0.649756466448642 0.7802983546875 0.6495657546875 0.7800753101366402 0.6664164269282408 0.7944832899194736 0.6666071386893828
1 0.795517339480232 0.4748470789036026 0.7953491204589886 0.45865589759813197 0.7805267484375 0.4588098953125 0.7806949674587434 0.4750010766179706
1 0.7953405343750001 0.5137109375 0.7951347734375 0.49655924531249995 0.7805731763744385 0.49673393407384425 0.7807789373119385 0.5138856262613443
1 0.7951491765625 0.5420384109375 0.7949423875 0.5234375000000001 0.7807844717004799 0.5235948956321266 0.7809912607629799 0.5421958065696264
1 0.7947355968750001 0.58119140625 0.7945531305712314 0.5641137708206424 0.780657962154946 0.5642622339982087 0.7808404284587146 0.5813398694275663
2 0.7342745699610201 0.693860383415743 0.6909763375000001 0.6393899734375001 0.678913110757866 0.6489789667261415 0.7222113432188861 0.7034493767043843
2 0.733874088809315 0.4894956203486826 0.7046358765299338 0.4893911695457865 0.7041176361989885 0.6344587074467148 0.7333558484783698 0.634563158249611
2 0.768254246785241 0.42134934248882916 0.7369220916548623 0.4212920255268502 0.7366836699903947 0.5516245539726714 0.7680158251207734 0.5516818709346504
2 0.8391217421091547 0.6367879771606443 0.8360879405411943 0.4163385506504798 0.8103621523960213 0.41669258621159405 0.8133959539639817 0.6371420127217585
2 0.8740256811893481 0.7058281562974889 0.8739369216621091 0.1779976764747096 0.8468532314127508 0.17800223084516434 0.8469419909399898 0.7058327106679437
2 0.8518945910702131 0.17640791715214144 0.8512711253785528 0.1264903257325905 0.6821402250250438 0.1286027536517134 0.6827636907167041 0.1785203450712643
2 0.7936525060896285 0.21032691165516054 0.6340343548447939 0.18934379591004044 0.6299245980543928 0.2206066354672341 0.7895427492992273 0.2415897512123542
2 0.5387674890625 0.1512005203125001 0.4918765437500001 0.1507812500000001 0.4917156197386189 0.16877889684543113 0.5386065650511188 0.16919816715793112
2 0.6278226217510998 0.23189444057069405 0.5630790772454002 0.1494690354566294 0.551302053239356 0.15871965760188728 0.6160455977450555 0.24114506271595193
2 0.843605636203546 0.2548234245954736 0.3039129792861622 0.12949494779823112 0.2832736468569022 0.21837256316867126 0.822966303774286 0.34370103996591367
2 0.33362345624999995 0.09406250000000002 0.3124844050284164 0.059917957006324116 0.28748022468903633 0.07539816563133825 0.3086192759106199 0.10954270862501417
2 0.7007241245626562 0.3772593671099642 0.38950528237136045 0.10575882383427467 0.2848692784747916 0.22570221544342864 0.5960881206660873 0.4972027587191182
2 0.554271765081775 0.25529091957770234 0.2928310021024206 0.23253757823191398 0.28407332084308023 0.3331652107003096 0.5455140838224347 0.3559185520460979
2 0.32093981406250005 0.31917578125 0.2916152265625 0.3176647140625 0.29076365446064467 0.3341907830685586 0.32008824196064467 0.3357018502560586
1 0.3382473595007101 0.11689734470669491 0.32439146093750004 0.11685026093750006 0.32370119987429 0.3199815615433052 0.3375570984375001 0.3200286453125
2 0.5476055829355566 0.6898464520739557 0.4894634781249999 0.512201171875 0.47720501845839863 0.516213283235084 0.5353471232689554 0.6938585634340396
2 0.6280443297161477 0.6271226995654663 0.5589933125 0.5085364578124999 0.546833775078876 0.5156167768730829 0.6158847922950236 0.6342030186260493
2 0.4903669241877198 0.7201334893781225 0.47088912917843145 0.0647419336137677 0.18628670218569005 0.07320012579423532 0.20576449719497844 0.7285916815585902
2 0.3732224526882584 0.6411969859558021 0.3703149169568979 0.6172402183719405 0.2859096314864959 0.6274841455863196 0.2888171672178564 0.6514409131701812
1 0.376645327785491 0.362420278384126 0.3027353197587296 0.35467615550529513 0.2889634031303316 0.4861155043476593 0.36287341115709293 0.4938596272264902
1 0.2696369772630027 0.4780307204336025 0.2553845635222322 0.07059080330636396 0.19720414679686363 0.07262597790738726 0.2114565605376341 0.4800658950346258
2 0.2630743590629742 0.2523758862940028 0.2478407781956447 0.25234686848347027 0.24762650194517052 0.36483621656446746 0.26286008281250006 0.364865234375
1 0.18155732045350434 0.16613982992779847 0.13338485344680076 0.16587642094400495 0.13322568143079644 0.19498593945370649 0.18139814843750002 0.19524934843750003
1 0.10153247294223348 0.24518959977577431 0.08686049955784199 0.16506692329068667 0.07005623473245821 0.16814410115191533 0.0847282081168497 0.24826677763700297
2 0.1912539541599047 0.23092168936875956 0.17569639410488852 0.2041611973642504 0.12990216692068038 0.2307842669053981 0.14545972697569656 0.25754475890990725
2 0.19092812609678775 0.28717382536915326 0.10542909252264683 0.2573526628734142 0.09397105472201914 0.2902035337524289 0.17947008829616007 0.320024696248168
2 0.18513168750000003 0.31642187499999996 0.07101339857605819 0.3161429644704864 0.07096849442227332 0.3345158283578595 0.18508678334621514 0.334794738887373
2 0.18522245340401822 0.35146480347892234 0.07315895000000004 0.35068294218749996 0.07303807614806321 0.3680076869556415 0.18510157955208137 0.3687895482470639
1 0.08803177185741366 0.3429379734987188 0.08664199754788642 0.26060361013541905 0.07067903314113272 0.2608730592078375 0.07206880745065997 0.34320742257113723
2 0.1855136847680939 0.5028346386837229 0.07267901250000006 0.5021588546875 0.0725744687695238 0.5196143695145855 0.18540914103761763 0.5202901535108084
2 0.19070402732960146 0.6704405129652656 0.0770011324332743 0.599955049877229 0.06275405228030784 0.6229375796960228 0.176456947176635 0.6934230427840594
1 0.18164121461201344 0.534821106640048 0.07777314843750005 0.5336263015625 0.07680992271441356 0.6173624649138133 0.18067798888892692 0.6185572699913613
1 0.18043672812499997 0.5834648437500001 0.18040027727748553 0.5339973989161444 0.10490003971434954 0.5340530324273549 0.10493649056186398 0.5835204772612106
1 0.18060958543689862 0.549188434774693 0.18049467941435945 0.5351574176618595 0.13239373977228677 0.5355513369059328 0.13250864579482594 0.5495823540187663
2 0.6807600891536417 0.47386468296706596 0.6404017484375001 0.4214420578124999 0.6292501983463584 0.430027245157934 0.6696085390625001 0.48244987031250003
0 0.21266618572204443 0.16586741496399654 0.21188766054369138 0.1431075859055852 0.18291235023995533 0.14409871850874129 0.1836908754183084 0.16685854756715263
0 0.21340294014053182 0.20022985232568608 0.21243909800050562 0.17662168915741008 0.18149358235826793 0.17788509079557344 0.1824574244982941 0.20149325396384948
0 0.21244855937499998 0.21223958281250002 0.18364197500000004 0.21223958281250002 0.18364197500000004 0.23502604218749998 0.21244855937499998 0.23502604218749998
0 0.21295284444601909 0.24754950080727717 0.1835023345252346 0.24561037321225704 0.18199736605032565 0.26846708935336944 0.21144787597111017 0.27040621694838957
0 0.11007973281305472 0.24483723760003478 0.09286530979649346 0.24386570075880415 0.09156472454904217 0.2669104517847835 0.1087791475656034 0.26788198862601414
0 0.15180202052628483 0.24910377363282618 0.13557213134945786 0.24759511354281308 0.13349418031896557 0.26994933048207714 0.1497240694957925 0.27145799057209025
0 0.21270694095451229 0.3025141256494567 0.21185919300649295 0.27974007479991253 0.18343128366941117 0.2807982836344411 0.1842790316174305 0.30357233448398524
0 0.2127233063086112 0.33637399440492055 0.2118802564601364 0.3130599854679545 0.18252702476036434 0.31412141757101514 0.1833700746088391 0.3374354265079812
0 0.21249928648647082 0.3491970203275328 0.18375994342753638 0.3480948030156802 0.18286238372589156 0.3714978796177777 0.21160172678482603 0.3726000969296303
0 0.2129629625000001 0.3821614578125 0.18209876562500005 0.3821614578125 0.18209876562500005 0.40625 0.2129629625000001 0.40625
0 0.2175925921875 0.07031250000000003 0.18261316875 0.07031250000000003 0.18261316875 0.08723958281250002 0.2175925921875 0.08723958281250002
0 0.2951222846800848 0.16607128020952705 0.2931223630141402 0.1423684959320129 0.262734266591657 0.14493249059654653 0.2647341882576016 0.16863527487406066
0 0.29578189374999997 0.07161458281250004 0.2633744859375 0.07161458281250002 0.2633744859375 0.08593750000000003 0.29578189374999997 0.08593750000000004
0 0.3383278039062529 0.09352341656536517 0.3222276638013183 0.09272834821635857 0.32114722759307057 0.11460718963793877 0.3372473676980051 0.11540225798694537
0 0.2955299603059277 0.20034077599148756 0.29342774512430514 0.17625612848696728 0.2623427940141738 0.17896936131013602 0.2644450091957964 0.20305400881465627
0 0.2950586735032941 0.23534958634446715 0.29407599971552184 0.21128016207606476 0.2626075664567527 0.21256491256119575 0.263590240244525 0.23663433682959814
0 0.29455222499430433 0.2685919830739883 0.29367959543838273 0.24583899261353553 0.2630851204656316 0.24701236114966413 0.26395775002155325 0.2697653516101169
0 0.2940589700780794 0.3031197372444348 0.2930985542970772 0.27959543988887425 0.262577607521172 0.2808415046912212 0.2635380233021742 0.30436580204678176
0 0.2947718687986247 0.33595696855580287 0.29291338390084654 0.313196253994735 0.26237629760621106 0.3156897044331411 0.26423478250398924 0.3384504189942089
0 0.2937586692873451 0.3491893919581464 0.2634992732042242 0.3480630100271639 0.2625810597991145 0.37273011658294164 0.2928404558822354 0.3738564985139241
0 0.2932098765625001 0.3828125 0.2623456796875001 0.3828125 0.2623456796875001 0.40625 0.2932098765625001 0.40625
0 0.34200754709383896 0.3231974850572219 0.32561977328240743 0.3128270946366156 0.31429377399664693 0.33072496607207 0.33068154780807846 0.3410953564926763
0 0.3975571721831384 0.34999701960521523 0.3730504241193238 0.34515618186113806 0.3672174342676411 0.37468570140119567 0.3917241823314557 0.3795265391452729
0 0.21141975312500008 0.4661458328125 0.18158436250000004 0.4661458328125 0.18158436250000004 0.48828125 0.21141975312500008 0.48828125
0 0.21152745885227925 0.5002146405484293 0.18268813193542469 0.4991411169852503 0.18180977683381916 0.5227374038234028 0.21064910375067375 0.523810927386582
0 0.21226442912962312 0.5557475090663273 0.21139461557460523 0.5323806838467784 0.18050052333922578 0.5335306945967978 0.1813703368942437 0.5568975198163468
0 0.21233444511829552 0.5895664459376839 0.2113392063294207 0.5659756199457291 0.18074917993971995 0.5672661377438816 0.1817444187285948 0.5908569637358363
0 0.21141975312500008 0.6015625 0.1810699593750001 0.6015625 0.1810699593750001 0.6256510421875 0.21141975312500008 0.6256510421875
0 0.21184796785429164 0.6586134357967685 0.21091601848465413 0.6350500349669803 0.1807678792200889 0.6362424154551074 0.1816998285897264 0.6598058162848954
0 0.21141975312500008 0.6692708328125 0.1815843625000001 0.6692708328125 0.1815843625000001 0.6927083328125 0.21141975312500008 0.6927083328125
0 0.2137670248716251 0.7042954626378527 0.18164554768731572 0.7019040640631986 0.1798337208272529 0.7262406827114909 0.2119551980115623 0.728632081286145
0 0.29218107031250007 0.7037760421875 0.2618312750000001 0.7037760421875 0.2618312750000001 0.7278645828125 0.29218107031250007 0.7278645828125
0 0.29269547343750013 0.669921875 0.2618312750000001 0.669921875 0.2618312750000001 0.693359375 0.29269547343750013 0.693359375
0 0.2937242796875001 0.6360677078125 0.2618312750000001 0.6360677078125 0.2618312750000001 0.6595052078125 0.2937242796875001 0.6595052078125
0 0.29298566778479446 0.6247908683018591 0.2921601696757487 0.6013100516912586 0.26175640106020337 0.6023789350233939 0.2625818991692491 0.6258597516339944
0 0.2933261830530137 0.5695078987983122 0.26367631363319016 0.5671625460512638 0.2618243015792324 0.5905756192586485 0.29147417099905604 0.5929209720056969
0 0.2929780560681997 0.5564194747824296 0.2921046835363378 0.5329570405793301 0.2621114991591751 0.5340735156710161 0.26298487169103696 0.5575359498741157
0 0.2929780560681997 0.5225653075949296 0.2921053953317066 0.4991219951885403 0.2621122108964614 0.5002384702823883 0.2629848716329545 0.5236817826887776
0 0.292447770062132 0.4880737359520725 0.29159478407124 0.4658329328736521 0.26107510435907244 0.4670034328393772 0.26192809034996445 0.48924423591779764
1 0.1398379625 0.09948893281250001 0.1327443421875 0.09948893281250001 0.1327443421875 0.1655501296875 0.1398379625 0.1655501296875
1 0.126656378125 0.09910807343750003 0.12076131718750001 0.09910807343750003 0.12076131718750001 0.1645377609375 0.126656378125 0.1645377609375
1 0.112271090625 0.09873372343750002 0.10667952656249999 0.09873372343750002 0.10667952656249999 0.164287109375 0.112271090625 0.164287109375
1 0.09968107031250002 0.09911132812500002 0.09289094687500002 0.09911132812500002 0.09289094687500002 0.1660579421875 0.09968107031250002 0.1660579421875
1 0.08630144062500003 0.0998665359375 0.07940843593750002 0.0998665359375 0.07940843593750002 0.1650423171875 0.08630144062500003 0.1650423171875
1 0.13975308593750005 0.3446712234375 0.13343621406250003 0.3446712234375 0.13343621406250003 0.410537109375 0.13975308593750005 0.410537109375
1 0.12660751093750006 0.3437044265625 0.11934927968750005 0.3437044265625 0.11934927968750005 0.4095638015625 0.12660751093750006 0.4095638015625
1 0.11209362187500005 0.34402669218750004 0.10603395000000004 0.34402669218750004 0.10603395000000004 0.40934570312499996 0.11209362187500005 0.40934570312499996
1 0.09890174843750005 0.3437337234375 0.09310442343750004 0.3437337234375 0.09310442343750004 0.410498046875 0.09890174843750005 0.410498046875
1 0.08634516406250005 0.3430436203125 0.07825360156250004 0.3430436203125 0.07825360156250004 0.410498046875 0.08634516406250005 0.410498046875
1 0.13916152187500003 0.4682552078125 0.13242283906250005 0.4682552078125 0.13242283906250005 0.5347786453125 0.13916152187500003 0.5347786453125
1 0.12568415625000004 0.4698177078125 0.11935699531250003 0.4698177078125 0.11935699531250003 0.5341536453125 0.12568415625000004 0.5341536453125
1 0.11269547343750004 0.46950520781250005 0.10505144062500005 0.46950520781250005 0.10505144062500005 0.5335286453125 0.11269547343750004 0.5335286453125
1 0.09970679062500007 0.4679427078125 0.09173353906250006 0.4679427078125 0.09173353906250006 0.5347786453125 0.09970679062500007 0.5347786453125
1 0.08590020625000007 0.4685677078125 0.07866769531250006 0.4685677078125 0.07866769531250006 0.5335286453125 0.08590020625000007 0.5335286453125
0 0.6398041846227224 0.429330622322717 0.6351704872864634 0.40147414809175486 0.6170451943202965 0.40448914277628994 0.6216788916565554 0.43234561700725216
0 0.489711934375 0.4869791671875 0.46862139843749995 0.4869791671875 0.46862139843749995 0.5162760421875 0.489711934375 0.5162760421875
0 0.55761316875 0.4895833328125 0.5354938265625 0.4895833328125 0.5354938265625 0.5169270828125 0.55761316875 0.5169270828125
0 0.6399199205423168 0.4752608854203787 0.6201200378786486 0.47108434772321794 0.6151019229326342 0.49487392998687774 0.6349018055963025 0.4990504676840386
0 0.6925929547142555 0.49283255998414066 0.6889923161984066 0.4719696020310901 0.6694648292772188 0.47533975796412664 0.6730654677930678 0.4962027159171772
0 0.691358025 0.4036458328125 0.6702674890625 0.4036458328125 0.6702674890625 0.4296875 0.691358025 0.4296875
0 0.744772294564626 0.43049139634810807 0.7435041556162811 0.40320658670405296 0.7268673748776536 0.4039798282954351 0.7281355138259986 0.4312646379394902
0 0.8016408066540934 0.40589726296203316 0.7811008980573352 0.4030333113611098 0.777291547889747 0.43035350218768753 0.7978314564865052 0.43321745378861093
0 0.8546031243306219 0.40508608543409264 0.8337163312064104 0.4030231908677832 0.8309840131290475 0.43068789238160177 0.851870806253259 0.4327507869479111
0 0.7463397410077894 0.4744096717027686 0.728052615076084 0.47200149129277486 0.7247430966628696 0.4971331549109115 0.7430302225945751 0.4995413353209052
0 0.7997860371046317 0.47589583850631884 0.7807630907186137 0.4732207345641422 0.777750559486931 0.4946431620081689 0.7967735058729488 0.4973182659503454
0 0.852763255193211 0.4748498592424733 0.8345604015687111 0.472452776416653 0.8313668173112884 0.4967040647531265 0.8495696709357882 0.49910114757894675
0 0.636831275 0.5403645828125 0.6193415640625 0.5403645828125 0.6193415640625 0.5651041671875 0.636831275 0.5651041671875
0 0.691358025 0.5403645828125 0.67283950625 0.5403645828125 0.67283950625 0.564453125 0.691358025 0.564453125
0 0.7454861109579489 0.5430555555585852 0.7264844328026786 0.5402404931838235 0.7229090723451295 0.564374185322414 0.7419107505003997 0.5671892476971758
0 0.8001368378691209 0.5650872907227925 0.7965251995728061 0.5391850651171132 0.7770835228260187 0.5418958863937171 0.7806951611223335 0.5677981119993964
0 0.8513374484374999 0.5403645828125001 0.8317901234375 0.5403645828125001 0.8317901234375 0.5657552078125001 0.8513374484374999 0.5657552078125001
0 0.6373456796875 0.6263020828125 0.6177983546875 0.6263020828125 0.6177983546875 0.6497395828125 0.6373456796875 0.6497395828125
0 0.6913652354036056 0.6485196220066112 0.6892666385326085 0.6246153205586711 0.669925538486068 0.6263133066775171 0.6720241353570651 0.6502176081254573
0 0.7453191221014684 0.6491296334733143 0.741964079276922 0.6239461224276789 0.7235069434254013 0.6264050520458766 0.7268619862499478 0.651588563091512
0 0.7991580366653649 0.6267809369065784 0.7789478102769891 0.6259825085331174 0.7778748583299702 0.6531416156914724 0.7980850847183459 0.6539400440649334
0 0.8523662546875 0.6256510421875002 0.8323045265625 0.6256510421875002 0.8323045265625 0.6503906250000002 0.8523662546875 0.6503906250000002
0 0.8533676441267998 0.6957236444156394 0.8335582104652989 0.6934444351235634 0.8306817361049014 0.718444915868971 0.8504911697664023 0.7207241251610471
0 0.7986439199905616 0.6952161107045259 0.7800754457799186 0.6944010339121686 0.7789444187120564 0.7201672526759224 0.7975128929226994 0.7209823294682798
0 0.7447580354193984 0.6940404096727305 0.7247451118268364 0.6930521175202506 0.723463483945395 0.7190050918518035 0.743476407537957 0.7199933840042834
0 0.63844806355396 0.6937302529220004 0.6179484685855972 0.6921105298397494 0.615782169811907 0.7195277148683112 0.6362817647802699 0.7211474379505622
0 0.6930372227947099 0.6967762400217163 0.6738429451167504 0.692563502990091 0.6686737096838253 0.7161158252778245 0.6878679873617848 0.7203285623094497
0 0.5604536014510799 0.6910875875203142 0.5349198542423532 0.6872447673198284 0.5300174138615424 0.7198191962180774 0.5555511610702691 0.7236620164185632
0 0.49211708996913384 0.7199989774861353 0.4894106350862959 0.6874580744098265 0.46553421218911045 0.6894438970276948 0.4682406670719484 0.7219848001040035
0 0.3971717987634863 0.621596152116983 0.3733480780696598 0.6171143248716231 0.367398385518005 0.6487406696200756 0.39122210621183146 0.6532224968654357
0 0.489711934375 0.3515625000000001 0.46965020625 0.3515625000000001 0.46965020625 0.3789062500000001 0.489711934375 0.3789062500000001
0 0.559900171194933 0.3787346199597773 0.5573648777241067 0.3482516661786881 0.5326280435938323 0.35030904993847 0.5351633370646585 0.38079200371955924
0 0.49404428420717217 0.15038879009066303 0.47290410555670687 0.14423492617992353 0.4652849039148107 0.17040893428603507 0.48642508256527595 0.1765627981967746
0 0.5596726250894747 0.17270675608084635 0.5578986587311807 0.14747703218684996 0.5369118799566523 0.1489526662314949 0.5386858463149464 0.17418239012549125
0 0.6401656785401004 0.20093853505010287 0.6390518160256524 0.17274388211766484 0.6173264651366659 0.17360216734027273 0.6184403276511139 0.2017968202727108
0 0.6424396524838685 0.2550974577110455 0.6326385492126066 0.23338954781518986 0.6157908006411315 0.24099629228895453 0.6255919039123933 0.2627042021848102
0 0.6929012343750001 0.17317708281250008 0.671296296875 0.17317708281250008 0.671296296875 0.20117187500000008 0.6929012343750001 0.20117187500000008
0 0.693284166028455 0.23261733490476835 0.6720713464949738 0.23075503036578873 0.6695206403046363 0.25980917750770066 0.6907334598381175 0.2616714820466803
0 0.7507077894877873 0.19675165381775317 0.7417408936664122 0.17027128250229823 0.7223584686979798 0.17683464158012646 0.7313253645193549 0.2033150128955814
0 0.8028495283664208 0.17443089369501355 0.7799362714698064 0.17272503410552953 0.7778494097501767 0.20075594531554933 0.8007626666467911 0.20246180490503335
0 0.8014403296875001 0.23307291718750006 0.778806584375 0.23307291718750006 0.778806584375 0.2610677078125001 0.8014403296875001 0.2610677078125001
0 0.7492093840878994 0.23557319509597816 0.7284478950207984 0.2312563178623564 0.7228274626518012 0.25828709471014255 0.743588951718902 0.26260397194376434
0 0.8551134109423012 0.1768338102967975 0.8335625858072481 0.17440126261788905 0.8305602908393157 0.20099968632763435 0.8521111159743688 0.20343223400654278
0 0.8548082972007169 0.2623350162872646 0.853617365663282 0.23218954953702395 0.8309161703576423 0.23308638651921276 0.8321071018950773 0.2632318532694534
0 0.39773424737768204 0.1465132901434997 0.3744101935466613 0.14113820129560106 0.36780520253605753 0.16979915374570922 0.39112925636707824 0.17517424259360787