2 0.9005655559439771 0.07284994219868904 0.8569127527673823 0.07165414769387793 0.849675968213328 0.33583493335441056 0.893328771389923 0.3370307278592217
1 0.8591367703546181 0.16297079041207396 0.8511062591364205 0.16271105603886873 0.8502654282606704 0.18870800706615132 0.8582959394788681 0.18896774143935655
1 0.22053346538550372 0.7083914271511736 0.21459207812500009 0.7082239578124999 0.2101903002394964 0.8643878697238261 0.21613168750000003 0.8645553390624998
1 0.22822736562500015 0.7096145828125 0.22295201752074334 0.7094280616264286 0.2174540753332433 0.8649254585014283 0.22272942343750007 0.8651119796874998
1 0.2368051296135782 0.7095716357040744 0.23147170781250015 0.7094967453125001 0.22927099080940133 0.8662238206500417 0.23460441261047937 0.8662987110416159
1 0.30366203750000015 0.7096145828125001 0.2972814743246607 0.709490887693649 0.29420225557466073 0.868326175193649 0.30058281875000015 0.8684498703125001
1 0.2959796418633098 0.7082639544449705 0.29026644979846733 0.7080963698081156 0.2856280859375001 0.8662246093750001 0.2913412780023426 0.8663921940118552
1 0.28607089113563544 0.7102543130776888 0.2814195406586739 0.7101829680405535 0.27899731202303857 0.8681005299628648 0.2836486625000001 0.8681718750000001
1 0.2790992796875001 0.7108541671874999 0.2734080564476846 0.7107874582711686 0.2715695798851846 0.8676357645211684 0.27726080312500007 0.8677024734375
1 0.2705756171875001 0.7091627609375002 0.26506075593510814 0.7091451974993457 0.26455915625000015 0.8666458328125 0.2700740175023921 0.8666633962506545
1 0.2463035564506209 0.7085039876370909 0.2398245890625001 0.7083736984375 0.2366465466743793 0.8664100748629091 0.24312551406250008 0.8665403640625
1 0.25382478576308776 0.7095813260030907 0.2488076125000001 0.7094316406250001 0.2441143331157019 0.8667415672421871 0.2491315063787896 0.8668912526202778
1 0.26184362187500015 0.7090572921875001 0.25586603436135585 0.7088930046672817 0.25152035467385586 0.8670101921672817 0.25749794218750016 0.8671744796875002
1 0.2603662546875001 0.41117382812500003 0.25612713177202684 0.41105809052567793 0.2518808685593602 0.5665860416442247 0.25611999147483344 0.5667017792435467
1 0.2676131687500001 0.4118444015625 0.2628360592628948 0.41178998321253957 0.26106857020039476 0.5669488363375396 0.26584567968750006 0.5670032546875
1 0.27433024687500007 0.41224348906249997 0.26920421875000006 0.41224348906249997 0.26920421875000006 0.5683450515625 0.27433024687500007 0.5683450515625
1 0.2865411732663 0.4123282765590277 0.28246269882743796 0.4122354772290623 0.2789127802486381 0.5682522522325347 0.2829912546875001 0.5683450515625001
1 0.29483918098884426 0.4120556645344259 0.2903271609375001 0.41196354218750003 0.2871407580736559 0.5680289714030743 0.29165277812500007 0.5681210937500001
1 0.3024346703125001 0.4122916671875 0.29767032676632954 0.4122161268939795 0.2951877578125 0.5687923171875 0.29995210135867056 0.5688678574810205
1 0.311272634375 0.4127389328124999 0.30504113013350675 0.4126191237585733 0.3020365004460068 0.5688958159460734 0.30826800468750004 0.569015625
1 0.2255447531250001 0.4093854171874999 0.2205009107550199 0.4092998483922676 0.2178496763800198 0.5655765405797677 0.22289351875000002 0.565662109375
1 0.2322613171875001 0.4111738281250001 0.22700349982519144 0.4111559079851463 0.2264727359375001 0.5668834640625 0.23173055329980877 0.5669013842023538
1 0.2409228390625 0.569015625 0.23896628243585902 0.41109065926531274 0.23332185316552095 0.41116058896541496 0.23527840979216194 0.5690855547001022
1 0.2506445468750001 0.41027929687500003 0.24463652761860888 0.41017663649373926 0.24198316581192003 0.5654599953998704 0.24799118506831125 0.5655626557811311
2 0.19032798571109463 0.7374575776946304 0.1849778812500001 0.7372845046875001 0.1808618299139056 0.8645215879303697 0.1862119343750001 0.8646946609375
2 0.19575925937500013 0.7378997390625 0.19165376074479765 0.7378413020560931 0.18983333281250012 0.8657356765624998 0.1939388314427026 0.8657941135689068
2 0.20301069595218918 0.7392183564014361 0.1985576125000001 0.739107421875 0.19542140248531104 0.8649997420360641 0.1998744859375001 0.8651106765625002
2 0.20991771442569035 0.7404946625846862 0.20498891822452095 0.7404028184061554 0.20267283906250005 0.8646946609375 0.20760163526366943 0.864786505116031
2 0.3895020578125002 0.7447701828125002 0.3860172949446931 0.7447027651613033 0.3835481590071931 0.8723303682863033 0.38703292187500016 0.8723977859375001
2 0.3825908182748961 0.7457133578126054 0.3785972218750001 0.7456178390625001 0.375630411839141 0.8696588453082326 0.3796240082390369 0.8697543640583376
2 0.3758395062500002 0.7453945312500001 0.3715853516645103 0.7452984510117815 0.36876183125000017 0.8703157546875 0.37301598583549 0.8704118349257186
2 0.3696299265827056 0.7447718443211112 0.3649922843750001 0.7446139328125001 0.3606786344978562 0.8712998527651339 0.3653162767055617 0.8714577642737449
2 0.36196370926163823 0.7453295993083624 0.35895987656250006 0.7452441406250001 0.35539256083208165 0.8706336179441898 0.35839639353121977 0.8707190766275522
2 0.35447067968750007 0.7452441406250001 0.3518990939562082 0.7451864854922918 0.34909189607046126 0.8703956332089933 0.3516634818017531 0.8704532883417014
2 0.348488298172584 0.7456050883050354 0.344884259375 0.745501953125 0.34132651745241616 0.8698265523199646 0.34493055625000013 0.8699296875
2 0.34063003898299404 0.7458475272306586 0.33670277340377763 0.7457943962421549 0.33501697500000016 0.8704029953125 0.33894424057921657 0.8704561263010036
2 0.33408179062500015 0.7454804687500002 0.33085760992579993 0.7453977669528039 0.3276775677382999 0.869373677890304 0.3309017484375002 0.8694563796875002
2 0.32790895000000014 0.7445338546875 0.3236236257331631 0.7444381399274027 0.3208175569831631 0.8700709524274026 0.32510288125000014 0.8701666671874999
2 0.3204268044491028 0.7461775101172723 0.3175272640625001 0.7460937500000001 0.31397054807964386 0.8692172838705938 0.31687008846624654 0.8693010439878661
2 0.3146275718750001 0.7452441406249999 0.31051525642918854 0.7451138483426639 0.3065872736166885 0.8690897592801641 0.31069958906250006 0.8692200515625
2 0.3062103906250001 0.74382421875 0.30284419326397816 0.7437637282252518 0.3005984313354485 0.8687366542955918 0.30396462869647045 0.8687971448203399
2 0.30023524416072134 0.7427069810398466 0.29761195704932336 0.7426364147096338 0.29423422382610215 0.8682028711697873 0.2968575109375001 0.8682734375000001
2 0.2174382718750001 0.7405950515625 0.21353347259477667 0.7405030925395255 0.21064814843750015 0.8630208328125001 0.21455294771772357 0.8631127918354744
2 0.24418724218750013 0.7400748703125 0.2398676609397698 0.7399969317409582 0.23760288125000004 0.865517578125 0.24192246249773036 0.8655955166965417
2 0.2592078187500001 0.7413756515624998 0.25551795630290586 0.7412912681684437 0.2526372984904059 0.867254808793444 0.2563271609375001 0.8673391921875
2 0.28575102812500014 0.7413756515625002 0.28216486346551306 0.7412927834536974 0.279258845254189 0.8670523785482015 0.28284500991367606 0.8671352466570041
2 0.2365740734375002 0.7405950515625002 0.2330261464523969 0.7405366132718691 0.2309685339523968 0.8654591398343688 0.23451646093750012 0.865517578125
2 0.22525720156250012 0.7405950515625 0.22180125755449595 0.7404917287137116 0.21808757061353914 0.8647071784589153 0.22154351462154329 0.8648105013077035
2 0.27752057656250007 0.7421569015624999 0.2744279135651508 0.7421167355750142 0.27278182294015074 0.8688608762000143 0.2758744859375001 0.8689010421875001
2 0.2517145062500001 0.7409746093749999 0.24777109062500008 0.7408854171874999 0.24494361795274502 0.8658952440295161 0.24888703357774503 0.865984436217016
2 0.26440329218750014 0.7418424484374999 0.26064032433049567 0.7417694995740785 0.2582396040179956 0.8656073901990787 0.26200257187500015 0.8656803390625001
2 0.2697247244430737 0.7422706581842491 0.2655607000000001 0.7422415359375001 0.26469742443898103 0.8656763989191768 0.2688614488820547 0.8657055211659259
2 0.23131018593750013 0.7398899734375 0.22678456285203188 0.7397483247727862 0.22280354861768875 0.8669402750740698 0.227329171703157 0.8670819237387836
2 0.19808796250000008 0.4089029953125 0.19396990173480105 0.4087857198080746 0.19036907985980106 0.5352264744955747 0.19448714062500008 0.5353437500000001
2 0.20477802070751094 0.4092269778094833 0.20083179062500012 0.4091256515625 0.19756911260279156 0.5361932035947649 0.20151534268530238 0.5362945298417482
2 0.21129115156250006 0.4093365890625 0.20729683053243267 0.40923942089988435 0.20421041178243265 0.5361137693373845 0.20820473281250002 0.5362109375000002
2 0.21704170072800802 0.41080087636755075 0.21378433507268668 0.4107477768536367 0.21171965000000004 0.5374049484375001 0.21497701565532137 0.5374580479514142
2 0.25219422388673984 0.41081499738040306 0.24796134791762356 0.4107225244028128 0.24519907343750008 0.5371634109375001 0.24943194940661634 0.5372558839150903
2 0.24601337500000012 0.4109641921875 0.24207921970970597 0.41086732899759115 0.2389830250000001 0.5366210937500001 0.24291718029029424 0.536717956939909
2 0.22612294218750004 0.41053059843749995 0.22201075040979212 0.4104188862310538 0.21857870312500002 0.5367545578125 0.22269089490270794 0.5368662700189462
2 0.23246759218750004 0.41053059843749995 0.22821898142868163 0.4104153608836982 0.22478944695096903 0.5368564089539961 0.22903805770978747 0.5369716465077979
2 0.23864043281250003 0.4109641921875 0.23410418614003362 0.41087655983575083 0.23169598750000006 0.5355358078125 0.23623223417246647 0.5356234401642491
2 0.26007355937500004 0.412048828125 0.25573056623756985 0.41193557203746806 0.25247285061256985 0.536858098599968 0.25681584375000005 0.5369713546875
2 0.2675293203125001 0.41230403593750004 0.2634055136411898 0.4121723640019931 0.2594487245786897 0.5360942390019929 0.26357253125 0.5362259109374999
2 0.2737021609375001 0.4123040359375 0.2690355212773493 0.41220897786665417 0.2665005140625001 0.5366588546875001 0.2711671537226509 0.5367539127583458
2 0.28031327187500016 0.4127571609375001 0.2761276250684005 0.41265821773799827 0.27318467031250016 0.5371555984375 0.2773703171190998 0.5372545416370019
2 0.28677983593750006 0.41405794218749997 0.2823648293261046 0.4139528101071564 0.2794255277636046 0.5373883569821565 0.283840534375 0.5374934890625
2 0.2944280115361614 0.41303139685881707 0.28946845853630904 0.41293176056438774 0.286963478125 0.53762109375 0.29192303112485235 0.5377207300444293
2 0.30177888563828803 0.4134101281674304 0.2983904328125001 0.4133144531250001 0.29484775803851304 0.5387827679941155 0.298236210864301 0.5388784430365459
2 0.3076496906250001 0.41331445312500004 0.3045701666645436 0.4132346357912355 0.3013343995550364 0.5380774722304873 0.30441392351549285 0.5381572895642519
2 0.31471617627784254 0.41301582777406776 0.3116183125000001 0.41294270781250003 0.30866533486730996 0.5380511221081516 0.31176319864515245 0.5381242420697193
2 0.32088474446046034 0.4135662484935569 0.31763472695651035 0.4134901051961194 0.31468774030855007 0.5392760707650626 0.3179377578125001 0.5393522140625001
2 0.32778497968750014 0.41294270781250003 0.3244421887243311 0.4128845900504623 0.3222371406250001 0.5397135421875001 0.3255799315881691 0.5397716599495379
2 0.33631062522132577 0.41494421559340156 0.33174449184436405 0.4148437818252585 0.32895084162303834 0.541854644356857 0.33351697500000005 0.5419550781250001
2 0.34236351206691584 0.41480053416633167 0.3385673170847898 0.414710020459366 0.33554938281250013 0.5412838546875001 0.33934557779462615 0.5413743683944657
2 0.34876543281250005 0.4159733078125001 0.3451334197088319 0.4158692940729908 0.3415325962713318 0.5416049706354908 0.345164609375 0.5417089843750001
2 0.35519547343750013 0.4162988281250001 0.35172523813940537 0.41621676949632375 0.3487659820419606 0.5413628404349716 0.3522362173400554 0.541444899063648
2 0.36266879860306733 0.416414121775935 0.35847479375 0.41630078125000003 0.35511444272057613 0.5406457885556804 0.35930844757364344 0.5407591290816154
2 0.3701915451353391 0.41639511698181597 0.3652906236783549 0.41629888201464843 0.36283313166801584 0.5414506400328325 0.367734053125 0.541546875
2 0.37673611093750003 0.41646158906249997 0.3729512873807007 0.41636367211336617 0.3697342026914441 0.540714951680596 0.3735190262482434 0.5408128686297299
2 0.3835523179037478 0.417424981046413 0.3798549375000001 0.41731770781250005 0.3762422781425784 0.5418350307859352 0.3799396585463261 0.5419423040198481
2 0.39011059687500005 0.4174375 0.38644927570179793 0.4173542537964572 0.383610799029129 0.5421956795789985 0.3872721202023311 0.5422789257825413
2 0.5299706796875 0.41044856718750006 0.12443635316156192 0.40410195400976157 0.12150065316156192 0.5916865899472616 0.5270349796875001 0.5980332031250001
2 0.4241586567953156 0.5680159543670769 0.12234314040678082 0.5568956503113384 0.12214127423646522 0.5623744881317616 0.423956790625 0.5734947921875001
2 0.5370567446350244 0.41045840352219354 0.12673948088209813 0.3991022430795372 0.12128201593457386 0.5962896723698436 0.5315992796875002 0.6076458328125001
2 0.42753907108793765 0.5864158203072372 0.12229938281250005 0.5737630203124999 0.12201952317596017 0.5805144325101043 0.42725921145139784 0.5931672325048414
2 0.5447685187500001 0.41097916718750005 0.1277949640928429 0.3994277950048032 0.12203364690534282 0.6073958934423033 0.5390072015625 0.618947265625
2 0.2984763375000002 0.7464576828125001 0.29490900837928563 0.7463668725160655 0.2917289677542856 0.8712893975160652 0.29529629687500014 0.8713802078124999
2 0.5215089600843414 0.699252566543608 0.11903880508865931 0.6910350637036349 0.11542819236154252 0.8678727103964128 0.5178983473572246 0.8760902132363861
2 0.4212516504408207 0.7163928236269272 0.11889094687500008 0.704544921875 0.11868707111575509 0.7097478699831156 0.42104777468157567 0.721595771735043
2 0.5280398411414703 0.6878533990596062 0.11884404781597861 0.6829652153072272 0.11658437808808983 0.8721249101544245 0.5257801714135816 0.8770130939068036
2 0.426737025195156 0.6958099804627957 0.11913131272436037 0.6876833364585286 0.11890994115718508 0.6960625836122099 0.4265156536279807 0.704189227616477
2 0.5375075756228902 0.6776050446114968 0.12121274990740323 0.6704091928267379 0.11775644511108134 0.8703635340003479 0.5340512708265683 0.8775593857851071
2 0.42425885856741496 0.6827596231875444 0.12109773593750009 0.670943359375 0.12085793180188294 0.677095836343889 0.4240190544317978 0.6889121001564333
2 0.5464834214710839 0.6669305275024289 0.12058889003501569 0.6604062499333176 0.11735906923328188 0.8712438487947504 0.54325360066935 0.8777681263638615
2 0.4280453022075017 0.663181733432729 0.12047388466682799 0.6529023569096986 0.12028628021487979 0.6585157097325443 0.42785769775555343 0.6687950862555747
2 0.5577663566726617 0.6566132880418694 0.12050817406268513 0.6443142325740501 0.11427891724430657 0.8657778663093321 0.5515370998542831 0.8780769217771512
2 0.5530164609375001 0.412423828125 0.12558712099678399 0.4051457635458224 0.121882902246784 0.6226887322958222 0.5493122421875001 0.6299667968749999
2 0.4240042371541504 0.6025068614669553 0.12183675038882255 0.5913969693324763 0.12165453042217218 0.5963529984905211 0.42382201718750007 0.6074628906250001
2 0.42898517876832865 0.6201829285864864 0.12184021219092245 0.608765859710197 0.12157539406722336 0.6158900659871317 0.4287203606446295 0.6273071348634209
2 0.562717078125 0.41267447968750004 0.12708005498063027 0.40173402036583317 0.12132767833758022 0.6307873135690418 0.55696470148195 0.6417277728907087
2 0.5091594786264404 0.6427011953783943 0.12101742634522009 0.628090764457651 0.120540405866513 0.6407633343900454 0.5086824581477334 0.6553737653107887
2 0.5714414442690267 0.41358003859595416 0.5663261312500001 0.4134524734375001 0.5547483697934736 0.877716184841546 0.5598636828125001 0.87784375
1 0.5307021609375 0.41132487031250003 0.5265990891162912 0.41125040032715543 0.518172325 0.8755397140625 0.5222753968212088 0.8756141840478445
1 0.44883590468750006 0.41245833281250005 0.4440303950820296 0.41232595462202015 0.4313939000865701 0.8710480285528321 0.4361994096920405 0.871180406743312
1 0.4568755140625001 0.4115078125 0.45177437260583797 0.4113747951330632 0.4397508702401517 0.8724693708588405 0.44485201169681376 0.8726023882257772
1 0.4648422452833539 0.41236499100554047 0.4606258766370662 0.41226448623010936 0.4496440328125 0.8729739578125001 0.4538604014587876 0.8730744625879311
1 0.48137037031250013 0.41122265625 0.47714547051209955 0.41113099697286976 0.46713374531250007 0.8726067703125 0.47135864511290065 0.8726984295896303
1 0.4902366250000002 0.4108424484375 0.4858151084266461 0.41073679356603227 0.47476161155164603 0.8733110123160323 0.47918312812500014 0.8734166671875002
1 0.498203384772751 0.41093000305807903 0.4935213760105584 0.4108271150313336 0.48336574062500015 0.8729680984375001 0.48804774938719275 0.8730709864642454
1 0.50751851875 0.4124583328125001 0.5021161398055525 0.4123219553589859 0.49046953511805247 0.8736839350464857 0.4958719140625 0.8738203124999998
1 0.5157083328125002 0.41287174531250004 0.5103763707703666 0.41274142816115666 0.4991032388932172 0.8739847153670279 0.5044352009353509 0.8741150325183712
1 0.5245745890625002 0.412240234375 0.518651306993344 0.4120996899364292 0.507681141368344 0.8744401852489292 0.5136044234375001 0.8745807296875
1 0.6607021609375001 0.42667773437500023 0.5411514853764301 0.42404216559687435 0.5373041282560855 0.5985601469447089 0.6568548038171556 0.6011957157228347
1 0.6674125515625 0.42744531250000006 0.6269405734509528 0.42650825973440376 0.6233520953259528 0.5814971925469038 0.6638240734375 0.5824342453125001
1 0.6749529052745336 0.4274666965288413 0.5422512572601476 0.42420811401086544 0.5377293366794017 0.6083576053755658 0.6704309846937877 0.6116161878935416
1 0.6815138890625001 0.42773437500000017 0.6276939258161233 0.4259758448929819 0.6220375476911233 0.5990897777054819 0.6758575109375002 0.6008483078125002
1 0.771941153080891 0.49020632757669336 0.6795635353600111 0.42172746255746707 0.5340680930026175 0.6180000256387626 0.6264457107234973 0.6864788906579888
1 0.6952916671875001 0.4277617187500001 0.6260217348478819 0.4261139570293767 0.6215032160978818 0.6160670820293767 0.6907731484375 0.6177148437500001
1 0.7016460906249999 0.4280488281250001 0.5409016449807897 0.42452422676697604 0.5363930483194349 0.6301451743141053 0.6971374939636452 0.6336697756721295
1 0.7086682093750001 0.4283945312500001 0.6222078510882784 0.426404004565042 0.6174372421875 0.6336197921875001 0.7038976004742217 0.6356103188724582
1 0.7160817906250001 0.4289147140625002 0.541548776457024 0.42453958699460925 0.5361249358744076 0.6409079874001695 0.7106579500423836 0.6452831144680605
1 0.7236421908953696 0.4296864067900098 0.5420309792749729 0.42483649240727006 0.5299603417601513 0.8768368641868193 0.711571553380548 0.881686778569559
1 0.6544368251531937 0.7019201558026362 0.5342663360226259 0.6989262323213757 0.5298253853911918 0.8771776849468292 0.6499958745217597 0.8801716084280896
2 0.7435245485657743 0.7071633553915755 0.6019449593750001 0.7036308593750001 0.5975476676492306 0.8798707625950399 0.7391272568400049 0.8834032586116154
1 0.6596914450177026 0.7237090948450019 0.6199438816871583 0.7232473193869542 0.6181274366694559 0.8795987714169522 0.6578750000000002 0.880060546875
1 0.6669061468130751 0.6907704066751676 0.5350709898040077 0.6888672788483335 0.5323361398659326 0.8783182268606659 0.664171296875 0.8802213546874998
1 0.6742417411118483 0.7045366002236053 0.6151893000000002 0.7033450515625002 0.6116407039738319 0.8792113545556827 0.6706931450856801 0.8804029032167879
1 0.6830210811138986 0.6814976986663261 0.5353906679519047 0.6779016948341334 0.5305488932237801 0.8766760112437145 0.678179306385774 0.8802720150759071
1 0.7101591577853912 0.6601762171586222 0.5360676470603835 0.6566544069781337 0.5316012909307319 0.8774370858274188 0.7056928016557398 0.8809588960079072
1 0.7027673445376407 0.6739188675801099 0.617538666382531 0.672221814661039 0.6134053633783274 0.8798028202408172 0.6986340415334371 0.881499873159888
1 0.7869607492737396 0.8149826802591612 0.6368126366975629 0.5979182780804404 0.5336590454779063 0.6692718343136432 0.683807158054083 0.886336236492364
1 0.6888713984375001 0.6928782546875001 0.6178663831992349 0.6915217661896023 0.6142763628867349 0.8794403865021023 0.6852813781250001 0.880796875
2 0.9247877982243567 0.6525928283858111 0.8007091639971801 0.42097537424899656 0.699850572805991 0.4750058284378581 0.8239292070331675 0.7066232825746727
1 0.926440325698327 0.4361294103098857 0.8553261398063304 0.43472379906609726 0.8524197641080035 0.5817662637562115 0.92353395 0.583171875
1 0.924836913447715 0.5915837103761256 0.8525042940444922 0.4334289448465099 0.7881727962956693 0.462851173931561 0.860505415698892 0.6210059394611767
1 0.9227355968750001 0.43384570312500015 0.8389022640625001 0.43384570312500015 0.8389022640625001 0.6002819015625002 0.9227355968750001 0.6002819015625002
1 0.9250672117476896 0.43535867406461237 0.8357782921875 0.4338763015625001 0.8329229691279278 0.6058632418364239 0.9222118886881174 0.6073456143385363
1 0.9238400203125 0.4327942703125002 0.8246903296875001 0.4327942703125002 0.8246903296875001 0.6163723953125002 0.9238400203125 0.6163723953125002
1 0.9256887638266289 0.4342570607728315 0.8192611730804206 0.4329708444722221 0.8169484373787919 0.6243374821368908 0.9233760281250001 0.6256236984375001
1 0.9251053451878946 0.6354926281679237 0.8164157898094414 0.43061267780799317 0.7280598588910395 0.477485819028983 0.8367494142694927 0.6823657693889136
1 0.9195552789959812 0.7428646576828013 0.8487654328125 0.741107421875 0.8451544399846179 0.8865754493990089 0.9159442861680992 0.8883326852068103
1 0.9207114521129238 0.7349552647938309 0.842012574747739 0.7312083419762081 0.8346757676675163 0.8853077213236633 0.9133746450327009 0.8890546441412861
1 0.9199525565612319 0.7261038955343646 0.8355915640625003 0.7239583328125001 0.8314687683152003 0.886061792929269 0.915829760813932 0.8882073556511335
1 0.7296100828125001 0.43105012968749995 0.7253843219205034 0.43095401837882513 0.7151338062955033 0.8816421699413253 0.7193595671875 0.8817382812500002
1 0.7364022640625001 0.4314635421875 0.7324823188510639 0.4313678226750787 0.7214887813375149 0.88157973498952 0.7254087265489512 0.8816754545019412
1 0.7434413578125001 0.43141731718750015 0.7394305135032933 0.43131945605282285 0.7284374956540854 0.8818689334006946 0.7324483399632922 0.8819667945353717
1 0.7510036015625002 0.43030338593750006 0.7468976549137096 0.43019417169992086 0.7348510027841406 0.8830921824074315 0.7389569494329312 0.8832013966450107
1 0.758230453125 0.43093815156250015 0.7536280047688044 0.43083097990302066 0.7430745890625 0.8840436203125002 0.7476770374186956 0.8841507919719795
2 0.7512942390625001 0.4188138015625002 0.6084683553136869 0.4143042608499917 0.602564033438687 0.6013055639749917 0.7453899171875003 0.6058151046875001
2 0.7588571640627949 0.41983728131459086 0.6005630801390944 0.4150906212423221 0.5946477879512996 0.6123568555527314 0.752941871875 0.6171035156250001
2 0.769281378125 0.42089778593750005 0.5922995729497385 0.41451224640549966 0.5848302178985001 0.6215331150162708 0.7618120230737617 0.6279186545482711
2 0.7771725269787484 0.4193581525807115 0.5833725546580678 0.4144768507802755 0.5778157683043195 0.635095260699564 0.771615740625 0.6399765625
2 0.7851279088242309 0.41971486280372794 0.5750095498902209 0.41299956105098756 0.5676758801284901 0.6424663388722598 0.7777942390625 0.6491816406250002
1 0.47363117343750016 0.4115078125000001 0.46796605768905747 0.4113815682878107 0.4576800406250003 0.8729589843750002 0.463345156373443 0.8730852285871895
2 0.7543627361600084 0.6973462104831675 0.5942690328125 0.6919453125 0.5879899438627694 0.8780703988733716 0.7480836472102779 0.8834712968565391
2 0.7624870921777627 0.686002996938017 0.5854287251973019 0.6808529089662352 0.579659942806689 0.8791817909472929 0.7567183097871497 0.8843318789190746
2 0.7714766961957151 0.6760147607724848 0.5771347939634887 0.6711306001471522 0.5719008962052736 0.8793886253121675 0.7662427984375 0.8842727859375001
2 0.7785603350077784 0.664792633922157 0.5681985789282503 0.6602223160704541 0.5634021619954688 0.8809909193949601 0.7737639180749969 0.8855612372466629
2 0.9235903737087655 0.6611490287397828 0.6214295588539889 0.6495275234025775 0.6212162981232804 0.6550723331580827 0.9233771129780571 0.6666938384952878
2 0.7946818482753674 0.4201098670420368 0.7889164665544024 0.4198945935110447 0.7826070464040351 0.588871315531508 0.788372428125 0.5890865890625001
1 0.41238951955164876 0.21887371414448414 0.3395778288172275 0.2185938840700527 0.3392407780155788 0.3062943886755687 0.41205246875000007 0.3065742187500001
1 0.41812403704918355 0.11194978171872232 0.4089520988905001 0.11181860143866909 0.40637408892712407 0.29206938263048826 0.4155460270858075 0.2922005629105415
1 0.45774065869652886 0.07108361720406081 0.42392504114556545 0.07041454716336257 0.41951943464284336 0.29307928405789446 0.45333505219380676 0.2937483540985927
1 0.3433914609375 0.12665755156250003 0.34332142544427563 0.07109959114586555 0.31786111272070205 0.0711316860166252 0.31793114821392643 0.1266896464332597
1 0.4976936460784788 0.0716411174753381 0.49245413589038495 0.07152642634507124 0.4891005101244062 0.22473231355723322 0.4943400203125001 0.2248470046875001
1 0.6033078058324981 0.0712584148274786 0.5871546718111708 0.07085900443671041 0.5825402816036728 0.25747624117173185 0.5986934156250001 0.2578756515625001
1 0.8414591925242769 0.2569789729971555 0.7833263781621287 0.25523590541451247 0.7826322320120246 0.27838628104310237 0.8407650463741726 0.28012934862574534
1 0.8055752737370614 0.07124070572358007 0.8012502137950681 0.07115967909416875 0.7995925921874999 0.15964062500000006 0.8039176521294932 0.1597216516294114
1 0.8185087453125 0.0713046875000001 0.8142807024475509 0.07118088638716849 0.8116716477600509 0.1602850535746685 0.815899690625 0.1604088546875001
1 0.8323153296875001 0.07157942656250012 0.8282738723257429 0.07146756552330882 0.8257631784963196 0.16217709346440556 0.8298046358580768 0.16228895450359687
1 0.8457964994304789 0.07155615850080269 0.8420997937499999 0.0714420578125001 0.8392650903040468 0.1632825584003615 0.8429617959845258 0.16339665908866405
1 0.8596028812500001 0.0714420578125001 0.855142945962912 0.07133035049697756 0.8528595084629119 0.16249701612197756 0.85731944375 0.16260872343750007
1 0.8725396093749997 0.0718548171875001 0.8679465015624999 0.0717539062500001 0.8659235831915545 0.16382997256975734 0.8705166910040545 0.16393088350725732
2 0.6693305630327684 0.09136795207140753 0.6495592762559049 0.09090019103366323 0.6475949679106365 0.17392742177475579 0.6673662546875 0.17439518281250008
2 0.7142023529524966 0.11556832609460659 0.6789318902394641 0.11463271032230646 0.6773600828125 0.17388606718750008 0.7126305455255325 0.17482168295980022
2 0.7176634644374427 0.14835952728893828 0.6913917567891449 0.14737676481712464 0.6903703703125001 0.17468098906250012 0.7166420779607978 0.17566375153431374
1 0.8022731484375001 0.1883684890625001 0.7982747247444816 0.18828455099172672 0.7974182434944814 0.22908337911672674 0.8014166671874999 0.22916731718750008
1 0.8156898140625 0.18800716093750014 0.8115864203125 0.18791080781250014 0.8106135360557332 0.22934306212381106 0.8147169298057332 0.22943941524881106
1 0.828827708432307 0.18963196847694425 0.825323559375 0.18949153593750015 0.8237420163740274 0.22895505655663168 0.8272461654313343 0.22909548909607574
1 0.8424645062499998 0.18904622343750008 0.8390862627435391 0.1888911613866041 0.8372438777055236 0.22903009451120487 0.8406221212119842 0.22918515656210087
1 0.8933932934079746 0.19909049784948815 0.8806735765178997 0.18914449848564457 0.8539183409055127 0.22336117293607374 0.8666380577955876 0.23330717229991732
1 0.8696733546875001 0.19119205781250007 0.853167840479607 0.19016470054501666 0.8506397133728101 0.23078157181396786 0.8671452275807031 0.23180892908145126
2 0.7745917563631604 0.1650843489715727 0.7738652265625 0.07075911406249999 0.7665978389932402 0.07081509032004238 0.7673243687939005 0.16514032522911506
2 0.5515648373010901 0.15923600242418903 0.4653534427421424 0.15690485321042175 0.46310978106106615 0.23988075252295943 0.5493211756200138 0.24221190173672671
1 0.2188058339758784 0.22126673618091805 0.21660898334058096 0.12802128571231164 0.16065386813609514 0.12933958091885905 0.16285071877139262 0.22258503138746547
1 0.20485676030157088 0.22101209768875169 0.20298340790212732 0.14499026421799366 0.16069825458315323 0.1460322674138441 0.16257160698259682 0.22205410088460212
1 0.27330841115401794 0.08894148870434941 0.22657637033116265 0.08444345263220376 0.2135442693316513 0.2198395824427474 0.2602763101545066 0.22433761851489303
1 0.18565802883462995 0.09488581626452257 0.1712184278894802 0.09482096394457365 0.17114375514934094 0.11144711656241506 0.1855833560944907 0.11151196888236399
1 0.19237654375000002 0.0839303390625 0.19193261250000002 0.07180078125000001 0.1869788532549756 0.07198208452319735 0.18742278450497557 0.08411164233569735
1 0.2052520578125001 0.07180078125000004 0.20113416835343018 0.07164885168947092 0.2006276583736914 0.08537726701046569 0.20474554783276133 0.08552919657099481
1 0.2698440616921095 0.1670240820802676 0.2400758511402222 0.16349175387760637 0.233239967320041 0.22110022545566776 0.2630081778719283 0.22463255365832904
1 0.29702129883384976 0.07128874518291063 0.24941054507031094 0.06983320244016877 0.24563445678000878 0.1933489223841248 0.2932452105435476 0.19480446512686664
1 0.915089894994083 0.07110188959177072 0.8887668712432626 0.07031264960974482 0.8834197460884585 0.24865194520298015 0.9097427698392788 0.24944118518500602
2 0.1978783284090935 0.07206710294310817 0.1499510981271915 0.07135429256116789 0.14792639404511115 0.20748931704051848 0.19585362432701311 0.20820212742245875
2 0.214919753125 0.07064387968750002 0.17074980082101782 0.07041232544200816 0.1703894988523125 0.13914145083091872 0.2145594511562947 0.13937300507641057
2 0.3617276465710252 0.16782747613545976 0.3305477524817972 0.16686772105375405 0.3300743723934826 0.18224658311861178 0.36125426648271064 0.18320633820031748
1 0.18332871196148667 0.17250272950653023 0.18215602910326117 0.07139065027268257 0.1483945861318403 0.07178221046748362 0.14956726899006584 0.17289428970133128
2 0.24790174843749999 0.11285742187500006 0.23612397187499998 0.11285742187500006 0.23612397187499998 0.15379687500000006 0.24790174843749999 0.15379687500000006
2 0.320752571875 0.16669010468750006 0.289902778125 0.16669010468750006 0.289902778125 0.18176497343750003 0.320752571875 0.18176497343750003
2 0.33544444375000004 0.09957226562500006 0.3306707642127658 0.09950208672775943 0.33005245171276576 0.14156068047775944 0.33482613125000005 0.14163085937500006
2 0.3229403296875 0.09913737031250003 0.3183802343342863 0.09895229627085433 0.3166626405842863 0.14127260877085432 0.3212227359375 0.14145768281250004
2 0.30826131718749994 0.09813737031250004 0.3038609807533309 0.0980797399839211 0.3033101859375 0.14013541718750003 0.30771052237166907 0.14019304751607894
2 0.3487232515625 0.09904231718750003 0.344019179529435 0.09899127671317398 0.34355041093750005 0.14219466093750005 0.34825448297056505 0.14224570141182608
1 0.3622860078125 0.16723242187500004 0.32947119375 0.16723242187500004 0.32947119375 0.18290039062500005 0.3622860078125 0.18290039062500005
2 0.3896752701386181 0.0709438825982579 0.36431775383708065 0.07052986277565262 0.3639834667420915 0.0910039801916789 0.38934098304362885 0.09141800001428417
2 0.291389792177125 0.13293663442349907 0.2668987461341311 0.0956266747243946 0.25369338113948636 0.10429495538474993 0.27818442718248027 0.14160491508385442
1 0.7866254493235216 0.07147133454386015 0.6201048069896404 0.06680972341920885 0.6133706698352268 0.3073645047023158 0.779891312169108 0.31202611582696704
1 0.6947587453125001 0.1224108078125 0.6944938547079629 0.07059483895537509 0.6722201101819213 0.070708705506227 0.6724850007864586 0.1225246743633519
2 0.9156714007038896 0.07109792932187874 0.8813664782903787 0.07036483677877643 0.8766787258468296 0.28972729706130274 0.9109836482603406 0.290460389604405
2 0.5229398140625 0.15884114531250004 0.5159387859375 0.15884114531250004 0.5159387859375 0.2279427078125001 0.5229398140625 0.2279427078125001
1 0.8867420402563433 0.8309466042843334 0.8858712057289317 0.8147932506474008 0.8755262333589059 0.8153509527399458 0.8763970678863174 0.8315043063768786
1 0.9209005510000676 0.7177175238840553 0.8283264453127508 0.714057425595575 0.8215607023978541 0.8851819556739521 0.9141348080851708 0.8888420539624324
1 0.9212788651396574 0.7096718893970567 0.8213435588549695 0.7064651836697866 0.815597758243584 0.8855300535973392 0.9155330645282719 0.8887367593246092
1 0.9218284521220921 0.6984270822356223 0.8139175077374567 0.6966618229573424 0.8108214250924626 0.8859264857890464 0.9187323694770979 0.8876917450673263
1 0.9226415092148479 0.6645691088295586 0.7882577953187269 0.6608921243216845 0.7820944569562516 0.8861452624228157 0.9164781708523726 0.8898222469306898
1 0.9239587816565816 0.6904738815013778 0.8073542737489536 0.687245512969332 0.8018219795905577 0.887064843239916 0.9184264874981857 0.8902932117719617
1 0.9232750360597851 0.681056945987489 0.8001834573159362 0.678007323809962 0.7950114026935525 0.8867664197760365 0.9181029814374014 0.8898160419535637
1 0.9234703069018904 0.6702002625492722 0.793930040625 0.6673255203125001 0.7890696310282765 0.8863429839725827 0.9186098973051668 0.8892177262093547
1 0.7921810703125002 0.4300891921875002 0.7871864529800833 0.42997318818585883 0.7766092660945306 0.8853799000171463 0.7816038834269474 0.8854959040187879
1 0.7842798359375001 0.4295345046875002 0.7802231948798615 0.429440577485473 0.7696676942907527 0.8853242421700326 0.7737243353483912 0.8854181693720597
1 0.7789404981557169 0.43053924337929084 0.7736419750000001 0.4303834640625001 0.7602613861824599 0.8854975392006187 0.7655599093381766 0.8856533185174094
1 0.7712450832480264 0.4305466372538569 0.7671048717110297 0.43043869254354883 0.7552541505696966 0.884972242645604 0.7593943621066933 0.8850801873559122
1 0.7646169967736953 0.4314164421063632 0.7607437972820834 0.431315812823163 0.7489558435890158 0.8850316179960048 0.7528290430806278 0.8851322472792049
1 0.9243010296637177 0.6440671488977759 0.8109753200086052 0.43060660426438224 0.717108705918265 0.48044017267853434 0.8304344155733775 0.693900717311928
1 0.9240444646080338 0.6537769631544897 0.8043362871455445 0.43170785542886864 0.7069898362667246 0.4841832597590532 0.826698013729214 0.7062523674846742
1 0.9224487873263734 0.6592851934899266 0.7968512999202744 0.4317414423316247 0.6961360868060056 0.48733329069630094 0.8217335742121046 0.7148770418546029
2 0.8870697115023793 0.8306979078578957 0.8861988824401832 0.8145445533765419 0.875853910239518 0.8151022519307555 0.876724739301714 0.8312556064121093
1 0.9042357217715786 0.5185314000971035 0.9027798468924931 0.4794395021259736 0.8733535846349874 0.4805354058356814 0.8748094595140727 0.5196273038068113
2 0.9043653087075283 0.5182838685707112 0.9029124461744973 0.4791926484038268 0.8734863594393824 0.4802862970218197 0.8749392219724135 0.5193775171887041
2 0.9234183445729809 0.60805492550402 0.8352268018209849 0.42235743258518976 0.7564553111437535 0.45976762686678996 0.8446468538957493 0.64546511978562
2 0.9265189960869351 0.6229750950424956 0.8253521877654677 0.42416728860192093 0.7392143055277465 0.46800004737321926 0.840381113849214 0.6668078538137939
2 0.9266571768946189 0.6336991422010962 0.8176642869745596 0.42293375687000606 0.7261592408003994 0.470253668577154 0.8351521307204589 0.6810190539082442
2 0.9264725031810908 0.6433705799291349 0.8095925264184511 0.41929344725173046 0.7120681969873921 0.4701627225833832 0.8289481737500317 0.6942398552607877
2 0.7865284647601487 0.7283763037007749 0.7804739009075989 0.7282276799993934 0.7766292649297044 0.8848486886380517 0.7826838287822542 0.884997312339433
2 0.9247411093546372 0.7039486749567354 0.8432673306240224 0.6550762894664848 0.7331132997409142 0.8387109749525441 0.814587078471529 0.887583360442795
2 0.9218251461980893 0.6926236439420541 0.8075757403568342 0.6880304118331155 0.7996171468986641 0.8859878745440858 0.9138665527399192 0.8905811066530245
2 0.9227841894212799 0.6814290061949835 0.8001662405087904 0.6772138348554952 0.7930142545499881 0.88526275583381 0.9156322034624778 0.8894779271732982
2 0.9231041864734226 0.6718423415294728 0.792057094218974 0.666345586253494 0.782802134518242 0.886991312108026 0.9138492267726905 0.8924880673840047
2 0.9214935465423327 0.7144793700816001 0.8238081474567677 0.7099849828443991 0.8156447056937817 0.8874171942765614 0.9133301047793466 0.8919115815137625
1 0.6151543203125 0.24571289062500007 0.5987139921875 0.24571289062500007 0.5987139921875 0.26562825468750006 0.6151543203125 0.26562825468750006
2 0.4702084739640758 0.1575046003487796 0.4625895291406981 0.1574879157187917 0.46244210274830044 0.22480936965582293 0.4700610475716781 0.22482605428581084
2 0.48368451962147596 0.15861098973122997 0.4765321617384517 0.1584352179083252 0.47487454206898694 0.2258856710812241 0.48202689995201115 0.22606144290412883
2 0.5107044440799042 0.15952979344460735 0.5027269650761722 0.1593393988987501 0.501095664075524 0.22769046128262138 0.5090731430792561 0.22788085582847867
2 0.49604815691006915 0.1587691210128998 0.4893121068809198 0.1587283330329839 0.48890372408031 0.2261719029675952 0.49563977410945936 0.22621269094751115
1 0.2684303345496193 0.15004569146528624 0.24787413412031056 0.14865487056327956 0.2472231347962488 0.1582765785527479 0.2677793352255575 0.15966739945475458
1 0.269387530305672 0.11614809323998987 0.24804037764201495 0.11509162007286229 0.24763693869168174 0.12324352883041692 0.2689840913553388 0.1243000019975445
1 0.24699560918818703 0.0709483364006931 0.2378121591067078 0.07068812436274363 0.2366432759722441 0.11194055834319991 0.24582672605372333 0.1122007703811494
1 0.219640226695492 0.11127169429762977 0.21902769470744912 0.07062621018131152 0.21152321498372978 0.07073930352942473 0.21213574697177268 0.111384787645743
1 0.20651788364413629 0.08509617946259661 0.19973137977450656 0.08486672793718333 0.19887337313967665 0.11024405038885672 0.20565987700930638 0.11047350191427
1 0.19319819091410845 0.08457026194063755 0.18647230052546454 0.08399016397198067 0.18450556320424039 0.1067933116479435 0.1912314535928843 0.10737340961660036
2 0.3633375682192489 0.14247963007213266 0.3563499833522697 0.14239765785994077 0.3560309655486462 0.16959179984159461 0.3630185504156254 0.1696737720537865
2 0.349473652361779 0.14200096771377302 0.3425959783155441 0.1419181828342129 0.34228031162684547 0.16814341386263126 0.3491579856730803 0.16822619874219139
2 0.3357730372147393 0.14103939073592334 0.3294796514055328 0.14101311791011387 0.3293706703000108 0.16711842336670849 0.3356640561092173 0.16714469619251796
2 0.32238713828190363 0.14071224399316876 0.31579362911314435 0.14053847665105756 0.3150949523551347 0.16704939380019393 0.321688461523894 0.16722316114230512
2 0.3084979421875 0.13985286406250003 0.3019135796875 0.13985286406250003 0.3019135796875 0.16665885468750002 0.3084979421875 0.16665885468750002
2 0.2956433962069455 0.139140812775755 0.28942670491590744 0.13899775619198448 0.2887817575138056 0.1670247004412397 0.2949984488048437 0.16716775702501022
2 0.2822677427295321 0.16547501664571918 0.28221782419852276 0.14003055317846974 0.2748507801382346 0.14004500630371813 0.27490069866924394 0.1654894697709676
2 0.26862099128485306 0.13855011780413434 0.26162473811608356 0.1385095462110796 0.2614744607784677 0.16442369501146997 0.26847071394723715 0.16446426660452473
2 0.27034373528475336 0.07180846725585228 0.2639282170859136 0.07161555044491018 0.2631557849288745 0.09730306070725132 0.26957130312771427 0.09749597751819342
2 0.2838112429708586 0.07106404739318511 0.27699096242478094 0.07098779480926215 0.27670462291530024 0.0965989372206146 0.28352490346137793 0.09667518980453757
2 0.29673305203238254 0.07215714579852042 0.2899127714575611 0.07208089376574409 0.2896264413066996 0.09769138432977628 0.29644672188152105 0.09776763636255259
2 0.3105602129524157 0.07298982861082513 0.3037399308327564 0.07291357656077724 0.3034535933980175 0.09852471862334332 0.31027387551767677 0.09860097067339121
2 0.3241150786042824 0.07113090195985657 0.3171668919524582 0.0710989850188107 0.3170383007244158 0.0990927659059645 0.32398648737624003 0.09912468284701036
2 0.3371537250129385 0.07087087571906266 0.3303334445018448 0.0707946205705709 0.3300151603489459 0.09926203880976467 0.3368354408600395 0.09933829395825643
1 0.41669897800786604 0.07171050363779509 0.3568815314862038 0.07071732820780478 0.3550361295854827 0.18186307967734675 0.414853576107145 0.18285625510733705
2 0.35098087866645866 0.07071527720012305 0.34416059815536504 0.07063902205163129 0.3438423212862506 0.09910578882723226 0.3506626017973442 0.09918204397572401
2 0.3644519525772178 0.07120712308386346 0.35763167933877366 0.0711308685681706 0.35729911952657634 0.1008753206403192 0.3641193927650205 0.10095157515601208
2 0.5531231987436589 0.07099372781077 0.5452084895856308 0.07085445152669834 0.5444433158419721 0.1143372862159284 0.5523580250000001 0.11447656250000007
2 0.539109513620512 0.07085206351108503 0.5318577804364165 0.07084319281953688 0.5318043453409015 0.11452603910481311 0.5390560785249969 0.11453490979636127
2 0.5267093625000001 0.07106640625000007 0.5185559381593609 0.0707878149042117 0.5170705840853427 0.11425909369535767 0.5252240084259819 0.11453768504114606
2 0.513967078125 0.07095442656250003 0.5046942546767039 0.0706471583292632 0.5032918173787418 0.11297028859338128 0.5125646408270379 0.11327755682661814
2 0.4730910500000001 0.07119596406250006 0.46469211922404 0.07102010958113812 0.4638440839994942 0.11152285418778138 0.4722430147754543 0.11169870866914333
2 0.48647993750000007 0.07049023437500006 0.47781867784374 0.0702330569141767 0.4765738816343843 0.1121554833734788 0.4852351412906444 0.11241266083430217
2 0.49961522656249996 0.07122656250000006 0.491722826701065 0.07105075492847159 0.4907776829973069 0.11348039531155543 0.4986700828587419 0.1136562028830839
2 0.7097622316701392 0.17542465802168503 0.7022403685710568 0.17526393354885358 0.7016771475983484 0.20162252708854175 0.7091990106974307 0.20178325156137317
2 0.7097622316701392 0.17542465802168503 0.7022403685710568 0.17526393354885358 0.7016771475983484 0.20162252708854175 0.7091990106974307 0.20178325156137317
2 0.6956670670125576 0.1744434492924179 0.6893633509830883 0.17434465012313266 0.6889549167819585 0.20040411235618527 0.6952586328114279 0.20050291152547048
2 0.6830598225698664 0.17373070351477343 0.675366386351884 0.17364719242146862 0.6750818216201306 0.1998626391003992 0.6827752578381132 0.199946150193704
2 0.6682290742072017 0.19987513227351428 0.6679550948303504 0.17423119486834096 0.6618090914921282 0.174296858660064 0.6620830708689796 0.19994079606523735
2 0.6548928675138812 0.19810741858097733 0.6546479469624688 0.17338588723938142 0.6484010538034595 0.1734477763066879 0.648645974354872 0.19816930764828383
2 0.6543730997427641 0.16310469679996262 0.6478292187500001 0.16291992187500007 0.6475787152872605 0.17179160643271563 0.6541225962800244 0.17197638135767818
2 0.647359093390634 0.1619549737598291 0.626598260803062 0.16105637333127837 0.626229092147877 0.1695854685813627 0.646989924735449 0.17048406900991342
2 0.6475130872181672 0.14385405542670598 0.6267711956709279 0.1431877734255515 0.6264664646700108 0.15267429318918316 0.6472083562172501 0.1533405751903376
2 0.6478423053007659 0.12678113699578114 0.6271004125144316 0.12611485895250804 0.6267956833325281 0.13560137900779534 0.6475375761188624 0.1362676570510684
2 0.6492991723093289 0.11053234666977577 0.6285453781064789 0.11019113877026236 0.6283985986381987 0.11911892409479789 0.6491523928410488 0.1194601319943113
2 0.6539884986048825 0.0969749581481483 0.6308125205708695 0.09065926651292712 0.6279638590588987 0.10111267691371176 0.6511398370929119 0.10742836854893294
2 0.6581902872390709 0.09072417230613089 0.6580780008657166 0.07126687130768992 0.6520273182885014 0.07130178926486028 0.6521396046618557 0.09075909026330124
2 0.6719244756135139 0.07125953324989195 0.6649652806825891 0.07061408324943663 0.6630689351932229 0.09106034230524294 0.6700281301241476 0.09170579230569827
2 0.685514403125 0.07082552031250008 0.6782304531250001 0.07082552031250008 0.6782304531250001 0.09086523437500009 0.685514403125 0.09086523437500009
2 0.6980622357872659 0.09120663964582323 0.6977536356434076 0.07103932682800244 0.691795922329079 0.07113049173442684 0.6921045224729372 0.09129780455224765
2 0.7116566195369287 0.07010013156336299 0.7047865971328376 0.07002771270081926 0.7045662656377875 0.09092948130299258 0.7114362880418785 0.09100190016553632
2 0.7355815624180239 0.09637096646963357 0.7141463411407801 0.09630193675268 0.7141114578651172 0.10713394890205936 0.735546679142361 0.10720297861901293
2 0.7345340873456537 0.11324088285756524 0.7135738603486053 0.11309206973632883 0.7135135690537746 0.12158405764099323 0.7344737960508232 0.12173287076222963
2 0.7336498874829963 0.13063967770969598 0.7133109446010744 0.1295700873608514 0.7128449620645643 0.13843104258944897 0.7331839049464862 0.1395006329382935
2 0.73331900620513 0.14729605718388236 0.715808925250095 0.1472111466870569 0.7157665864971445 0.15594216369217456 0.7332766674521796 0.15602707418900003
2 0.7332201640625 0.1645885421875001 0.7126440328125 0.1645885421875001 0.7126440328125 0.17395768281250007 0.7332201640625 0.17395768281250007
1 0.7209291682776001 0.17084603047825875 0.6929546059054605 0.16999851373846717 0.6919235860653605 0.20403008794770855 0.7198981484375001 0.20487760468750013
1 0.7215299625307047 0.10463029574968205 0.6947748374926748 0.103826476746498 0.6937479608994702 0.13800607630931605 0.7205030859375001 0.1388098953125001
1 0.5205909196186344 0.18685567722887383 0.5204251642267989 0.17458088317250428 0.4948152400280321 0.17492671243863694 0.4949809954198677 0.1872015064950065
1 0.5202237012908598 0.2154572076359469 0.49445360242717723 0.2150379872634478 0.4942607651988175 0.226891978065001 0.5200308640625001 0.22731119843750008
1 0.5604982477914194 0.2136520769317083 0.5602101567943125 0.19096520764327446 0.5031970446290719 0.19168919314004013 0.5034851356261788 0.21437606242847398
1 0.6144837093666832 0.2939372469282853 0.59874485625 0.2932740890625001 0.5979691036990026 0.31168517348895625 0.6137079568156858 0.3123483313547415
1 0.6183127578125001 0.12368880156250009 0.6023180634767555 0.12331588052674528 0.6018518515625 0.14331184843750006 0.6178465458982445 0.14368476947325487
1 0.6194238687500001 0.09600976562500001 0.6191308653892275 0.07589143162352238 0.6028966020623249 0.07612786738972954 0.6031896054230975 0.09624620139120717
1 0.7893324178828663 0.22962965490556742 0.7829541756032862 0.2295754762210323 0.7827366250000001 0.25518684843750006 0.7891148672795802 0.2552410271220352
1 0.802791576357633 0.22926964222278562 0.7960390953125 0.22911458281250008 0.7954440876781688 0.25502579816622406 0.8021965687233019 0.2551808575765096
1 0.8160426060428746 0.22973839670612956 0.8092901234375001 0.22958333281250015 0.8087073638761012 0.25496044484907543 0.8154598464814757 0.25511550874270483
1 0.8299914981145784 0.22942858663334958 0.823240740625 0.22916666718750006 0.8222298257225052 0.25522216424006816 0.8289805832120838 0.2554840836859177
1 0.8430367905437468 0.23104186886268918 0.8362860078125 0.23077994843750008 0.8352750677288684 0.25683609451307715 0.8420258504601152 0.25709801493826623
1 0.8567901234375 0.23152343750000015 0.8499719088381557 0.23134144131907491 0.8492906710194909 0.2568629968661924 0.8561088856188352 0.25704499304711764
1 0.8693806098067555 0.23217013200651043 0.8633428147319021 0.23212027745875807 0.863139035506985 0.25679961477164864 0.8691768305818384 0.256849469319401
1 0.8836276106957414 0.2573275229980099 0.88329315311824 0.23305529122112337 0.8761112374950175 0.23315425394211425 0.8764456950725188 0.25742648571900084
1 0.8849897125 0.1660227859375001 0.8780452671875001 0.16584375000000012 0.8774213662434842 0.1900436176167144 0.8843658115559843 0.1902226535542144
1 0.871532921875 0.1638365890625001 0.8645884781250001 0.1636575515625001 0.863882448563313 0.19104277855110177 0.8708268923133129 0.19122181605110178
1 0.8449803907192347 0.16302287317572298 0.8369498810114205 0.16276313885136875 0.8361090501356705 0.18876008987865128 0.8441395598434847 0.18901982420300553
1 0.8312313490911268 0.1621640907687074 0.8236431247160626 0.16207324771463666 0.8233309839547861 0.18814672308818053 0.8309192083298503 0.18823756614225123
1 0.8181449370240482 0.16055016150130516 0.8105567053104175 0.16045931580835973 0.8102296800464227 0.187775343667743 0.8178179117600536 0.18786618936068844
1 0.8051408213061245 0.15982164547911687 0.7973543167612928 0.1597284266043197 0.797027293336037 0.18704445452852314 0.8048137978808688 0.18713767340332027
1 0.7914466646392018 0.18730123246929753 0.7912853251537646 0.15568667444832185 0.7833033229608188 0.15572740923024456 0.7834646624462559 0.18734196725122024
2 0.7918004109375001 0.11605729218750009 0.7714808494786549 0.11529231621113487 0.7710693276036549 0.12622330527363484 0.7913888890624999 0.12698828125000008
2 0.7899897125 0.1685123703125 0.7898251031250001 0.15638476562500003 0.7739082865232968 0.15660080640966514 0.7740728958982968 0.1687284110971651
2 0.8326010008964257 0.1302190832869754 0.7770158105408973 0.13011822957886626 0.7769696292084486 0.15557091945174112 0.8325548195639769 0.15567177315985026
2 0.17159687495677547 0.8157973644598986 0.1703451655073837 0.7779652825889147 0.1388262507741947 0.7790081150595318 0.14007796022358643 0.8168401969305158
1 0.17168586619724208 0.815628111186966 0.1704341567478503 0.7777960293159818 0.13891524352381251 0.7788388617366673 0.14016695297320428 0.8166709436076515
1 0.18056949506365413 0.49059448439014314 0.1784302907378548 0.45137579246171633 0.14689434710315166 0.4530959372122 0.149033551428951 0.4923146291406268
2 0.18096696656098626 0.4907827927271467 0.17882808945623893 0.4515646837123815 0.14729214826482276 0.45328459077280564 0.14943102536957012 0.49250269978757083
2 0.19608776901890637 0.30568491348275545 0.19566504412473207 0.26706597937940174 0.16735007710597213 0.26737591650517845 0.1677728020001464 0.30599485060853215
1 0.19633693113640632 0.3059355373910043 0.19591272484348132 0.26731666255300335 0.16759749529468027 0.26762768918468544 0.16802170158760527 0.3062465640226864
1 0.18158861399633655 0.18128397127992893 0.16182728924436598 0.18065910613083325 0.16157560565349677 0.18861858535784154 0.18133693040546733 0.18924345050693722
1 0.1806847686679492 0.11381195255473042 0.16369987059319152 0.11238019146725456 0.1630812842049701 0.1197184456259119 0.18006618227972776 0.12115020671338776
1 0.1901935626245995 0.18914621687783162 0.18270989157478967 0.18907104568222421 0.18241908940801282 0.21802186572898657 0.18990276045782264 0.21809703692459398