1 0.6821060812683737 0.43762191023653807 0.6383492796875002 0.3666992187500001 0.6258661406066265 0.37440087570096214 0.6696229421875002 0.4453235671875001
1 0.6489629625 0.3040195312499999 0.6489362254790362 0.2874947505536779 0.6348534067290362 0.28751753649117795 0.63488014375 0.30404231718749997
1 0.61770781875 0.2876282546875001 0.6045025718750001 0.2872949218750001 0.6040620437910914 0.3047467954537034 0.6172672906660914 0.3050801282662034
1 0.6721985593750001 0.3038678390625 0.6721614537464904 0.2875374508258695 0.6569757537464904 0.2875719555133695 0.657012859375 0.30390234375
1 0.7014539687361296 0.2871689543636304 0.6890796441078252 0.2870271257908764 0.688885803125 0.30393945312500015 0.7012601277533046 0.30408128169775417
1 0.7938681325383905 0.322370276604785 0.7937299375000002 0.3048945312500001 0.7798777518366097 0.3050040718327151 0.7800159468750001 0.3224798171875
1 0.7937299375 0.2657161453125001 0.7799475149919768 0.2656829968667579 0.7799093445203917 0.2815534714828759 0.793691767028415 0.2815866199286181
1 0.7946213984375001 0.3723391921875001 0.7800471218528203 0.37220391271716785 0.7798758265403203 0.3906583408421679 0.7944501031250001 0.3907936203125001
1 0.7947063344703333 0.35024353355135796 0.7944832899194735 0.3333928613106173 0.7800753101366402 0.33358357307175934 0.7802983546875001 0.3504342453125
1 0.7955173394802322 0.5251529210963976 0.7806949674587436 0.5249989233820296 0.7805267484375001 0.5411901046875001 0.7953491204589888 0.5413441024018681
1 0.7953405343750002 0.4862890625000002 0.7807789373119386 0.4861143737386559 0.7805731763744386 0.5032660659261559 0.7951347734375002 0.5034407546875002
1 0.7951491765625001 0.45796158906250006 0.7809912607629801 0.45780419343037365 0.78078447170048 0.47640510436787376 0.7949423875000001 0.47656250000000017
1 0.7947355968750001 0.4188085937500001 0.7808404284587147 0.4186601305724338 0.7806579621549461 0.43573776600179137 0.7945531305712314 0.4358862291793577
2 0.73427456996102 0.3061396165842573 0.7222113432188861 0.296550623295616 0.678913110757866 0.35102103327385875 0.6909763375000001 0.3606100265625001
2 0.733874088809315 0.5105043796513176 0.7333558484783697 0.36543684175038915 0.7041176361989883 0.3655412925532852 0.7046358765299336 0.5106088304542137
2 0.7682542467852409 0.5786506575111708 0.7680158251207734 0.4483181290653498 0.7366836699903947 0.44837544602732865 0.7369220916548623 0.5787079744731497
2 0.8391217421091548 0.363212022839356 0.8133959539639818 0.3628579872782417 0.8103621523960213 0.5833074137884061 0.8360879405411943 0.5836614493495204
2 0.8740256811893484 0.29417184370251126 0.8469419909399898 0.2941672893320565 0.8468532314127506 0.8219977691548358 0.8739369216621092 0.8220023235252907
2 0.8518945910702131 0.8235920828478583 0.6827636907167042 0.8214796549287355 0.6821402250250439 0.8713972463482864 0.8512711253785528 0.8735096742674093
2 0.7936525060896283 0.7896730883448397 0.7895427492992274 0.7584102487876458 0.6299245980543928 0.7793933645327659 0.6340343548447939 0.8106562040899596
2 0.5387674890625 0.8487994796875002 0.5386065650511187 0.8308018328420692 0.49171561973861877 0.8312211031545692 0.4918765437500001 0.8492187500000001
2 0.6278226217511 0.7681055594293063 0.6160455977450556 0.7588549372840483 0.5513020532393561 0.841280342398113 0.5630790772454005 0.8505309645433708
2 0.8436056362035458 0.7451765754045266 0.822966303774286 0.6562989600340864 0.28327364685690226 0.7816274368313288 0.30391297928616223 0.8705050522017691
2 0.33362345625000006 0.9059375 0.30861927591062005 0.890457291374986 0.2874802246890365 0.9246018343686618 0.31248440502841646 0.9400820429936759
2 0.7007241245626562 0.622740632890036 0.5960881206660873 0.502797241280882 0.28486927847479154 0.7742977845565717 0.38950528237136045 0.8942411761657256
2 0.554271765081775 0.7447090804222978 0.5455140838224346 0.6440814479539022 0.28407332084308023 0.6668347892996905 0.2928310021024205 0.7674624217680861
2 0.32093981406249994 0.68082421875 0.3200882419606446 0.6642981497439414 0.29076365446064467 0.6658092169314413 0.2916152265625 0.6823352859375
1 0.33824735950071005 0.8831026552933053 0.33755709843750004 0.6799713546875001 0.32370119987429 0.6800184384566951 0.32439146093750004 0.8831497390625002
2 0.5476055829355566 0.3101535479260445 0.5353471232689555 0.3061414365659606 0.4772050184583988 0.4837867167649163 0.48946347812499996 0.48779882812500014
2 0.6280443297161477 0.37287730043453354 0.6158847922950237 0.3657969813739506 0.546833775078876 0.4843832231269172 0.5589933125 0.4914635421875001
2 0.4903669241877199 0.27986651062187745 0.20576449719497844 0.2714083184414097 0.18628670218569 0.9267998742057646 0.47088912917843134 0.9352580663862323
2 0.37322245268825843 0.3588030140441979 0.28881716721785644 0.3485590868298188 0.28590963148649595 0.37251585441368057 0.3703149169568979 0.3827597816280597
1 0.3766453277854909 0.6375797216158741 0.36287341115709293 0.5061403727735099 0.28896340313033153 0.5138844956523407 0.3027353197587295 0.6453238444947049
1 0.26963697726300284 0.5219692795663973 0.21145656053763418 0.5199341049653741 0.19720414679686368 0.9273740220926128 0.2553845635222323 0.929409196693636
2 0.26307435906297416 0.7476241137059972 0.2628600828125 0.635134765625 0.2476265019451705 0.6351637834355326 0.24784077819564465 0.7476531315165298
1 0.18155732045350478 0.8338601700722007 0.1813981484375 0.8047506515624999 0.13322568143079633 0.8050140605462943 0.13338485344680112 0.8341235790559951
1 0.1015324729422336 0.7548104002242259 0.08472820811684975 0.7517332223629972 0.07005623473245826 0.8318558988480846 0.0868604995578421 0.8349330767093134
2 0.19125395415990476 0.7690783106312404 0.1454597269756967 0.7424552410900928 0.12990216692068057 0.7692157330946017 0.17569639410488863 0.7958388026357495
2 0.19092812609678775 0.7128261746308467 0.17947008829616004 0.679975303751832 0.09397105472201912 0.7097964662475711 0.10542909252264683 0.7426473371265858
2 0.1851316875 0.6835781249999999 0.18508678334621512 0.665205261112627 0.07096849442227329 0.6654841716421406 0.07101339857605816 0.6838570355295135
2 0.1852224534040182 0.6485351965210777 0.18510157955208134 0.6312104517529362 0.07303807614806315 0.6319923130443585 0.07315895000000001 0.6493170578125002
1 0.0880317718574134 0.6570620265012812 0.07206880745065966 0.6567925774288629 0.07067903314113289 0.7391269407921625 0.08664199754788662 0.7393963898645808
2 0.18551368476809385 0.4971653613162772 0.18540914103761758 0.4797098464891917 0.07257446876952373 0.4803856304854145 0.0726790125 0.4978411453125
2 0.19070402732960137 0.3295594870347345 0.17645694717663488 0.3065769572159406 0.06275405228030773 0.3770624203039773 0.07700113243327422 0.40004495012277114
1 0.18164121461201335 0.46517889335995194 0.18067798888892683 0.3814427300086386 0.07680992271441348 0.38263753508618664 0.07777314843749998 0.46637369843750004
1 0.18043672812500006 0.41653515625000004 0.10493649056186402 0.4164795227387895 0.10490003971434958 0.4659469675726452 0.1804002772774856 0.46600260108385577
1 0.18060958543689867 0.450811565225307 0.132508645794826 0.4504176459812337 0.13239373977228683 0.4644486630940673 0.1804946794143595 0.46484258233814063
2 0.6807600891536416 0.5261353170329339 0.6696085390625 0.5175501296875 0.6292501983463584 0.569972754842066 0.6404017484375 0.5785579421875
0 0.21266618572204452 0.8341325850360036 0.18369087541830845 0.8331414524328477 0.18291235023995547 0.8559012814912587 0.21188766054369151 0.8568924140944146
0 0.21340294014053196 0.799770147674314 0.18245742449829422 0.7985067460361505 0.18149358235826796 0.8221149092044264 0.2124390980005057 0.8233783108425898
0 0.21244855937500007 0.7649739578125 0.18364197500000007 0.7649739578125 0.18364197500000007 0.7877604171875 0.21244855937500007 0.7877604171875
0 0.21295284444601909 0.7524504991927229 0.21144787597111017 0.7295937830516106 0.18199736605032563 0.7315329106466307 0.18350233452523454 0.754389626787743
0 0.11007973281305465 0.7551627623999654 0.10877914756560336 0.7321180113739859 0.09156472454904212 0.7330895482152165 0.0928653097964934 0.7561342992411959
0 0.15180202052628475 0.7508962263671739 0.14972406949579248 0.7285420094279098 0.13349418031896557 0.730050669517923 0.13557213134945784 0.7524048864571871
0 0.21270694095451237 0.6974858743505433 0.1842790316174306 0.6964276655160148 0.1834312836694112 0.7192017163655591 0.21185919300649297 0.7202599252000876
0 0.21272330630861128 0.6636260055950794 0.18337007460883922 0.662564573492019 0.18252702476036456 0.685878582428985 0.21188025646013658 0.6869400145320455
0 0.21249928648647068 0.6508029796724674 0.21160172678482597 0.6273999030703699 0.18286238372589156 0.6285021203822223 0.18375994342753624 0.6519051969843198
0 0.2129629625000001 0.59375 0.1820987656250001 0.59375 0.1820987656250001 0.6178385421875 0.2129629625000001 0.6178385421875
0 0.21759259218750007 0.9127604171874999 0.18261316875000014 0.9127604171874999 0.18261316875000014 0.9296875 0.21759259218750007 0.9296875
0 0.29512228468008495 0.833928719790473 0.26473418825760175 0.8313647251259393 0.26273426659165705 0.8550675094034534 0.29312236301414024 0.8576315040679872
0 0.2957818937500001 0.9140625 0.2633744859375001 0.9140625 0.2633744859375001 0.9283854171874999 0.2957818937500001 0.9283854171874999
0 0.33832780390625283 0.9064765834346348 0.3372473676980051 0.8845977420130546 0.3211472275930705 0.8853928103620612 0.32222766380131823 0.9072716517836413
0 0.2955299603059277 0.7996592240085125 0.2644450091957964 0.7969459911853438 0.26234279401417393 0.821030638689864 0.29342774512430514 0.8237438715130327
0 0.29505867350329423 0.7646504136555331 0.2635902402445251 0.763365663170402 0.26260756645675276 0.7874350874388044 0.2940759997155219 0.7887198379239355
0 0.2945522249943045 0.7314080169260118 0.26395775002155336 0.7302346483898832 0.2630851204656316 0.7529876388503357 0.29367959543838273 0.7541610073864644
0 0.2940589700780794 0.6968802627555652 0.26353802330217413 0.6956341979532185 0.26257760752117204 0.7191584953087791 0.2930985542970773 0.7204045601111259
0 0.29477186879862477 0.6640430314441972 0.26423478250398924 0.6615495810057912 0.2623762976062111 0.6843102955668591 0.29291338390084665 0.686803746005265
0 0.293758669287345 0.6508106080418538 0.2928404558822354 0.626143501486076 0.26258105979911456 0.6272698834170584 0.26349927320422417 0.651936989972836
0 0.2932098765625001 0.59375 0.2623456796875001 0.59375 0.2623456796875001 0.6171875 0.2932098765625001 0.6171875
0 0.342007547093839 0.6768025149427783 0.3306815478080785 0.6589046435073238 0.31429377399664693 0.6692750339279302 0.3256197732824075 0.6871729053633846
0 0.3975571721831384 0.6500029803947847 0.3917241823314557 0.6204734608547273 0.36721743426764103 0.6253142985988045 0.37305042411932376 0.6548438181388618
0 0.21141975312500008 0.51171875 0.18158436250000004 0.51171875 0.18158436250000004 0.5338541671875 0.21141975312500008 0.5338541671875
0 0.21152745885227922 0.49978535945157054 0.2106491037506737 0.47618907261341814 0.1818097768338191 0.4772625961765972 0.18268813193542463 0.5008588830147496
0 0.21226442912962318 0.44425249093367264 0.18137033689424376 0.4431024801836532 0.18050052333922587 0.46646930540320214 0.2113946155746053 0.46761931615322155
0 0.21233444511829558 0.4104335540623163 0.18174441872859481 0.4091430362641638 0.18074917993972 0.43273386225611843 0.21133920632942074 0.43402438005427085
0 0.21141975312500008 0.3743489578125 0.18106995937500003 0.3743489578125 0.18106995937500003 0.3984375 0.21141975312500008 0.3984375
0 0.21184796785429177 0.3413865642032316 0.18169982858972653 0.34019418371510446 0.1807678792200889 0.3637575845448925 0.21091601848465413 0.36494996503301963
0 0.211419753125 0.3072916671875 0.18158436250000004 0.3072916671875 0.18158436250000004 0.3307291671875 0.211419753125 0.3307291671875
0 0.21376702487162488 0.29570453736214736 0.2119551980115622 0.271367918713855 0.1798337208272529 0.27375931728850894 0.1816455476873156 0.2980959359368013
0 0.29218107031249996 0.2721354171875 0.261831275 0.2721354171875 0.261831275 0.2962239578125 0.29218107031249996 0.2962239578125
0 0.2926954734375 0.306640625 0.261831275 0.306640625 0.261831275 0.330078125 0.2926954734375 0.330078125
0 0.29372427968750003 0.3404947921875 0.261831275 0.3404947921875 0.26183127500000003 0.3639322921875 0.29372427968750003 0.3639322921875
0 0.2929856677847945 0.3752091316981409 0.2625818991692491 0.37414024836600573 0.2617564010602035 0.3976210649766062 0.29216016967574887 0.3986899483087414
0 0.2933261830530137 0.43049210120168774 0.291474170999056 0.4070790279943031 0.2618243015792324 0.4094243807413515 0.2636763136331901 0.4328374539487362
0 0.29297805606819977 0.44358052521757046 0.262984871691037 0.4424640501258844 0.26211149915917514 0.4659264843289838 0.2921046835363379 0.46704295942066987
0 0.29297805606819977 0.47743469240507047 0.2629848716329545 0.47631821731122237 0.2621122108964614 0.4997615297176116 0.29210539533170665 0.5008780048114597
0 0.2924477700621321 0.5119262640479275 0.2619280903499645 0.5107557640822025 0.26107510435907255 0.5329965671606229 0.2915947840712401 0.5341670671263479
1 0.13983796250000008 0.8344498703125 0.1327443421875001 0.8344498703125 0.1327443421875001 0.9005110671875001 0.13983796250000008 0.9005110671875001
1 0.12665637812500008 0.8354622390625 0.12076131718750009 0.8354622390625 0.12076131718750009 0.9008919265625 0.12665637812500008 0.9008919265625
1 0.1122710906250001 0.8357128906250001 0.10667952656250008 0.8357128906250001 0.10667952656250008 0.9012662765625 0.1122710906250001 0.9012662765625
1 0.0996810703125001 0.8339420578125001 0.09289094687500012 0.8339420578125001 0.09289094687500012 0.900888671875 0.0996810703125001 0.900888671875
1 0.08630144062500011 0.8349576828125 0.0794084359375001 0.8349576828125 0.0794084359375001 0.9001334640625 0.08630144062500011 0.9001334640625
1 0.13975308593750008 0.589462890625 0.13343621406250009 0.589462890625 0.13343621406250009 0.6553287765625 0.13975308593750008 0.6553287765625
1 0.12660751093750008 0.5904361984375 0.11934927968750009 0.5904361984375 0.11934927968750009 0.6562955734375 0.12660751093750008 0.6562955734375
1 0.11209362187500009 0.590654296875 0.10603395000000009 0.590654296875 0.10603395000000009 0.6559733078125001 0.11209362187500009 0.6559733078125001
1 0.09890174843750008 0.589501953125 0.09310442343750006 0.589501953125 0.09310442343750007 0.6562662765625 0.09890174843750009 0.6562662765625
1 0.08634516406250008 0.589501953125 0.07825360156250007 0.589501953125 0.07825360156250008 0.6569563796875 0.08634516406250009 0.6569563796875
1 0.13916152187500003 0.46522135468750003 0.13242283906250005 0.46522135468750003 0.13242283906250005 0.5317447921875 0.13916152187500003 0.5317447921875
1 0.12568415625000004 0.46584635468749996 0.11935699531250003 0.46584635468749996 0.11935699531250003 0.5301822921875 0.12568415625000004 0.5301822921875
1 0.11269547343750004 0.4664713546875 0.10505144062500005 0.4664713546875 0.10505144062500005 0.5304947921875 0.11269547343750004 0.5304947921875
1 0.09970679062500007 0.46522135468750003 0.09173353906250006 0.46522135468750003 0.09173353906250006 0.5320572921875 0.09970679062500007 0.5320572921875
1 0.08590020625000007 0.4664713546875 0.07866769531250006 0.4664713546875 0.07866769531250006 0.5314322921875 0.08590020625000007 0.5314322921875
0 0.6398041846227225 0.5706693776772831 0.6216788916565554 0.567654382992748 0.6170451943202965 0.5955108572237101 0.6351704872864634 0.5985258519082454
0 0.489711934375 0.4837239578125 0.46862139843749995 0.4837239578125 0.46862139843749995 0.5130208328125 0.489711934375 0.5130208328125
0 0.55761316875 0.4830729171875 0.5354938265625 0.4830729171875 0.5354938265625 0.5104166671875 0.55761316875 0.5104166671875
0 0.6399199205423167 0.5247391145796214 0.6349018055963024 0.5009495323159616 0.6151019229326342 0.5051260700131224 0.6201200378786484 0.5289156522767822
0 0.6925929547142556 0.5071674400158593 0.6730654677930679 0.5037972840828229 0.6694648292772191 0.5246602420358734 0.6889923161984067 0.5280303979689098
0 0.691358025 0.5703125 0.6702674890625 0.5703125 0.6702674890625 0.5963541671875 0.691358025 0.5963541671875
0 0.7447722945646261 0.5695086036518919 0.7281355138259987 0.5687353620605098 0.7268673748776537 0.5960201717045649 0.7435041556162811 0.596793413295947
0 0.8016408066540933 0.5941027370379668 0.7978314564865052 0.5667825462113891 0.7772915478897469 0.5696464978123126 0.7811008980573351 0.5969666886388902
0 0.8546031243306219 0.5949139145659077 0.8518708062532587 0.5672492130520892 0.8309840131290473 0.5693121076183985 0.8337163312064104 0.596976809132217
0 0.7463397410077894 0.5255903282972316 0.7430302225945751 0.5004586646790949 0.7247430966628696 0.5028668450890887 0.728052615076084 0.5279985087072253
0 0.7997860371046315 0.5241041614936814 0.7967735058729486 0.5026817340496549 0.7777505594869307 0.5053568379918314 0.7807630907186136 0.526779265435858
0 0.852763255193211 0.5251501407575268 0.8495696709357882 0.5008988524210534 0.8313668173112883 0.5032959352468737 0.834560401568711 0.527547223583347
0 0.636831275 0.4348958328125 0.6193415640625 0.4348958328125 0.6193415640625 0.4596354171875 0.636831275 0.4596354171875
0 0.691358025 0.435546875 0.67283950625 0.435546875 0.67283950625 0.4596354171875 0.691358025 0.4596354171875
0 0.7454861109579489 0.45694444444141497 0.7419107505003997 0.43281075230282423 0.7229090723451296 0.43562581467758593 0.7264844328026788 0.4597595068161767
0 0.8001368378691209 0.4349127092772075 0.7806951611223336 0.4322018880006035 0.7770835228260187 0.458104113606283 0.7965251995728061 0.460814934882887
0 0.8513374484374999 0.43424479218750023 0.8317901234375 0.43424479218750023 0.8317901234375 0.45963541718750023 0.8513374484374999 0.45963541718750023
0 0.6373456796875 0.35026041718750006 0.6177983546875 0.35026041718750006 0.6177983546875 0.37369791718750006 0.6373456796875 0.37369791718750006
0 0.6913652354036056 0.3514803779933887 0.6720241353570651 0.34978239187454274 0.669925538486068 0.3736866933224829 0.6892666385326085 0.37538467944132886
0 0.7453191221014683 0.35087036652668574 0.7268619862499477 0.3484114369084882 0.7235069434254016 0.3735949479541237 0.7419640792769221 0.3760538775723212
0 0.7991580366653647 0.37321906309342157 0.7980850847183458 0.34605995593506667 0.77787485832997 0.34685838430852767 0.7789478102769889 0.3740174914668826
0 0.8523662546875 0.3496093750000001 0.8323045265625 0.3496093750000001 0.8323045265625 0.3743489578125001 0.8523662546875 0.3743489578125001
0 0.8533676441267998 0.30427635558436067 0.8504911697664023 0.27927587483895294 0.8306817361049015 0.2815550841310291 0.8335582104652991 0.30655556487643676
0 0.7986439199905616 0.3047838892954741 0.7975128929226994 0.27901767053172033 0.7789444187120564 0.2798327473240777 0.7800754457799186 0.30559896608783144
0 0.7447580354193983 0.30595959032726966 0.7434764075379567 0.2800066159957168 0.7234634839453947 0.2809949081481967 0.7247451118268362 0.3069478824797495
0 0.6384480635539599 0.30626974707799964 0.6362817647802699 0.27885256204943787 0.615782169811907 0.2804722851316888 0.617948468585597 0.3078894701602506
0 0.6930372227947099 0.3032237599782837 0.6878679873617849 0.2796714376905503 0.6686737096838252 0.28388417472217575 0.6738429451167501 0.30743649700990916
0 0.5604536014510799 0.3089124124796858 0.5555511610702691 0.2763379835814369 0.5300174138615423 0.2801808037819226 0.5349198542423531 0.3127552326801715
0 0.492117089969134 0.280001022513865 0.46824066707194845 0.2780151998959967 0.4655342121891105 0.3105561029723053 0.48941063508629606 0.3125419255901735
0 0.3971717987634863 0.37840384788301684 0.3912221062118315 0.34677750313456446 0.36739838551800497 0.3512593303799245 0.37334807806965975 0.38288567512837685
0 0.489711934375 0.62109375 0.46965020625 0.62109375 0.46965020625 0.6484375 0.489711934375 0.6484375
0 0.559900171194933 0.6212653800402228 0.5351633370646586 0.6192079962804409 0.5326280435938324 0.6496909500615301 0.5573648777241067 0.651748333821312
0 0.494044284207172 0.849611209909337 0.4864250825652759 0.8234372018032253 0.4652849039148106 0.8295910657139649 0.4729041055567068 0.8557650738200765
0 0.5596726250894748 0.8272932439191537 0.5386858463149464 0.8258176098745089 0.5369118799566526 0.851047333768505 0.557898658731181 0.8525229678131498
0 0.6401656785401004 0.7990614649498972 0.618440327651114 0.7982031797272893 0.6173264651366661 0.8263978326597272 0.6390518160256525 0.827256117882335
0 0.6424396524838685 0.7449025422889545 0.6255919039123935 0.7372957978151898 0.6157908006411315 0.7590037077110455 0.6326385492126065 0.7666104521848102
0 0.6929012343750002 0.798828125 0.6712962968750003 0.798828125 0.6712962968750003 0.8268229171874999 0.6929012343750002 0.8268229171874999
0 0.693284166028455 0.767382665095232 0.6907334598381174 0.7383285179533198 0.6695206403046361 0.7401908224922995 0.6720713464949737 0.7692449696342116
0 0.7507077894877872 0.8032483461822469 0.7313253645193549 0.7966849871044186 0.7223584686979799 0.8231653584198737 0.7417408936664122 0.8297287174977018
0 0.8028495283664207 0.8255691063049868 0.8007626666467912 0.7975381950949668 0.7778494097501769 0.7992440546844506 0.7799362714698064 0.8272749658944706
0 0.8014403296875001 0.7389322921875002 0.7788065843750002 0.7389322921875002 0.7788065843750002 0.7669270828125001 0.8014403296875001 0.7669270828125001
0 0.7492093840878992 0.7644268049040222 0.7435889517189019 0.7373960280562359 0.7228274626518009 0.7417129052898577 0.7284478950207982 0.7687436821376439
0 0.8551134109423012 0.8231661897032027 0.8521111159743688 0.7965677659934574 0.8305602908393157 0.7990003136723657 0.8335625858072481 0.825598737382111
0 0.8548082972007169 0.7376649837127356 0.8321071018950775 0.7367681467305467 0.8309161703576425 0.7669136134807875 0.853617365663282 0.7678104504629762
0 0.39773424737768204 0.8534867098565003 0.39112925636707824 0.8248257574063921 0.36780520253605753 0.8302008462542906 0.3744101935466613 0.8588617987043989