1 0.44532356718750005 0.33037705781249993 0.4376829100097286 0.31787880843807403 0.366531504187921 0.36137638024307706 0.3741721613656924 0.37387462961750295
1 0.30404231718749997 0.36511985625 0.3040195312499999 0.3510370375 0.2874947505536779 0.35106377452096377 0.28751753649117795 0.36514659327096377
1 0.30475260468750004 0.39570781875000005 0.3045884633606605 0.38208778591636955 0.28713585084158494 0.38229811543691405 0.2872999921684245 0.39591814827054456
1 0.30390234375 0.3429871406250001 0.3038678390625 0.327801440625 0.2875374508258695 0.32783854625350967 0.2875719555133695 0.3430242462535097
1 0.30408128169775406 0.2987398722466956 0.2871689543636303 0.2985460312638705 0.28702712579087636 0.3109203558921749 0.30393945312500004 0.311114196875
1 0.3224798171874999 0.21998405312499997 0.32236957770202185 0.20613100000504714 0.30489453124999993 0.20627006250000007 0.305004770735478 0.22012311561995287
1 0.28155403593750006 0.2198559671875 0.2813806804091513 0.20607304093088907 0.26571614531250004 0.20627006249999996 0.2658895008408488 0.2200529887566109
1 0.39079362031250003 0.20554989687500003 0.3723391921875 0.20537860156250004 0.3722039127171678 0.2199528781471798 0.39065834084216783 0.22012417345967977
1 0.3504342453125 0.21970164531249997 0.35042721618821837 0.20530948665967536 0.33345042352696186 0.20531777811812843 0.3334574526512435 0.21970993677095305
1 0.5413441024018681 0.20465087954101152 0.5251529210963974 0.2044826605197681 0.5249989233820294 0.2193050325412566 0.5411901046875001 0.21947325156250005
1 0.5034407546875002 0.20486522656250009 0.48628906250000015 0.2046594656250001 0.48611437373865585 0.21922106268806169 0.5032660659261559 0.2194268236255617
1 0.4765625 0.20505761250000004 0.4579615890625 0.20485082343750002 0.4578041934303735 0.21900873923702005 0.4764051043678735 0.21921552829952007
1 0.4357415359375 0.21898919687499996 0.4355929770439636 0.20508507007896132 0.41880859375 0.20526440312499994 0.4189571526435364 0.21916852992103858
2 0.36061002656249996 0.3090236625 0.3061396165842572 0.26572543003897997 0.29655062329561593 0.2777886567811139 0.3510210332738587 0.32108688924213397
2 0.5105998081191689 0.2953752218745046 0.5105092881326326 0.26613099549679703 0.36544151331223906 0.26658002543022674 0.36553203329877537 0.29582425180793437
2 0.5787254642083502 0.2318449180066405 0.4483974055697041 0.23160650451894105 0.44834019195551206 0.2628821648739391 0.5786682505941583 0.26312057836163855
2 0.5836614493495201 0.16391205945880585 0.36321202283935594 0.16087825789084528 0.36285798727824164 0.18660404603601843 0.5833074137884058 0.189637847603979
2 0.8221669819939116 0.14750689580674128 0.8218759741611722 0.12051661666078399 0.293964469779523 0.12620853195878837 0.2942554776122624 0.15319881110474565
2 0.8719231355401694 0.14863123444825357 0.8218892532168024 0.1485422484506671 0.821589090993702 0.3173135355730051 0.8716229733170691 0.31740252157059157
2 0.8106562040899595 0.36596564515520624 0.7896730883448396 0.2063474939103717 0.758410248787646 0.21045725070077265 0.779393364532766 0.37007540194560723
2 0.8492187500000001 0.50812345625 0.8487994796875002 0.4612325109375 0.8308018328420692 0.46139343494888135 0.8312211031545692 0.5082843802613813
2 0.8505309645433705 0.43692092275459987 0.768105559429306 0.37217737824890024 0.7588549372840481 0.3839544022549445 0.8412803423981128 0.4486979467606441
2 0.870505052201769 0.6960870207138378 0.7451765754045266 0.15639436379645422 0.6562989600340865 0.1770336962257142 0.781627436831329 0.7167263531430977
2 0.9400820429936758 0.687515594971584 0.9059374999999997 0.6663765437500004 0.8904572913749857 0.6913807240893804 0.9246018343686618 0.712519775310964
2 0.8941797799961414 0.5803687218371198 0.5958590619974293 0.3201202213390064 0.4782842402341266 0.4548952735674181 0.7766049582328385 0.7151437740655315
2 0.7674624217680867 0.7071689978975794 0.7447090804222978 0.4457282349182249 0.6440814479539022 0.4544859161775655 0.6668347892996912 0.71592667915692
2 0.6823352859375 0.7083847734375001 0.68082421875 0.6790601859375001 0.6642981497439414 0.6799117580393554 0.6658092169314413 0.7092363455393553
1 0.8831497390625002 0.6756085390625001 0.883134874278455 0.6617557266989633 0.6799708512445138 0.6619737322020246 0.6799857160285588 0.6758265445655613
2 0.48779882812500014 0.5105365218750001 0.31015354792604444 0.4523944170644434 0.3061414365659606 0.4646528767310446 0.4837867167649163 0.5227949815416013
2 0.49146354218750005 0.4410066875 0.3728773004345335 0.37195567028385235 0.36579698137395056 0.3841152077049763 0.48438322312691706 0.453166224921124
2 0.9352580663862321 0.5291108708215686 0.2798665106218774 0.5096330758122801 0.2714083184414098 0.7942355028050214 0.9267998742057644 0.8137132978143098
2 0.3831530193515444 0.6297846392538696 0.35884300865308566 0.6266759852705807 0.3480574214457539 0.7110204449013027 0.37236743214421264 0.7141290988845916
1 0.6431051400873298 0.6390177619243851 0.6068381402689329 0.5807660653547939 0.4822835540706193 0.6583126677895947 0.5185505538890162 0.7165643643591858
1 0.929409196693636 0.7446154364777676 0.5219692795663975 0.7303630227369972 0.5199341049653742 0.7885434394623658 0.9273740220926128 0.8027958532031363
2 0.7476245056529484 0.7369663348095776 0.6351355044394074 0.7367520592198369 0.6351065301138363 0.7519628116357147 0.7475955313273774 0.7521770872254555
1 0.8341929172588507 0.8663976624777903 0.8335093755916722 0.8181940442877158 0.8045793355793617 0.8186042808741807 0.8052628772465402 0.866807899064255
1 0.8349330767093134 0.9131395004421581 0.7548104002242259 0.8984675270577664 0.7517332223629971 0.9152717918831504 0.8318558988480846 0.9299437652675421
2 0.7950454435421008 0.8231116100513546 0.7668393731842198 0.8084458053637098 0.7425141220644513 0.8552294465733421 0.7707201924223324 0.869895251260987
2 0.7426473371265858 0.8945709074773533 0.7128261746308467 0.8090718739032123 0.679975303751832 0.82052991170384 0.7097964662475711 0.9060289452779811
2 0.6845561129906559 0.9288720865857588 0.6835781250000001 0.8148683125 0.6651893291968444 0.8150260618517414 0.6661673171875001 0.9290298359375002
2 0.6493170578125002 0.9268410499999999 0.6486516960709852 0.8147945793820668 0.631326825758485 0.8148974590695668 0.6319921875000001 0.9269439296875
1 0.7393963898645809 0.9133580024521135 0.6570620265012813 0.9119682281425867 0.656792577428863 0.9279311925493404 0.7391269407921626 0.9293209668588673
2 0.4978411453125 0.9273209874999999 0.49739571293026924 0.814519858635381 0.4799399848052692 0.8145887883228811 0.4803854171875 0.9273899171875
2 0.40004495012277114 0.9229988675667258 0.3295594870347344 0.8092959726703988 0.3065769572159406 0.8235430528233654 0.3770624203039773 0.9372459477196923
1 0.46637369843750004 0.9222268515625001 0.4656475706201027 0.8186817123017995 0.38187185677474317 0.8192692036768634 0.38259798459214045 0.9228143429375638
1 0.465947265625 0.8946954734375 0.4653329850529745 0.8191663974554345 0.4159082591482869 0.819568370450684 0.4165225397203124 0.8950974464327495
1 0.46480704581854687 0.8195019190250166 0.45077799338094715 0.8193974328962103 0.45041977810109735 0.8674939697510762 0.46444883053869707 0.8675984558798826
2 0.5785579421875001 0.3595982515625001 0.526135317032934 0.3192399108463585 0.5175501296875 0.3303914609375001 0.5699727548420661 0.3707498016536417
0 0.857292510457539 0.7884362584191482 0.8342185583734644 0.7872208407619937 0.8326999693161969 0.816050314265633 0.8557739214002715 0.8172657319227874
0 0.8235284013016008 0.7877513747260666 0.7998794484012854 0.7864500387335412 0.7981763777718636 0.8173996453934981 0.8218253306721788 0.8187009813860235
0 0.7877604171875002 0.7875514406250002 0.7649739578125001 0.7875514406250002 0.7649739578125001 0.8163580250000001 0.7877604171875002 0.8163580250000001
0 0.7542528755087015 0.8166142457113809 0.7528846170684189 0.7871752978687927 0.7300279921004631 0.7882376242194489 0.7313962505407456 0.8176765720620371
0 0.7561342992411959 0.9071346902035063 0.755162762399965 0.889920267186945 0.7321180113739858 0.8912208524343967 0.7330895482152167 0.9084352754509581
0 0.7525543552550702 0.8636262073060881 0.7501447738159503 0.8473615264927747 0.7282205452839776 0.8506095591313507 0.7306301267230972 0.866874239944664
0 0.7194010421875002 0.7875514406249999 0.6966145828125001 0.7875514406249999 0.6966145828125001 0.8163580250000001 0.7194010421875002 0.8163580250000001
0 0.6865346691567612 0.8160920866841754 0.6852160179271112 0.7869189865092282 0.661710285486508 0.7879814674523143 0.6630289367161579 0.8171545676272615
0 0.6519051969843199 0.8162400565724637 0.6508029796724675 0.7875007135135295 0.6273999030703699 0.7883982732151741 0.6285021203822223 0.8171376162741083
0 0.6178385421875002 0.7870370375 0.5937500000000002 0.7870370375 0.5937500000000002 0.817901234375 0.6178385421875002 0.817901234375
0 0.9296875 0.7824074078125002 0.9127604171874999 0.7824074078125002 0.9127604171874999 0.81738683125 0.9296875 0.81738683125
0 0.8565077554313001 0.7062401475569916 0.8329037277436806 0.7053065890368924 0.8317113213430869 0.7354553082532509 0.8553153490307064 0.7363888667733501
0 0.9283854171874999 0.7042181062500001 0.9140625 0.7042181062500001 0.9140625 0.7366255140625002 0.9283854171874999 0.7366255140625002
0 0.9073787983128321 0.6775234125741593 0.9063164936597378 0.6613896554118158 0.8845464192389094 0.6628230754839508 0.8856087238920038 0.6789568326462943
0 0.8216145828125001 0.7057613171875002 0.7975260421875001 0.7057613171875002 0.7975260421875002 0.7371399171875002 0.8216145828125001 0.7371399171875002
0 0.7880549484051137 0.7368707759611177 0.7867812889801817 0.7046676579592857 0.7627506821296923 0.7056180879425009 0.7640243415546244 0.7378212059443331
0 0.7532552078125001 0.7057613171875002 0.7304687500000001 0.7057613171875002 0.7304687500000002 0.7366255140625002 0.7532552078125001 0.7366255140625002
0 0.7194010421875001 0.7062757203125 0.6959635421875001 0.7062757203125 0.6959635421875002 0.7371399171874999 0.7194010421875002 0.7371399171874999
0 0.685135407014424 0.7368886541895712 0.6839581695144372 0.7052630618250572 0.6612606071236395 0.7061079605164953 0.6624378446236263 0.7377335528810093
0 0.651936989972836 0.7365007267957759 0.6508106080418536 0.7062413307126552 0.626143501486076 0.7071595441177647 0.6272698834170584 0.7374189402008856
0 0.6171875000000001 0.7067901234375 0.59375 0.7067901234375 0.5937500000000001 0.7376543203125 0.6171875000000002 0.7376543203125
0 0.6871729053633845 0.6743802267175927 0.6768025149427782 0.657992452906161 0.6589046435073238 0.6693184521919215 0.6692750339279301 0.6857062260033532
0 0.6549347975150892 0.6267408125907805 0.6494965873259146 0.6020338739697285 0.6203655753819768 0.6084458608372356 0.6258037855711513 0.6331527994582877
0 0.5338541671875002 0.788580246875 0.5117187500000002 0.788580246875 0.5117187500000002 0.8184156375 0.5338541671875002 0.8184156375
0 0.5008588830147496 0.8173118680645752 0.49978535945157054 0.7884725411477208 0.47618907261341814 0.7893508962493263 0.4772625961765972 0.8181902231661807
0 0.46679687500000017 0.78806584375 0.44335937500000017 0.78806584375 0.44335937500000017 0.818930040625 0.46679687500000017 0.818930040625
0 0.4341239171415176 0.7888147801242479 0.41050795040915133 0.7875694059504035 0.4088993025313856 0.8180741133413836 0.432515269263752 0.819319487515228
0 0.3984375000000001 0.788580246875 0.3743489578125001 0.788580246875 0.3743489578125001 0.818930040625 0.3984375000000001 0.818930040625
0 0.3648389952493414 0.7890241097809262 0.34128593019391645 0.7881960736029161 0.3402250860083536 0.8183712432148029 0.36377815106377853 0.8191992793928129
0 0.33072916718750006 0.788580246875 0.30729166718750006 0.788580246875 0.30729166718750006 0.8184156375 0.33072916718750006 0.8184156375
0 0.2980959359368013 0.8183544523126842 0.2957045373621473 0.7862329751283751 0.27136791871385496 0.7880448019884377 0.2737593172885089 0.8201662791727469
0 0.2962239578125001 0.7078189296875 0.27213541718750006 0.7078189296875 0.27213541718750006 0.738168725 0.2962239578125001 0.738168725
0 0.3300781250000001 0.7073045265625 0.3066406250000001 0.7073045265625 0.3066406250000001 0.738168725 0.3300781250000001 0.738168725
0 0.36393229218750006 0.7062757203125 0.34049479218750006 0.7062757203125 0.34049479218750006 0.738168725 0.36393229218750006 0.738168725
0 0.3987036071643462 0.7078718272615009 0.3752220511054266 0.7069977428539808 0.37409026118393607 0.7374023448120476 0.3975718172428556 0.7382764292195677
0 0.4328374539487361 0.73632368636681 0.4304921012016877 0.7066738169469864 0.40707902799430296 0.7085258290009441 0.40942438074135135 0.7381756984207677
0 0.46614583281250005 0.7073045265625 0.44270833281250005 0.7073045265625 0.44270833281250016 0.7376543203125 0.46614583281250016 0.7376543203125
0 0.5000000000000001 0.7073045265625 0.4765625000000001 0.7073045265625 0.47656250000000017 0.7376543203125 0.5000000000000002 0.7376543203125
0 0.5333630341667351 0.7384666630480279 0.5323542656304898 0.7073816702780189 0.5103588661641326 0.708095463814597 0.5113676347003779 0.739180456584606
1 0.9005110671875001 0.8601620375 0.8344498703125 0.8601620375 0.8344498703125 0.8672556578125 0.9005110671875001 0.8672556578125
1 0.9008919265625 0.873343621875 0.8354622390625 0.873343621875 0.8354622390625 0.8792386828125001 0.9008919265625 0.8792386828125001
1 0.9012662765625 0.887728909375 0.8357128906250001 0.887728909375 0.8357128906250001 0.8933204734375 0.9012662765625 0.8933204734375
1 0.900888671875 0.9003189296875 0.8339420578125001 0.9003189296875 0.8339420578125001 0.907109053125 0.900888671875 0.907109053125
1 0.9001334640625 0.913698559375 0.8349576828125 0.913698559375 0.8349576828125 0.9205915640625 0.9001334640625 0.9205915640625
1 0.6553287765625002 0.8602469140625001 0.5894628906250002 0.8602469140625001 0.5894628906250002 0.8665637859374999 0.6553287765625002 0.8665637859374999
1 0.6562955734375001 0.8733924890625 0.5904361984375002 0.8733924890625 0.5904361984375002 0.8806507203124999 0.6562955734375001 0.8806507203124999
1 0.6559733078125002 0.8879063781250001 0.5906542968750002 0.8879063781250001 0.5906542968750002 0.8939660500000001 0.6559733078125002 0.8939660500000001
1 0.6562662765625003 0.9010982515625001 0.5895019531250002 0.9010982515625001 0.5895019531250002 0.9068955765625001 0.6562662765625003 0.9068955765625001
1 0.6569563796875002 0.9136548359375001 0.5895019531250002 0.9136548359375001 0.5895019531250002 0.9217463984375 0.6569563796875002 0.9217463984375
1 0.5317447921875001 0.860838478125 0.4652213546875002 0.860838478125 0.4652213546875002 0.8675771609374999 0.5317447921875001 0.8675771609374999
1 0.5301822921875001 0.87431584375 0.46584635468750013 0.87431584375 0.46584635468750013 0.8806430046875 0.5301822921875001 0.8806430046875
1 0.5304947921875002 0.8873045265625 0.46647135468750023 0.8873045265625 0.46647135468750023 0.894948559375 0.5304947921875002 0.894948559375
1 0.5320572921875002 0.9002932093749999 0.4652213546875002 0.9002932093749999 0.4652213546875002 0.9082664609375 0.5320572921875002 0.9082664609375
1 0.5314322921875002 0.91409979375 0.46647135468750023 0.91409979375 0.46647135468750023 0.9213323046875 0.5314322921875002 0.9213323046875
0 0.5985258519082451 0.3648295127135368 0.5706693776772831 0.36019581537727774 0.5676543829927478 0.37832110834344473 0.59551085722371 0.3829548056797038
0 0.5130208328125 0.510288065625 0.4837239578125 0.510288065625 0.4837239578125 0.5313786015625 0.5130208328125 0.5313786015625
0 0.5104166671875 0.44238683125 0.4830729171875 0.44238683125 0.4830729171875 0.4645061734375 0.5104166671875 0.4645061734375
0 0.5289156522767822 0.3798799621213515 0.5247391145796214 0.36008007945768333 0.5009495323159616 0.3650981944036976 0.5051260700131224 0.38489807706736584
0 0.5260416671875 0.3086419750000001 0.5045572921875 0.3086419750000001 0.5045572921875 0.32818930000000013 0.5260416671875 0.32818930000000013
0 0.5967908331859657 0.30929449740613335 0.5709515344542448 0.3072505669791842 0.5692814677496432 0.3283634932868166 0.595120766481364 0.33040742371376575
0 0.5967934132959469 0.2564958443837189 0.5695086036518918 0.25522770543537404 0.5687353620605098 0.2718644861740015 0.5960201717045649 0.2731326251223464
0 0.596970330364693 0.21888777480258362 0.5940806021186154 0.1983386123462747 0.5667705538664602 0.2021790909061086 0.5696602821125379 0.22272825336241753
0 0.5971492700987229 0.16594759850838176 0.5943180302901311 0.1446958402682601 0.567047115646534 0.1483289749144982 0.5698783554551258 0.16958073315461988
0 0.5280836454319588 0.2711892464468583 0.5248806771001431 0.25294733494094235 0.5002311813909304 0.2572753657027534 0.5034341497227462 0.27551727720866936
0 0.526779265435858 0.21923690928138645 0.5241041614936813 0.20021396289536844 0.5026817340496548 0.20322649412705127 0.5053568379918314 0.22224944051306927
0 0.5275472235833469 0.16543959843128886 0.5251501407575268 0.1472367448067892 0.5008988524210534 0.150430329064212 0.5032959352468735 0.1686331826887117
0 0.4596354171875 0.3631687250000001 0.4348958328125 0.3631687250000001 0.4348958328125 0.3806584359375001 0.4596354171875 0.3806584359375001
0 0.4603255029580623 0.3261688837989317 0.45923047108556875 0.3081521838838229 0.43466989107487003 0.30964494438077106 0.4357649229473636 0.32766164429587985
0 0.458920388986004 0.27429079520618266 0.4578413631835467 0.25517179837019105 0.43320926948571675 0.25656196883240223 0.4342882952881741 0.2756809656683938
0 0.4604943201121592 0.21837887701646416 0.4581229747119127 0.1993710569657301 0.43153253878832354 0.20268838150634813 0.43390388418857 0.2216962015570822
0 0.4596354171875 0.14866255156250002 0.4342447921875 0.14866255156250002 0.4342447921875 0.16820987656250003 0.4596354171875 0.16820987656250003
0 0.37369791718750006 0.3626543203125 0.35026041718750006 0.3626543203125 0.35026041718750006 0.3822016453125 0.37369791718750006 0.38220164531250006
0 0.3753846794413288 0.3107333614673914 0.35148037799338855 0.3086347645963944 0.34978239187454274 0.32797586464293504 0.373686693322483 0.330074461513932
0 0.3755981791312143 0.2576187234607704 0.34991074090151353 0.25577361071933336 0.3485940785103014 0.2741040265709348 0.3742815167400022 0.2759491393123719
0 0.37439603021991646 0.22003135960386583 0.3723897416874558 0.19971768059507194 0.34566234344852526 0.2023574226411121 0.34766863198098596 0.22267110164990597
0 0.3745627710594176 0.16688115984926793 0.3735728949567204 0.1468361642595252 0.34889349659720936 0.14805489970676694 0.34988337269990655 0.16809989529650968
0 0.30655556487643687 0.16644178953470104 0.3042763555843607 0.1466323558732002 0.27927587483895294 0.1495088302335978 0.2815550841310291 0.1693182638950986
0 0.30558580775251176 0.21993773587786744 0.304813664763875 0.20137010547710216 0.2790305025545242 0.20244230949533884 0.279802645543161 0.22100993989610412
0 0.306640625 0.2556584359375 0.2805989578125 0.2556584359375 0.2805989578125 0.2757201640625 0.306640625 0.2757201640625
0 0.307637229719366 0.38235794586258465 0.30673451022115017 0.36179286061020177 0.2790189225019297 0.3630094566579013 0.2799216420001456 0.3835745419102841
0 0.3074978593925259 0.32524014844442106 0.30131212949307884 0.30569018456817887 0.27882390713842053 0.3128055976853188 0.2850096370378676 0.332355561561561
0 0.31469508143864616 0.45015806458961266 0.2850531804066139 0.4355200898142807 0.2735656186176432 0.4587824040943861 0.30320751964967546 0.47342037886971805
0 0.3125419255901735 0.510589364913704 0.280001022513865 0.507882910030866 0.2780151998959967 0.5317593329280516 0.3105561029723053 0.5344657878108895
0 0.38308136355588396 0.6259615194912991 0.37736003743037916 0.6018518969690311 0.34631222383920734 0.6092196882679162 0.3520335499647121 0.6333293107901843
0 0.6484375 0.510288065625 0.62109375 0.510288065625 0.62109375 0.53034979375 0.6484375 0.53034979375
0 0.6517483338213119 0.44263512227589324 0.6212653800402227 0.4400998288050671 0.6192079962804409 0.4648366629353415 0.6496909500615301 0.4673719564061677
0 0.8558228925414006 0.5268394257211197 0.8491042757432441 0.505605286049639 0.8232132319502578 0.5137973769203135 0.8299318487484142 0.5350315165917942
0 0.852792295256171 0.4425314067310874 0.8274587296259188 0.44017650803871755 0.8255150397209079 0.4610863654066792 0.85084860535116 0.463441264099049
0 0.827256117882335 0.36094818397434747 0.799061464949897 0.35983432145989963 0.7982031797272893 0.3815596723488862 0.8263978326597272 0.38267353486333405
0 0.7666104521848104 0.3673614507873937 0.7449025422889547 0.35756034751613164 0.73729579781519 0.3744080960876066 0.7590037077110456 0.38420919935886866
0 0.8268229171874999 0.30709876562500005 0.798828125 0.30709876562500005 0.798828125 0.3287037031250001 0.8268229171874999 0.3287037031250001
0 0.7687281939967976 0.3283580647101086 0.7678470295097942 0.3071688046580103 0.7386647958366244 0.30838236038864963 0.7395459603236276 0.32957162044074795
0 0.8297287174977017 0.25825910633358784 0.8032483461822466 0.2492922105122129 0.7966849871044185 0.2686746354806454 0.8231653584198737 0.27764153130202035
0 0.8271333422678898 0.22027788054768918 0.8260135945529363 0.19760298081679267 0.7977415373747183 0.19899913126499993 0.7988612850896719 0.22167403099589644
0 0.7669270828125 0.19855967031250008 0.7389322921875 0.19855967031250008 0.7389322921875 0.22119341562500008 0.7669270828125 0.22119341562500008
0 0.7678280500101494 0.27290535281937395 0.7670833071330838 0.252168913104839 0.7393275371401979 0.2531657530775748 0.7400722800172636 0.2739021927921097
0 0.8255175907893634 0.16653838674097673 0.8233918053324519 0.14501480091840496 0.7966644070935216 0.14765454296444508 0.7987901925504329 0.16917812878701688
0 0.7678104504629761 0.14638263433671836 0.7376649837127356 0.14519170279928323 0.7367681467305467 0.16789289810492272 0.7669136134807872 0.16908382964235785
0 0.8590611449996033 0.6250405584689891 0.8522390228604448 0.6013231501586648 0.8246069209098332 0.6092713025032315 0.8314290430489916 0.6329887108135558