2 0.14875410175254777 0.3361749115005187 0.14338610697774154 0.07168405131304288 0.10008963089024234 0.07256277830285449 0.10545762566504857 0.33705363849033027
1 0.1495773867062828 0.18873023246372947 0.14891244212626095 0.16272364520824883 0.1408731442714174 0.16292919649736054 0.14153808885143923 0.18893578375284115
1 0.7887163906734374 0.8644526708970105 0.7854079218749999 0.7082239578125 0.7794664274452712 0.7083497813474235 0.7827748962437086 0.864578494431934
1 0.7821402619853237 0.8649525390332876 0.7770486132410055 0.709441839514121 0.7717726343749999 0.7096145828124999 0.7768642831193182 0.8651252823316664
1 0.7706728390625002 0.8662246093749998 0.7685282921875002 0.7094967453125001 0.7631948596232627 0.7095697240148328 0.7653394064982627 0.8662975880773326
1 0.7057974334106926 0.8682637616186781 0.701165610321419 0.709473762793534 0.6947853581607264 0.7096598714873557 0.69941718125 0.8684498703124998
1 0.7143719140625 0.8662246093749999 0.7094233546875002 0.7081054687500001 0.7037108420780553 0.7082842498116511 0.7086594014530553 0.8664033904366508
1 0.721011099794951 0.868081399298565 0.7179454734375 0.7101927078125001 0.7132857111425491 0.7102831835139352 0.7163513375000001 0.868171875
1 0.7284306636647601 0.8676338081696935 0.7265383594908668 0.7107861513282709 0.7208468927011066 0.7108548165960774 0.7227391968749999 0.8677024734375
1 0.73544084375 0.8666458328125 0.7342663316378123 0.7091266578564401 0.7287517210438478 0.7091677765135078 0.7299262331560354 0.8666869514695676
1 0.7629037482616401 0.8664362922448754 0.7601754109375 0.7083736984375 0.7536964974935193 0.7084855317368487 0.7564248348176594 0.866548125544224
1 0.7555375515624999 0.8667519531250001 0.7511923875 0.7094316406250001 0.7461751511793746 0.7095702159596597 0.7505203152418746 0.8668905284596597
1 0.748191249738905 0.8670286071869091 0.744136888518836 0.7089039501984719 0.738156378125 0.7090572921874999 0.742210739345069 0.8671819491759372
1 0.7474552468749999 0.5666041671875 0.7438737797213797 0.4110761894609628 0.7396337453124999 0.41117382812500003 0.7432152124661202 0.5667018058515372
1 0.7389321017514111 0.5669390586599874 0.736847387641883 0.4117844678873171 0.7320696062029718 0.41184866391482966 0.7341543203124999 0.5670032546875
1 0.7307957812499999 0.5683450515624999 0.7293374484374999 0.41224348906249997 0.7242118676567684 0.41229137328938376 0.7256702004692683 0.5683929357893838
1 0.7210882973569482 0.5682429810623543 0.7171851859375 0.41224348906249997 0.7131056338930517 0.41234555956264574 0.7170087453125 0.5683450515625
1 0.7124157334117625 0.5680495979507787 0.7096728390625 0.41196354218750003 0.705161264586592 0.41204282391497876 0.7079041589358546 0.5681288796782574
1 0.7048122421875 0.5687923171875 0.7014912744669863 0.41220840233939715 0.6967302692293881 0.41230937787527255 0.7000512369499019 0.5688932927233754
1 0.6979633932798006 0.5688868748930999 0.6947345761582482 0.4126148147570675 0.6885031781909478 0.41274356486396774 0.6917319953125001 0.5690156249999999
1 0.7821504968596551 0.5655734396016326 0.7794033068465857 0.4092984342377547 0.7743592912369308 0.4093871040111222 0.7771064812500001 0.565662109375
1 0.7735272640625002 0.5668834640625 0.7719760924624232 0.41113162669984726 0.7667194135429912 0.4111839792832172 0.7682705851430682 0.5669358166458699
1 0.7647386287142659 0.5689821608247784 0.76380555625 0.411125 0.7581440884732341 0.4111584641752216 0.7590771609375 0.569015625
1 0.7565138890625001 0.5654856765625 0.7553648974077996 0.41023482174899434 0.7493554531250001 0.41027929687500003 0.7505044447797007 0.5655301516885057
2 0.8186650137119402 0.8645550669158778 0.81502211875 0.7372845046875 0.8096715390564938 0.7374376555769724 0.8133144340184341 0.8647082178053503
2 0.8101666671875002 0.8657356765625 0.808229080483812 0.7378393170590105 0.8041242645661397 0.7379015036355014 0.806061851269828 0.8657978631389909
2 0.8034201543148427 0.8650589421321045 0.8014423875000001 0.7391074218749999 0.7969918527518567 0.7391773068586446 0.7989696195666994 0.8651288271157492
2 0.7973271609375001 0.8646946609375 0.7946522640625001 0.7404095046875 0.7897252420049554 0.7405155453145744 0.7924001388799554 0.8648007015645744
2 0.6157736246362102 0.8723584889962901 0.6139864639243525 0.7447213369326776 0.6104979421875 0.7447701828125 0.6122851028993577 0.8724073348761123
2 0.6230082296874999 0.8696914062500001 0.621402778125 0.7456178390625 0.6174096884658155 0.7456695076989217 0.6190151400283154 0.8697430748864216
2 0.6312381687499999 0.8703157546875 0.6271536045658351 0.7452967416982728 0.6229123075029587 0.7454353114218948 0.6269968716871235 0.8704543244111221
2 0.6378600828125001 0.8713496093750001 0.635007715625 0.7446139328125 0.6303715841600898 0.7447182755644868 0.6332239513475898 0.8714539521269871
2 0.64440689375 0.8706393234374998 0.6410401234374999 0.745244140625 0.6380367820864045 0.7453247781763985 0.6414035523989046 0.8707199609888983
2 0.6505797328125001 0.8704029953125001 0.6481010900585769 0.7451932300715491 0.6455293203124999 0.745244140625 0.648007963066423 0.870453905865951
2 0.6579270216091371 0.8698650907517239 0.655115740625 0.745501953125 0.6515118874125011 0.7455834197412278 0.6543231683966382 0.8699465573679518
2 0.6649830250000001 0.8704029953125 0.6630658437500001 0.7457975265624999 0.6591387890241848 0.7458579482740314 0.6610559702741847 0.8704634170240313
2 0.6719134908975224 0.8693934715189513 0.6691429722138997 0.7454084095393759 0.665918209375 0.7454804687500001 0.6686887280586227 0.8694655307295754
2 0.6788421470398951 0.8700893158864277 0.6763786967368576 0.7444497855682787 0.6720910499999999 0.7445338546875 0.6745545003030374 0.870173385005649
2 0.6859336421875 0.8692200515625 0.6824727359375 0.7460937499999999 0.6795731419287766 0.7461752534878812 0.6830340481787766 0.8693015550503811
2 0.6926771259023164 0.869133146376637 0.6894859185899376 0.7451382733376729 0.685372428125 0.745244140625 0.6885636354373788 0.8692390136639642
2 0.6988400203125 0.8687467453125002 0.6971562825927143 0.7437788583392245 0.6937896093750002 0.74382421875 0.6954733470947859 0.8687921057232757
2 0.7057659079188819 0.8681990836462938 0.7022073046874999 0.7426412765625 0.6995838858311179 0.7427156304162063 0.7031424890624999 0.8682734375000001
2 0.7893518515625001 0.8630208328125002 0.7856453262598899 0.7405017645772604 0.7817426443910287 0.7406198310080889 0.7854491696936389 0.8631388992433287
2 0.7623971187500002 0.8655175781250002 0.7600127148446443 0.739995088641574 0.7556932859741292 0.7400771397792638 0.7580776898794851 0.8655996292626899
2 0.7467676681979459 0.8672831193631089 0.7444852354868019 0.7413087399584585 0.74079218125 0.7413756515625001 0.743074613961144 0.8673500309671505
2 0.719598765625 0.8670787765625002 0.7178413860175822 0.7413254482363567 0.7142489718750001 0.7413756515625001 0.716006351482418 0.8671289798886438
2 0.7681631480404715 0.8654920874755684 0.7669747033383862 0.7405612926725096 0.7634259265625001 0.7405950515625 0.7646143712645853 0.8655258463655591
2 0.7809156374999999 0.8647369796875001 0.7782107570576223 0.7405195354906053 0.7747427984374999 0.7405950515625 0.7774476788798775 0.8648124957593947
2 0.7272191061066595 0.8688542384348329 0.7253016234034569 0.7421142037706457 0.7222080313592976 0.7421610075233128 0.7241255140625001 0.8689010421875001
2 0.7549727359375 0.8658971359375001 0.7522289093750001 0.7408854171875001 0.7482854358356141 0.7409719707326723 0.7510292623981141 0.8659836894826721
2 0.7414327433740732 0.8656228732816273 0.7393610972791944 0.7417794779196496 0.7355967078125001 0.7418424484374999 0.7376683539073787 0.8656858437994777
2 0.734739196875 0.8656803390625003 0.7344393 0.7422415359375 0.7302792119983856 0.7422516429489083 0.7305791088733857 0.8656904460739085
2 0.7758914609375 0.8669811203125001 0.7732225486782098 0.7397948572614778 0.7686898140625 0.7398899734375 0.7713587263217904 0.8670762364885224
2 0.8096308769275404 0.535219324233428 0.8058106739149664 0.4087851981398731 0.8016926563624261 0.40890962390644503 0.8055128593750002 0.53534375
2 0.8017402265625 0.5362109375 0.799168209375 0.4091256515625 0.7952221409880587 0.40920551411810113 0.7977941581755588 0.5362908000556011
2 0.795796188031895 0.5361001320470666 0.7922827320755996 0.409237610399674 0.7882818112312047 0.40934841585260734 0.7917952671875 0.5362109374999999
2 0.7882803500000001 0.5374049484375 0.7858796296875001 0.4107532546875 0.7826225687100525 0.4108149932416093 0.7850232890225525 0.5374666869916093
2 0.7548009265625 0.5371634109375 0.75090020625 0.4107473953125 0.746673018518688 0.41087783034453895 0.7505737388311879 0.537293845969539
2 0.7610169750000002 0.5366210937500001 0.7570700078348966 0.41086741560818557 0.7531393702847106 0.41099078454321586 0.757086337449814 0.5367444626850304
2 0.7814212968749998 0.5367545578124999 0.7778172668778635 0.4104181950774607 0.7737053865818099 0.41053549574696546 0.7773094165789463 0.5368718584820047
2 0.7751980409432069 0.5368568806623063 0.7717811718821652 0.4104157823635128 0.7675324078124999 0.41053059843750006 0.7709492768735415 0.5369716967362936
2 0.7683040124999999 0.5355358078125 0.7647863670839725 0.41086750147835416 0.7602547000762144 0.4109953671576558 0.7637723454922418 0.5356636734918017
2 0.7475278674736414 0.5368500173235853 0.7440384585384437 0.41193396288919154 0.7396947473148024 0.41205530025310627 0.7431841562500001 0.5369713546875
2 0.7405516109229701 0.5360832388204052 0.7362650059364506 0.41217277359585863 0.7321408637634804 0.4123154457129533 0.7364274687499999 0.5362259109374998
2 0.7334994859374998 0.5366588546874999 0.7289851469128718 0.41220655747409063 0.7243232227267071 0.412375662478616 0.7288375617513352 0.5368279596920252
2 0.7268153296875 0.5371555984375 0.7227698930815938 0.41265697711020544 0.7185866240610869 0.41279290752812886 0.7226320606669931 0.5372915288554234
2 0.7205749862500237 0.5373669659361215 0.7170385320703285 0.41394852998018833 0.7126230114453047 0.41407505310656684 0.716159465625 0.5374934890625
2 0.713036521875 0.5376210937499999 0.709986625 0.41294270781250003 0.7050277843321489 0.41306401153762273 0.7080776812071489 0.5377423974751225
2 0.70513683125 0.538783203125 0.7016095671875 0.41331445312500004 0.6982211365700863 0.41340971102423846 0.7017484006325863 0.5388784610242385
2 0.6983389921875001 0.5380859375000001 0.6954307188946662 0.41324269375326184 0.692350309375 0.4133144531250001 0.6952585826678338 0.5381576968717383
2 0.6913215015625 0.5380514328125 0.6883816875 0.41294270781250014 0.6852838670749464 0.4130155006257006 0.6882236811374465 0.5381242256257004
2 0.6853145539033437 0.5392643030691502 0.6819151234375 0.41350065156250004 0.6786628117216564 0.4135885625558499 0.6820622421875 0.5393522140625
2 0.6777628593750001 0.5397135421875 0.675296654852768 0.4128827859034794 0.6719540958384108 0.4129477814487127 0.6744203003606429 0.5397785377327333
2 0.671050274704698 0.541839709584509 0.6678425921875 0.4148528640624999 0.6632753424828021 0.414968232602991 0.6664830250000001 0.5419550781250001
2 0.6644506171875 0.5412838546875001 0.6612849796875 0.4147135421875 0.6574890011184716 0.41480848303002427 0.6606546386184716 0.5413787955300242
2 0.6579318562868418 0.5416335161936299 0.6548670624801355 0.4158847753230398 0.6512345671875 0.41597330781249997 0.6542993609942063 0.54172204868309
2 0.6503343625 0.5413841140625 0.6482757769858307 0.4162417262431992 0.6448045265625 0.41629882812499996 0.6468631120766692 0.5414412159443007
2 0.6437757203125 0.54067578125 0.64152520625 0.41630078125000003 0.6373353065219296 0.4163765957485608 0.6395858205844296 0.5407515957485608
2 0.6371673483179001 0.5414468192631583 0.6346126546875 0.41630078125000003 0.6297112532445999 0.4164008369868416 0.6322659468749999 0.5415468749999999
2 0.6295653296875001 0.5407330734375 0.6270510883393381 0.4163850142202749 0.6232638890625 0.41646158906249997 0.6257781304106619 0.5408096482797251
2 0.622492284375 0.5418717453124999 0.6201450625 0.4173177078125 0.6164471011008057 0.4173873959258949 0.6187943229758057 0.541941433425895
2 0.6163194437499999 0.542197265625 0.613550863298937 0.41735630031498694 0.609889403125 0.41743750000000013 0.6126579835760629 0.5422784653100132
2 0.8793126358603102 0.5755012644098045 0.8689339695111447 0.3883293402865785 0.4625863539633345 0.41086127900177394 0.4729650203125001 0.5980332031250001
2 0.8778580250000001 0.5623554687500001 0.8776558137169441 0.5568766475760536 0.575840998091944 0.5680159710135535 0.576043209375 0.5734947921875
2 0.8787979059036491 0.5934526854783668 0.8719812522625935 0.3963480261959914 0.4615840666714444 0.4105411735301245 0.46840072031249996 0.6076458328125
2 0.8779490796904763 0.5805182161165321 0.8777006171875001 0.5737630203124999 0.5724181644588378 0.5849915982131371 0.5726666269618138 0.5917467940171691
2 0.8780120819549717 0.6055412673899967 0.8713274461297444 0.39760285105238236 0.45430816261227286 0.41100884928738585 0.4609927984375001 0.6189472656250002
2 0.7082724181760597 0.8712775915933625 0.7046806877470786 0.7463669044819407 0.701111972696019 0.7464695207010783 0.704703703125 0.8713802078124999
2 0.8819667222540968 0.8746669218296107 0.8813671846544964 0.6967464125949578 0.4784946508248614 0.6981039695900236 0.47909418842446183 0.8760244788246764
2 0.8813038887321856 0.7097494366319268 0.8811090531250001 0.704544921875 0.5787367487678146 0.7158644961805734 0.578931584375 0.7210690109375001
2 0.8832782001872991 0.7007305687082102 0.8132594538661996 0.5399407606236458 0.4054351796010405 0.7175350045843113 0.47545392592214003 0.8783248126688756
2 0.8809897124999999 0.6922643234375 0.8806620048748833 0.6838483306077497 0.573222694586389 0.6958196105601285 0.5735504022115057 0.7042356033898788
2 0.8806112145902588 0.68408709069394 0.802366263904727 0.5182541994503886 0.3890015560029855 0.7132921134755941 0.46724650668851747 0.8791250047191456
2 0.8791335084133023 0.6766642772286169 0.8788846046609781 0.6705064709273479 0.5757369580376952 0.6827599558635671 0.5759858617900193 0.6889177621648359
2 0.8813318650805162 0.6663651827684717 0.7955318493348198 0.49587986058610606 0.37199183579129513 0.7090345144048952 0.4577918515369914 0.8795198365872607
2 0.8797127545258843 0.6585447136068867 0.8795269971432809 0.652902878541523 0.5719515437502484 0.6630297983315163 0.5721373011328517 0.6686716333968802
2 0.8798629039042026 0.647182915546777 0.7855094834373976 0.4727250428899833 0.3559714383169707 0.7050354749761724 0.4503248587837758 0.8794933476329663
2 0.8782370187006074 0.61830679208292 0.872305903475287 0.40082455463560046 0.4447566425871794 0.41248455942768036 0.4506877578125 0.629966796875
2 0.8783433949470127 0.596263498674401 0.8781597413172509 0.5913084283481023 0.5759943291827381 0.6025078202987013 0.5761779828125 0.607462890625
2 0.8783999211169308 0.614884961422618 0.8781130085427227 0.6077931960354606 0.5710048612662446 0.6202179146048188 0.5712917738404526 0.6273096799919762
2 0.8785863676298955 0.6237822103907656 0.8687543038428422 0.39419660458344763 0.4332496161094347 0.41284720706481204 0.44308167989648783 0.6424328128721302
2 0.8794285937507528 0.6407700280109012 0.8790440939206043 0.6280945337750918 0.49081349915712985 0.639871163148902 0.49119799898727834 0.6525466573847114
2 0.44477106406008493 0.8777329706509501 0.43367386875 0.4134524734375001 0.42855858219512444 0.4135747386076013 0.43965577750520934 0.8778552358210515
1 0.48182767500000007 0.8755397140625002 0.47296882756431885 0.4112548255449876 0.46886589788199007 0.4113331120216617 0.4777247453176713 0.8756180005391745
1 0.5676790125 0.8710735671875 0.5559701205241189 0.41233566313654924 0.5511640953125 0.41245833281249994 0.5628729872883811 0.8711962368634506
1 0.558475309375 0.8725156250000001 0.5482273078837845 0.41139440690324447 0.5431244859375 0.4115078125000001 0.5533724874287155 0.8726290305967556
1 0.5503559671874999 0.8729739578125001 0.539217078125 0.4122682296875001 0.5350008867862542 0.41237016826720846 0.5461397758487543 0.8730758963922083
1 0.5328662546875 0.8726067703125 0.5223649155480996 0.4111376548874091 0.518140188026582 0.41123379414135275 0.5286415271659826 0.8727029095664436
1 0.525095064308001 0.8733157651230176 0.5141850746576655 0.41073816172507016 0.509763375 0.4108424484374999 0.5206733646503355 0.8734200518354474
1 0.5166342593750001 0.8729680984374999 0.5057808640625001 0.4108424484375 0.501099204177607 0.4109524010130591 0.511952599490107 0.8730780510130591
1 0.5081958993717441 0.8737294082388416 0.4978850814936968 0.41233757744952976 0.4924814812499999 0.4124583328125001 0.5027922991280472 0.8738501636018119
1 0.4998451640625001 0.8740104171875 0.4896241706481831 0.4127535823311959 0.4842916671875 0.41287174531249987 0.494512660601817 0.874128580168804
1 0.4918645314039898 0.8744563498910731 0.4813493405922043 0.41210550713993294 0.4754254109374999 0.412240234375 0.48594060174928544 0.8745910771261401
1 0.46387187495244236 0.5970378215288333 0.3414672804217813 0.42513298672295896 0.2722265292203422 0.4744357657016973 0.39463112375100323 0.6463406005075717
1 0.3766710820199239 0.580781750013972 0.3703509611324941 0.4259042879878212 0.3298558056750703 0.4275567832863493 0.33617592656250006 0.5824342453125
1 0.46432244897743213 0.6065055732712843 0.32783631577492167 0.4255854132261895 0.24893439418029056 0.48510900737962526 0.38542052738280114 0.6660291674247201
1 0.3780015739456261 0.5981236166460977 0.36925178533503666 0.4251661771762237 0.31539270045191053 0.4278908683426261 0.3241424890625 0.6008483078125001
1 0.46599722747406647 0.6178182602177504 0.3140067350199848 0.4263648541747247 0.22632854902644084 0.4959705663010709 0.37831904148052253 0.6874239723440967
1 0.3785010873858706 0.6155390075724149 0.3725362718192391 0.42563130934471705 0.3032620359958685 0.42780714552230215 0.30922685156249996 0.61771484375
1 0.46551756971603836 0.6285128415448392 0.30036968464688696 0.42640170943612066 0.20359448643145592 0.5054781024367263 0.3687423715006074 0.7075892345454449
1 0.38256275781249993 0.6336197921875 0.37801173550283246 0.426490013390564 0.29133179062500003 0.42839453124999993 0.29588281293466745 0.6355243100469359
1 0.463872473496758 0.6409081920162762 0.4585770912766117 0.4246381824270273 0.283918209375 0.42891471406250004 0.28921359159514626 0.645184723651749
1 0.463899690625 0.4296725265625 0.2768775718750001 0.4296725265625 0.2768775718750001 0.8816002609375 0.4638996906250001 0.8816002609375
1 0.4672792454985644 0.7001209470094553 0.39690080874767925 0.6553920199774702 0.2819092896209436 0.8363246712338268 0.35228772637182876 0.881053598265812
2 0.402356422424484 0.8798760823705234 0.398055040625 0.7036308593750001 0.25656944426457484 0.7070839093852652 0.26087082606405876 0.8833291323807885
1 0.380109086699541 0.7232845459841274 0.3403468065583573 0.7228225995505178 0.33852054899659173 0.880018671427208 0.37828282913777544 0.8804806178608177
1 0.46627281119524416 0.6899154046096461 0.38675048478246027 0.6367475746300405 0.25852298378955363 0.8285355259713854 0.3380453102023375 0.8817033559509909
1 0.38564065393353103 0.8800739814506253 0.38481070000000006 0.7033450515625 0.32578867529125105 0.7036222306389704 0.326618629224782 0.8803511605270955
1 0.4666044925748561 0.679419627174785 0.3765729223600838 0.6161788485226765 0.23428991577588404 0.8187374313023525 0.32432148599065636 0.8819782099544611
1 0.4705439021210506 0.8756338515795662 0.46387345625 0.6566555984375001 0.28763942407115717 0.6620239834502497 0.2943098699422077 0.8810022365923158
1 0.38598779881486134 0.8800572947073725 0.38247164869485173 0.6722227456030692 0.297231042999516 0.6736648483104248 0.30074719311952564 0.8814993974147282
1 0.4663845906395272 0.6693903817698442 0.3671301303639531 0.596947323177134 0.21147882847520966 0.8102056568294389 0.31073328875078376 0.8826487154221491
1 0.3821383750000001 0.6917708328125001 0.3111286015625001 0.6917708328125001 0.3111286015625001 0.880796875 0.3821383750000001 0.880796875
2 0.206639897821622 0.4216687975496491 0.07610724874449235 0.42146902438411066 0.07575069352595003 0.6544437439525599 0.20628334260307973 0.6546435171180983
1 0.14757862024233437 0.5815160112308253 0.14416046393446275 0.4347201907848371 0.07304789369212836 0.4363760545540118 0.07646605 0.583171875
1 0.1541908860792116 0.5910054611140836 0.15032479643079494 0.43433956739164864 0.07346182325557832 0.4362363372493287 0.07732791290399497 0.5929022309717638
1 0.16115497973977094 0.5984569700120546 0.15757407343750002 0.4338457031250001 0.0736834968227291 0.4356706346754454 0.077264403125 0.6002819015624999
1 0.1670498755737264 0.6058777675086063 0.1642217078125 0.4338763015625 0.07495963487215514 0.43534401066370754 0.07778780263338153 0.6073454766098139
1 0.1753096703125 0.6144635421875 0.170896060341297 0.43272945815757147 0.07183333764539503 0.43513530416603485 0.076246947616598 0.6168693881959634
1 0.18314085562507795 0.6227916472004559 0.17809371161550264 0.4329624362364027 0.07157682786542467 0.4357944874734467 0.076623971875 0.6256236984374999
1 0.19033431105195914 0.6335100945361893 0.1857573127008103 0.4317031104824096 0.07146672664885118 0.43429523000872017 0.07604372499999998 0.6361022140624999
1 0.15480830907578155 0.8865772259546525 0.1512345671875 0.741107421875 0.08044508492731475 0.7428464998891868 0.08401882681559629 0.8883163039688393
1 0.16172325156250003 0.8854791671875002 0.1580047442291583 0.7314694392342102 0.07931441863558171 0.7333693877418233 0.08303292596892344 0.8873791156951134
1 0.168247428125 0.8860690109375 0.16440843593749999 0.7239583328124999 0.08004903677120975 0.7259560733567215 0.08388802895870974 0.8880667514817218
1 0.28484391316091956 0.8816430955393681 0.27463828230976345 0.43095392758360784 0.2703899171875 0.43105012968749995 0.28059554803865605 0.8817392976432602
1 0.27841718125 0.88158203125 0.2675177125370666 0.431368641273281 0.2635977359375 0.4314635421875 0.2744972046504334 0.8816769321642189
1 0.270513375 0.8818945312500001 0.26056993425258956 0.43132879282453096 0.2565586421875 0.4314173171875 0.26650208293491046 0.881983055612969
1 0.26515283188604827 0.8830920634512609 0.2530952001280488 0.430194262331001 0.24898542320885547 0.4303036781342497 0.2610430549668549 0.8832014792545098
1 0.2569254109375 0.8840436203125 0.2461436321271091 0.4308340928063976 0.24154154872883932 0.43094357560023944 0.25232332753923015 0.8841531031063419
2 0.3944336415031442 0.6037014869086738 0.3916036318159004 0.41648597918373714 0.2487032260213109 0.4186461075706651 0.2515332357085547 0.6058616152956018
2 0.4037742281508182 0.6136873696303683 0.3994534478546392 0.4154710644286488 0.24112588724899364 0.41892233753915686 0.2454466675451726 0.6171386427408764
2 0.41638086327667906 0.6204136750215088 0.4076543134035093 0.41343779524610735 0.23071862187500006 0.42089778593749994 0.23944517174816973 0.6278736657129015
2 0.4216547603960592 0.635582366639044 0.41662794476435555 0.4144872660969169 0.22282323875493115 0.4188936076362685 0.2278500543866348 0.6399887081783956
2 0.434111413981675 0.6406892490548384 0.42498499678981033 0.412963127500266 0.21307934374563536 0.4214555190704277 0.22220576093750005 0.6491816406250002
1 0.542319959375 0.8729589843750001 0.5316213733106745 0.4113860661383268 0.5259566639747326 0.4115173658267737 0.5366552500390582 0.8730902840634467
2 0.41103173961010864 0.8784002939957001 0.4057309671875001 0.6919453125000001 0.24659466104418265 0.6964694358903948 0.2518954334667913 0.8829244173860948
2 0.42113838743114024 0.8779832231954174 0.4140230264899444 0.6798917085287276 0.2370368438623877 0.6862489751341065 0.24415220480358366 0.8843404898007963
2 0.4280403013396448 0.879446375727548 0.422865833792961 0.6711525194380324 0.2285827340158162 0.6759789296479843 0.23375720156249996 0.8842727859374999
2 0.4365975181200459 0.8808045646373428 0.43160272439773095 0.6600832627323967 0.22124184066445016 0.6648436062625562 0.22623663438676508 0.8855649081675023
2 0.3787670938018871 0.6543569169400879 0.3785001036196577 0.6481539722993341 0.07639437979980174 0.6611573548743235 0.07666136998203112 0.6673602995150772
2 0.216612374524153 0.5889257181782519 0.21115783515691938 0.41990941411065236 0.20533139819692964 0.42009744644246966 0.2107859375641632 0.5891137505100692
1 0.6612146611055397 0.30439910633986816 0.6586439642733497 0.21780699379159416 0.5853768344178099 0.21998210620172606 0.58794753125 0.30657421875000007
1 0.5936604519625639 0.2920687256906089 0.5909926354572498 0.11181582305347086 0.5818409980741742 0.11195127102076582 0.5845088145794882 0.29220417365790385
1 0.5804807589714145 0.29307228098868315 0.5758707893078822 0.07038790298197875 0.542112619521431 0.07108675819582419 0.5467225891849633 0.2937711362025286
1 0.6820699547955927 0.12662545530130387 0.6820000000000002 0.0711315109375 0.6565385842669074 0.07116360719869616 0.6566085390625 0.12665755156250003
1 0.5109619841068473 0.22471392683604666 0.507117284375 0.07153580781249999 0.5018152799556527 0.07166888566395334 0.5056599796875 0.22484700468749996
1 0.4171197133609237 0.2575135463094843 0.4128456806691402 0.07086662616029953 0.3967225620259981 0.07123582987455966 0.40099659471778165 0.2578827500237444
1 0.21731866943424144 0.2783895761452755 0.21667397755340204 0.25524411266954267 0.1585809251694323 0.256862231885189 0.15922561705027172 0.2800076953609218
1 0.2004074078125 0.15964062500000004 0.198342078125 0.0711673171875 0.19402318695419135 0.07126813781207816 0.1960885166416913 0.1597414456245782
1 0.18750162774276985 0.1603410034789146 0.18572380224292157 0.0712202545137345 0.18149125468750002 0.07130468749999999 0.18326908018734833 0.16042543646518012
1 0.173555040625 0.16219596406249998 0.17172890060805268 0.0714979988175609 0.16768467031249998 0.07157942656249999 0.16951081032944731 0.16227739180743908
1 0.16029218125 0.1632962234375 0.15790020625 0.07144205781249999 0.15420314863007822 0.07153833291706646 0.15659512363007821 0.16339249854206647
1 0.1471403552061921 0.16247543894151145 0.14441616347963815 0.0713219455930015 0.13995636452344604 0.07145523008899007 0.14268055624999998 0.1626087234375
1 0.13333076093750001 0.1638463546875 0.1320534984375 0.07175390625 0.12745987468019035 0.07181761683065963 0.12873713718019036 0.16391006526815963
2 0.35095216093750004 0.09127408906250004 0.3306779828125 0.09127408906250004 0.3306779828125 0.17439518281250005 0.35095216093750004 0.17439518281250005
2 0.32263991718749996 0.1738860671875 0.3207141636307611 0.1144407851291132 0.28576850480758476 0.11557286364638253 0.2876942583643236 0.1750181457047693
2 0.30962962968749996 0.17468098906250001 0.30819477394799644 0.14703588956556526 0.2822584182815464 0.14838205685984243 0.28369327402104993 0.17602715635677718
1 0.20258129320494017 0.22903365112374313 0.20121780971153663 0.18825177389058284 0.19721984931909647 0.1883854399543397 0.1985833328125 0.22916731718750002
1 0.189163065625 0.22934830781249996 0.1884135796875 0.1879108078125 0.1843097857193046 0.1879850337158378 0.18505927165680458 0.22942253371583776
1 0.1754614203125 0.22898697968749998 0.174676440625 0.1894915359375 0.17117453067527127 0.1895611370842903 0.1719595103627713 0.22905658083429029
1 0.16196502031249999 0.22906640625 0.16091896612270348 0.1889579802476197 0.15753549374999998 0.1890462234375 0.15858154793979648 0.22915464943988026
1 0.14528261177534857 0.22445867065176411 0.1194374887274487 0.1891792186313231 0.10680553007115326 0.19843317545635483 0.1326506531190531 0.23371262747679586
1 0.14951631114464264 0.23074129840962532 0.14676304975885074 0.19007913814974306 0.13025458988199132 0.19119693673268495 0.13300785126778325 0.2318590969925672
2 0.23269787004522086 0.16498167213561174 0.23117560339997872 0.070677744309478 0.22401577088497787 0.07079331928577379 0.22553803753022 0.16509724711190754
2 0.5368021565664807 0.2400765002013577 0.5350836626091143 0.15740731501937427 0.44853708194703146 0.15920641072318592 0.4502555759043978 0.24187559590516935
1 0.83930596658358 0.1293223526883568 0.7827352326534617 0.12854377626842767 0.7814583122166939 0.22132378402270336 0.8380290461468121 0.22210236044263248
1 0.8393134299001505 0.14604621022393618 0.7970288928480154 0.1449035119847772 0.794972820812571 0.22098663803264024 0.8372573578647062 0.22212933627179918
1 0.7781116929098311 0.22095049259346083 0.7739075056829583 0.08469076998880774 0.7297381074222058 0.08605358224496724 0.7339422946490786 0.22231330484962034
1 0.8287818937500001 0.0948925781250001 0.814343986414889 0.09480195742064206 0.814240075477389 0.11135729648314205 0.8286779828125 0.11144791718750009
1 0.812598533343938 0.08389130713519986 0.8125034041758499 0.07176597851687151 0.8075283270819119 0.07180501044417165 0.80762345625 0.0839303390625
1 0.7990102875 0.08539062499999998 0.7988751416451547 0.07175986102719119 0.7947479421874999 0.07180078125 0.7948830880423452 0.0854315452228088
1 0.7667106446767896 0.22110869701881763 0.7599311855092161 0.16351657044701792 0.730160883905562 0.16702098252801142 0.7369403430731356 0.22461310909981114
1 0.7544427494297107 0.19318088756691035 0.7497375884613956 0.06951502767519602 0.702076637140127 0.07132840161741387 0.7067817981084421 0.19499426150912819
1 0.11712382592328148 0.2485329534310016 0.09106198761336906 0.0704425912545946 0.06468535257051192 0.07430256205394412 0.09074719088042432 0.25239292423035115
2 0.8521399127619602 0.2074016095943346 0.8495546469319304 0.07134022810978118 0.8017145902180862 0.07224922420095364 0.804299856048116 0.20831060568550708
2 0.829609053125 0.13886523437500004 0.8285374932370259 0.0699679884897456 0.7845208942206109 0.07065257930763683 0.7855924541085852 0.13954982519289125
2 0.6699766508938891 0.18212883573030733 0.6694455759264166 0.16685796533703234 0.638229144205673 0.16794357899452247 0.6387602191731455 0.18321444938779746
1 0.8505319034730018 0.1721514351111905 0.8493663330586212 0.07165261118376395 0.8156203970830118 0.07204399153073357 0.8167859674973924 0.1725428154581601
2 0.763876028125 0.1128574218750001 0.7520982515625 0.1128574218750001 0.7520982515625 0.1537968750000001 0.763876028125 0.1537968750000001
2 0.710097221875 0.1666901046875001 0.6792474281249999 0.1666901046875001 0.6792474281249999 0.1817649734375001 0.710097221875 0.1817649734375001
2 0.6699737080046007 0.14150177476352 0.6688429746496027 0.09945696181814134 0.6640431353950021 0.09958604642962136 0.66517386875 0.14163085937500003
2 0.6825105103632855 0.1413811712706345 0.6816428137784787 0.0990434404335367 0.6770596703125001 0.0991373703125 0.6779273668973069 0.14147510114959777
2 0.6966898140625001 0.1401354171875 0.6951817597068228 0.098014099072667 0.6907927839221483 0.09817123598920405 0.6923008382778255 0.14029255410403704
2 0.6564495890625001 0.1421946609375 0.6547583969130495 0.09890629595934856 0.6500692318638734 0.09908949250933716 0.651760424013324 0.1423778574874886
1 0.67052880625 0.1672324218750001 0.6377139921875 0.1672324218750001 0.6377139921875 0.1829003906250001 0.67052880625 0.1829003906250001
2 0.63612357159488 0.09033267407266757 0.6352215466414036 0.06994350373807798 0.6098502063834796 0.07106594185793426 0.6107522313369559 0.09145511219252382
2 0.7463518778649215 0.10440568045453853 0.7331141371888046 0.09561822479222619 0.7084608063572605 0.132756893013355 0.7216985470333774 0.14154434867566734
1 0.38627404400642884 0.3076074174968412 0.3800336446034254 0.06710034935128134 0.2135874034558511 0.0714191040219792 0.2198278028588545 0.31192617216753904
1 0.3275527668454243 0.12229674818814082 0.32728899720422466 0.07070005400665316 0.30497748504630035 0.07081411363101237 0.30524125468749996 0.12241080781250002
2 0.12332127514718708 0.28971272864388137 0.1184549452251161 0.07034392714502664 0.08421129617749741 0.07110356521964226 0.08907762609956839 0.290472366718497
2 0.48406121406249997 0.15884114531250004 0.4770601859375 0.15884114531250004 0.4770601859375 0.2279427078125001 0.48406121406249997 0.2279427078125001
1 0.12449795335009325 0.8153817324502715 0.11415099200140348 0.8147782600345932 0.11320952474690904 0.8309203819282086 0.12355648609559881 0.8315238543438868
1 0.17590357082514685 0.8852988211764243 0.17170537236580252 0.7146270511082015 0.07911126685182676 0.7169046886516437 0.08330946531117109 0.8875764587198667
1 0.18283124671533665 0.8855983315714893 0.1786703944940681 0.7064735733022578 0.07871243878013698 0.7087954761262139 0.08287329100140553 0.8879202343954452
1 0.18975113847249483 0.8858917703533861 0.18558533976365782 0.6963643592351152 0.0781596339292742 0.6987255684344615 0.0823254326381112 0.8882529795527325
1 0.21660394325168109 0.8861898844233114 0.2117937183037053 0.6610876129251253 0.07736092706062371 0.6639603159056845 0.08217115200859947 0.8890625874038707
1 0.19642294337678662 0.8871315306497479 0.19266244522538978 0.687287096443794 0.07605185330110113 0.6894813727923296 0.07981235145249795 0.8893258069982833
1 0.20590699816986752 0.8867248883016885 0.19932683310830762 0.6772221501268314 0.0766989550294446 0.6810737068460295 0.08327912009100455 0.8905764450208865
1 0.2108635350816464 0.8863454786644163 0.20606995937500003 0.6673255203125 0.07653042872604435 0.6701606845223821 0.08132400443269072 0.8891806428742983
1 0.22400022035984302 0.8853618171475264 0.21215307672064515 0.4299764365641435 0.20654940383346848 0.4301222197193173 0.21839654747266635 0.8855076003027001
1 0.2306202781514158 0.8853169211398495 0.21941139229470666 0.42944374576997363 0.21539672172073857 0.4295424573999777 0.22660560757744772 0.8854156327698535
1 0.2389746993446049 0.8855228737999182 0.22635802499999996 0.43038346406249994 0.22142994402464605 0.4305200727399286 0.23404661836925103 0.8856594824773468
1 0.24404672892246806 0.8849927568041066 0.23312778962463251 0.4304331123825694 0.22918026126671123 0.4305279356319396 0.24009920056454676 0.8850875800534768
1 0.2508268137736108 0.8850388615569438 0.23925649472498728 0.43131759642267165 0.2353894162061156 0.4314162105624259 0.24695973525473916 0.885137475696698
1 0.1985537963047374 0.6416104450270301 0.19264121695483788 0.43206882468856234 0.07060745414628167 0.4355122184392021 0.07652003349618117 0.64505383877767
1 0.2065189562344883 0.6504227994884795 0.19947695604558233 0.43222011588779213 0.07041787637359402 0.4363852070243124 0.0774598765625 0.6545878906249998
1 0.21115724345444353 0.6569833554630757 0.20580953646175787 0.4321003801424844 0.07291364194388453 0.43526063850974983 0.07826134893657019 0.6601436138303411
2 0.12417027835009327 0.8151330340127714 0.1138233170014035 0.8145295615970933 0.11288184974690904 0.8306716834907087 0.12322881109559883 0.8312751559063868
1 0.13376014342409492 0.49022765345202546 0.10643974010455874 0.4756163723333035 0.08889846682700848 0.5084153210898787 0.11621887014654467 0.5230266022086008
2 0.13362870069031707 0.4899794648253959 0.10630869885683925 0.47536839437513106 0.08876780689337178 0.5081666210508556 0.11608780872684961 0.5227776915011205
2 0.17296313842192057 0.6113106312413065 0.16945173253500387 0.4235806453686034 0.07434675260547387 0.4253595417172458 0.07785815849239056 0.6130895275899488
2 0.18321872610266673 0.6220877135858259 0.17997676519196268 0.42449587309916625 0.07123445630930647 0.4262800475563148 0.07447641722001051 0.6238718880429746
2 0.1911051051476954 0.633260174810962 0.18696415988038168 0.42350091781872007 0.07067847739987984 0.4257965621370149 0.07481942266719357 0.6355558191292567
2 0.19941063367685563 0.6430436083632062 0.19452280020915425 0.41984660485920633 0.06996367399953649 0.42257434876363603 0.07485150746723788 0.6457713522676358
2 0.22336005384659757 0.8848493181330405 0.21952896209045333 0.7282278493478129 0.2134722938093307 0.7283760005055149 0.21730338556547496 0.8849974692907425
2 0.19310778071308782 0.8853604993772516 0.18409137470546388 0.696672462604329 0.07579746518974902 0.7018472573239416 0.08481387119737296 0.8905352940968643
2 0.19733080058239247 0.8861227654875531 0.19329601138175947 0.6890862855627902 0.07821076729368648 0.6914429288614123 0.08224555649431949 0.8884794087861752
2 0.20945269634585398 0.8850446542561935 0.19888740646969988 0.6753528555149334 0.07717780628931005 0.6814851754928039 0.08774309616546411 0.8911769742340641
2 0.22072712108295317 0.8866989412559411 0.2063504224183345 0.6635336421665068 0.07687239893931436 0.6718748427691251 0.09124909760393299 0.8950401418585594
2 0.1825121568767915 0.8875631418272272 0.17622884848635206 0.7104065568564903 0.07853315376923183 0.7138715828865828 0.08481646215967124 0.8910281678573198
1 0.40128600781249996 0.24571289062500007 0.3848456796875 0.24571289062500007 0.3848456796875 0.26562825468750006 0.40128600781249996 0.26562825468750006
2 0.5378358171962839 0.224758921205362 0.537086587527175 0.1574660978983144 0.5294448134740105 0.1575511804311 0.5301940431431195 0.2248440037381476
2 0.5251702710294154 0.22586483934167784 0.5229963634491336 0.1584144195755358 0.5160787742950987 0.15863737147933968 0.5182526818753806 0.22608779124548167
2 0.4983706897775674 0.22777499889156577 0.497542639198965 0.1593969659052342 0.4895407716162078 0.15949386765558327 0.49036882219481015 0.22787190064191484
2 0.5110537849279243 0.2261751569460239 0.5107415125321149 0.15873456198571076 0.5039539608812574 0.15876599060844074 0.5042662332770669 0.2262065855687539
1 0.7525799104525682 0.15832056844992112 0.7521782311448131 0.14868545346406742 0.7317673170031613 0.14953636618022154 0.7321689963109166 0.15917148116607524
1 0.7521926973070059 0.12328884282597755 0.7520152267146614 0.11512082381738915 0.7307183308822592 0.11558355201556085 0.7308958014746038 0.12375157102414924
1 0.7631716450549141 0.1120065273340038 0.7623165863982397 0.07070317967552678 0.7531500562520821 0.07089294446209923 0.7540051149087565 0.11219629212057625
1 0.787913208386955 0.11096258204939313 0.7859465015624999 0.07070117187500001 0.778527888838729 0.07106355948657724 0.7804945956631841 0.11132496966097036
1 0.8011441136831309 0.11022990357563316 0.8000533414986946 0.08483168899481294 0.7932704720885217 0.0851229915688477 0.7943612442729581 0.11052120614966791
1 0.8137541273124074 0.08414346014596227 0.8070083914635513 0.08408469177499336 0.80680822691016 0.10706060860270625 0.813553962759016 0.10711937697367516
2 0.6439843012186554 0.16957717260150024 0.6433601973547632 0.1423464345473971 0.6364102639707359 0.14250572072870243 0.637034367834628 0.16973645878280558
2 0.6574392491413427 0.14203276306506574 0.6505586290370888 0.14194994272452616 0.6502438993343677 0.16809733001899932 0.6571245194386215 0.1681801503595389
2 0.6705331135450244 0.14101889899159828 0.6642315291300532 0.14100546305778233 0.6641758646840749 0.16711263283477804 0.670477449099046 0.16712606876859398
2 0.6847194323756004 0.1670932523194454 0.6842187690830259 0.14055395025939071 0.6776269270375536 0.14067830520041927 0.678127590330128 0.16721760726047397
2 0.6980864203125 0.13985286406250008 0.6915020578125 0.13985286406250008 0.6915020578125 0.16665885468750008 0.6980864203125 0.16665885468750008
2 0.7110384379259788 0.16703817687094608 0.7105834992655461 0.13901493306377882 0.704366919343048 0.13911585508986102 0.7048218580034807 0.16713909889702824
2 0.7251064488147811 0.16548317245665373 0.7250564992392389 0.14002288497636614 0.7176910875033244 0.14003733489921905 0.7177410370788667 0.1654976223795066
2 0.7384753445627819 0.16443601276005693 0.7383786924166961 0.13851913841417662 0.7313825168708685 0.1385452293451999 0.7314791690169543 0.1644621036910802
2 0.7368480573956431 0.09730017287217897 0.7360282131216149 0.07160621728428546 0.7296133292841452 0.0718109037820384 0.7304331735581735 0.09750485936993192
2 0.7232986187484143 0.09659601957989272 0.7229726980790958 0.07097795349652385 0.7161526488025948 0.07106472019537412 0.7164785694719132 0.096682786278743
2 0.7103767995228837 0.09768846656033552 0.7100508871415958 0.07207105193402383 0.7032308378452194 0.072157818633127 0.7035567502265072 0.09777523325943868
2 0.6965496493493325 0.09852180000522268 0.6962237175082856 0.0729037319655765 0.6894036667393693 0.07299050165092928 0.6897295985804162 0.09860856969057546
2 0.6829952611300134 0.09904451085911928 0.6826393538639365 0.07107039047591278 0.6756670630827208 0.07115909707030228 0.6760229703487979 0.09913321745350878
2 0.6699911452234633 0.09925284408353345 0.6696290258074469 0.07079029766100911 0.6628089765698263 0.07087706685623386 0.6631710959858427 0.0993396132787582
1 0.6451097121229556 0.1816422985629474 0.6420060489131011 0.07066904062411279 0.5828598110330361 0.07232322295523658 0.5859634742428907 0.1832964808940712
2 0.6561639842862161 0.0990965941034094 0.6558018731582161 0.07063469911806024 0.6489818239205956 0.07072146831328499 0.6493439350485957 0.09918336329863417
2 0.6427071838795044 0.10086612764413723 0.6423288232182821 0.0711261653311964 0.6355087822099365 0.07121293192485675 0.6358871428711589 0.1009528942377976
2 0.4555564968851186 0.11427260276708584 0.4544377578125001 0.0708606765625 0.44652323592738147 0.07106463629541418 0.44764197499999997 0.1144765625
2 0.4682086671184096 0.1145159803624571 0.46774896517203973 0.07084309489119847 0.4605004105202384 0.07091939336898039 0.46096011246660823 0.11459227884023901
2 0.48229988227098575 0.11431638471872271 0.481451396047761 0.0709068952471495 0.47329063750000006 0.07106640625 0.4741391237232248 0.11447589572157321
2 0.4971100087272216 0.11287781835625128 0.4952959105208229 0.07055736158798209 0.48603292187499997 0.0709544265625 0.4878470200813987 0.11327488333076921
2 0.5361569869799854 0.1115111421968521 0.5352424261462602 0.07100779514691 0.5268453583261448 0.07119739995504949 0.5277599191598699 0.1117007470049916
2 0.5225023036062372 0.11223319329931483 0.5222004443385042 0.07042755733051326 0.5135200624999999 0.070490234375 0.513821921767733 0.11229587034380159
2 0.5092288295012665 0.1134715149165223 0.5081839149200035 0.07103452633230097 0.5002886218597936 0.07122893001449404 0.5013335364410566 0.11366591859871537
2 0.29794936001360645 0.20171433290611937 0.2977876580512051 0.17533089934508786 0.2902880203814139 0.1753768640268909 0.2904497223438152 0.2017602975879224
2 0.29794936001360645 0.20171433290611937 0.2977876580512051 0.17533089934508786 0.2902880203814139 0.1753768640268909 0.2904497223438152 0.2017602975879224
2 0.31104631726776455 0.2004026416841886 0.310623955992789 0.17434401994215673 0.3043200413885206 0.17444619454816443 0.3047424026634961 0.20050481629019629
2 0.32495792767735965 0.19978557826621265 0.32410407437964805 0.17362539241698022 0.31642018678815725 0.17387619005263358 0.31727404008586885 0.20003637590186601
2 0.33796696285316397 0.19985814750035408 0.337692532574961 0.17417200660465018 0.3315765605867752 0.17423734954195688 0.3318509908649782 0.19992349043766078
2 0.35136380779483567 0.19804965679846087 0.35086064464196837 0.17333594322374563 0.34471807161114265 0.17346100400846193 0.3452212347640099 0.19817471758317717
2 0.35217078125 0.16291992187500004 0.345668725 0.16291992187500004 0.345668725 0.17187304687500005 0.35217078125 0.17187304687500005
2 0.37364579519409935 0.16971759416921967 0.3734156752838394 0.1610821269753662 0.35268497236196833 0.1616345635012559 0.3529150922722283 0.17027003069510938
2 0.373622610132713 0.15248374605908488 0.373205334417951 0.14301665205501762 0.352443353782082 0.14393176606001049 0.352860629496844 0.1533988600640777
2 0.3732933929421834 0.135410828802849 0.3728761172274214 0.12594373479878176 0.3521141349633462 0.12685884887554014 0.35253141067810817 0.13632594287960736
2 0.3715951143643215 0.11913231233484681 0.37146453230330323 0.11019399729460966 0.3507070534643883 0.11049724845057436 0.3508376355254066 0.1194355634908115
2 0.37203670636539365 0.10105951286263185 0.36916841196966876 0.09062798184363455 0.34599347524222185 0.09700025270354559 0.3488617696379467 0.10743178372254288
2 0.34788345105087803 0.09073469902995138 0.34773393002557884 0.07125576286955233 0.3417827866854038 0.0713014440631554 0.34193230771070293 0.09078038022355445
2 0.33594121195323556 0.09126326296920187 0.33516138518627897 0.07081844369075482 0.32835969170878604 0.07107788069345675 0.32913951847574263 0.0915226999719038
2 0.32182877387010006 0.09080514633687818 0.32097490367820536 0.0706655433335959 0.31400583966698425 0.07096101470031638 0.31485970985887896 0.09110061770359867
2 0.3080085623041291 0.0912121837749248 0.30769923000735 0.07099702406759659 0.30172558081318335 0.0710884328247935 0.30203491310996244 0.09130359253212171
2 0.29548919994810807 0.09085728592594702 0.29497501725057124 0.06999314393786733 0.2880555750755892 0.07016366892015587 0.28856975777312605 0.09102781090823556
2 0.2858747043759367 0.0963114122720374 0.26445028889597894 0.09624241735393749 0.264415104312639 0.10716799205890641 0.28583951979259675 0.10723698697700632
2 0.2864885681710264 0.12157740569692761 0.28642461164063066 0.11308768426671705 0.2654636148717217 0.11324559199525627 0.26552757140211747 0.12173531342546684
2 0.2871352741695788 0.13844966655948912 0.2867447415349683 0.12960402037370874 0.26638002133741795 0.13050311668219988 0.26677055397202837 0.13934876286798026
2 0.2843156078123092 0.1556888953986095 0.2841293942573174 0.14700812596576168 0.26662625319464434 0.1473835906231306 0.2668124667496361 0.15606436005597846
2 0.28739633641432033 0.16481422604963739 0.2668501798761787 0.16455156278260874 0.26673113660365266 0.1738634157105115 0.2872772931417943 0.17412607897754015
1 0.3078025830382866 0.20426791196905975 0.3070504329611884 0.17009478395714475 0.27906887980400824 0.17071065755692655 0.27982102988110646 0.20488378556884151
1 0.3063570509950812 0.13791551982358824 0.30522185600489316 0.10382302370796555 0.27836171907231194 0.10471739919687728 0.2794969140625 0.13880989531250001
1 0.5052171398445711 0.1751315472335917 0.47962234641382595 0.17446592912616915 0.47930095919045146 0.18682412596880832 0.5048957526211966 0.18748974407623087
1 0.5059876861865493 0.2259289621856344 0.5053608343128352 0.2141294040761367 0.4793422840637859 0.21551164032800224 0.4799691359375 0.22731119843749995
1 0.49679726898539567 0.19164044227644714 0.43976206697653464 0.19101922982397773 0.4395149717971204 0.21370570917139164 0.4965501738059815 0.21432692162386108
1 0.40187671065113195 0.31169343232554364 0.40125514375 0.2932740890625 0.38556875747917135 0.29380343141554033 0.38619032438030326 0.312222774678584
1 0.3981481484375 0.1433118484375 0.39789012485413605 0.1234231912262965 0.38168652353264837 0.12363340709114716 0.38194454711601233 0.14352206430235065
1 0.39699588437500005 0.07612630156250004 0.3807525480067303 0.07598321170629205 0.38057613125 0.09600976562500005 0.39681946761826975 0.09615285548120804
1 0.21726337500000006 0.2551868484375 0.2168097051401127 0.22952119080663347 0.2105662933953111 0.22963155025162493 0.21101996325519848 0.25529720788249144
1 0.2042901234375 0.2550319015625 0.2039609046875 0.2291145828125 0.19720911212382045 0.22920034850182597 0.19753833087382044 0.25511766725182594
1 0.19098765468750004 0.2549674484375001 0.19070987656250002 0.22958333281250004 0.1839583433516673 0.2296572147733249 0.1842361214766673 0.2550413303983249
1 0.17766918286402064 0.2552287381671203 0.17675925937500003 0.22916666718750003 0.1700077659438256 0.22940238684553477 0.17091768943284621 0.25546445782515503
1 0.16462394515286224 0.2568426682089848 0.1637139921875 0.2307799484375 0.1569624760781504 0.2310156706552217 0.15787242904351265 0.25707839042670655
1 0.15029345299769753 0.25693514159502945 0.15003737364463593 0.2314548205844166 0.14320987656249998 0.2315234375 0.14346595591556155 0.25700375851061286
1 0.13686898168205044 0.2567600457923171 0.1364716273942804 0.23207735536300816 0.1304455958693998 0.23217436543050898 0.13084295015716985 0.2568570558598179
1 0.12356433259869153 0.2573754604803814 0.12323045312500003 0.23314518281249996 0.11642325614961187 0.23323898212320576 0.11675713562330337 0.25746925979108715
1 0.12254382222558599 0.19004756119082272 0.1219547328125 0.16584375 0.11501004384027676 0.166012774734099 0.11559913325336275 0.19021658592492172
1 0.13578955587481206 0.19109133180599552 0.135411521875 0.16365755156249998 0.12846592987402602 0.16375326093619497 0.1288439638738381 0.19118704117969051
1 0.16373376483128282 0.18878231527622943 0.16306882025126096 0.16277572802074886 0.15502952391797223 0.16298127927095693 0.15569446849799407 0.18898786652643754
1 0.17640358256276045 0.16210831345694854 0.16879462645179724 0.16206594940584385 0.1686490522080595 0.18821236370294842 0.17625800831902272 0.1882547277540531
1 0.18949000306042324 0.1604943823511067 0.1818810504944724 0.1604520177835673 0.18172894222253302 0.18777165523765788 0.18933789478848384 0.18781401980519724
1 0.20270347655017446 0.15978138091361327 0.19489550992608423 0.159687905097994 0.19456847765489887 0.18700467191623069 0.20237644427898913 0.18709814773184996
1 0.21658674276751522 0.1870914651640248 0.21552320938358244 0.15552788588727176 0.20753995941111772 0.15579688113599027 0.2086034927950505 0.18736046041274335
2 0.22912540576573806 0.12554275604918724 0.2283569337273086 0.1146369192261862 0.20784263889907056 0.11608244442699896 0.20861111093750004 0.12698828125
2 0.22602174501975436 0.16829504495575565 0.22585719628537354 0.15617190796917912 0.20984573876561913 0.15638923332592347 0.21001028749999998 0.1685123703125
2 0.22300329256149878 0.13021253320678183 0.16743658633389014 0.13011171303625402 0.16739040608523 0.1555638055826282 0.2229571123128386 0.155664625753156
2 0.860825485590451 0.815739286728418 0.8595722135423731 0.7778599763560763 0.8282884769863281 0.778895027739001 0.8295417490344061 0.8167743381113427
1 0.8607364928408335 0.8155699994262825 0.8594832207927551 0.7776906890539406 0.8281994858491414 0.7787257403835169 0.8294527578972198 0.8166050507558589
1 0.8536614090627472 0.4536205709886011 0.8220174985972541 0.45107948884628735 0.8188860928458155 0.49007465613333634 0.8505300033113086 0.49261573827565003
2 0.8532640722003642 0.45380966973958714 0.8216200621689556 0.4512681313562112 0.8184881106965974 0.4902632157733672 0.850132120728006 0.49280475415674313
2 0.8324749368069563 0.30575764700438923 0.8320520094081925 0.26712021266244446 0.803903579149497 0.2674283268680421 0.8043265065482608 0.3060657612099868
1 0.8322269055343199 0.3060085176700068 0.8318024954389612 0.2673710890745654 0.8036543721000875 0.2676802801399312 0.8040787821954462 0.30631770873537256
1 0.8383994669996169 0.18865073036982632 0.8382544811291132 0.18069282804250114 0.8184395175289986 0.18105383897583424 0.8185845033995023 0.18901174130315943
1 0.836910203367238 0.11972710263898059 0.8363279479389549 0.11239691437569613 0.8193358993788605 0.11374663585028918 0.8199181548071437 0.12107682411357365
1 0.817408867117744 0.18913196908765967 0.8098385039329494 0.18905592709596925 0.8095482372288242 0.21795343913943585 0.8171186004136187 0.21802948113112625