2 0.1487541017525479 0.6638250884994813 0.10545762566504868 0.6629463615096697 0.10008963089024243 0.9274372216971456 0.14338610697774165 0.928315948686957
1 0.14957738670628237 0.8112697675362706 0.14153808885143881 0.8110642162471591 0.14087314427141756 0.8370708035026396 0.14891244212626112 0.8372763547917511
1 0.7887163906734374 0.1355473291029898 0.7827748962437087 0.13542150556806626 0.7794664274452712 0.29165021865257656 0.785407921875 0.2917760421875001
1 0.7821402619853237 0.13504746096671236 0.7768642831193182 0.1348747176683335 0.771772634375 0.29038541718750005 0.7770486132410055 0.29055816048587896
1 0.7706728390625002 0.1337753906250001 0.7653394064982627 0.13370241192266738 0.7631948596232627 0.29043027598516735 0.7685282921875002 0.29050325468750005
1 0.7057974334106927 0.1317362383813217 0.69941718125 0.13155012968750007 0.6947853581607264 0.29034012851264424 0.7011656103214191 0.2905262372064658
1 0.7143719140625 0.13377539062500007 0.7086594014530553 0.13359660956334912 0.7037108420780553 0.2917157501883491 0.7094233546875002 0.2918945312500001
1 0.721011099794951 0.1319186007014351 0.7163513375000001 0.1318281250000001 0.7132857111425491 0.28971681648606507 0.7179454734375 0.28980729218750007
1 0.7284306636647602 0.1323661918303066 0.722739196875 0.1322975265625001 0.7208468927011066 0.28914518340392265 0.7265383594908668 0.28921384867172917
1 0.7354408437500001 0.13335416718750007 0.7299262331560356 0.13331304853043233 0.7287517210438479 0.2908322234864922 0.7342663316378124 0.2908733421435599
1 0.7629037482616401 0.13356370775512463 0.7564248348176594 0.13345187445577597 0.7536964974935194 0.29151446826315136 0.7601754109375001 0.2916263015625001
1 0.7555375515625 0.13324804687500008 0.7505203152418747 0.13310947154034042 0.7461751511793746 0.29042978404034037 0.7511923875 0.2905683593750001
1 0.7481912497389052 0.13297139281309076 0.742210739345069 0.13281805082406267 0.738156378125 0.2909427078125001 0.7441368885188361 0.29109604980152815
1 0.747455246875 0.4333958328125001 0.7432152124661202 0.43329819414846293 0.7396337453125 0.588826171875 0.7438737797213798 0.5889238105390371
1 0.7389321017514112 0.43306094134001266 0.7341543203125 0.43299674531250004 0.7320696062029719 0.5881513360851705 0.7368473876418832 0.588215532112683
1 0.73079578125 0.4316549484375002 0.725669753125 0.4316549484375002 0.725669753125 0.5877565109375003 0.73079578125 0.5877565109375003
1 0.7210882973569482 0.43175701893764595 0.7170087453125 0.4316549484375001 0.7131056338930518 0.5876544404373543 0.7171851859375 0.5877565109375001
1 0.7124157334117627 0.43195040204922125 0.7079041589358546 0.4318711203217426 0.7051612645865921 0.5879571760850213 0.7096728390625001 0.5880364578124999
1 0.7048122421875002 0.4312076828125001 0.7000512369499019 0.4311067072766247 0.6967302692293882 0.5876906221247277 0.7014912744669864 0.5877915976606031
1 0.6979633932798006 0.43111312510690025 0.6917319953125001 0.4309843750000001 0.6885031781909476 0.5872564351360324 0.6947345761582482 0.5873851852429326
1 0.7821504968596551 0.4344265603983676 0.7771064812500001 0.43433789062500017 0.7743592912369308 0.5906128959888781 0.7794033068465858 0.5907015657622454
1 0.7735272640625 0.4331165359375001 0.7682705851430682 0.43306418335413016 0.7667194135429912 0.5888160207167827 0.771976092462423 0.5888683733001527
1 0.7647386287142661 0.4310178391752217 0.7590771609375001 0.4309843750000001 0.7581440884732341 0.5888415358247785 0.7638055562500001 0.5888750000000001
1 0.7565138890625001 0.43451432343750007 0.7505044447797007 0.4344698483114944 0.7493554531250001 0.589720703125 0.7553648974077996 0.5897651782510057
2 0.8186650137119402 0.13544493308412214 0.8133144340184341 0.1352917821946497 0.8096715390564938 0.26256234442302767 0.81502211875 0.2627154953125001
2 0.8101666671874999 0.13426432343750008 0.8060618512698277 0.13420213686100918 0.8041242645661395 0.2620984963644988 0.8082290804838117 0.26216068294098965
2 0.8034201543148429 0.13494105786789543 0.7989696195666995 0.13487117288425082 0.7969918527518568 0.2608226931413555 0.8014423875000002 0.2608925781250001
2 0.7973271609375 0.13530533906250009 0.7924001388799554 0.13519929843542575 0.7897252420049554 0.2594844546854258 0.7946522640625 0.25959049531250017
2 0.6157736246362103 0.12764151100370996 0.6122851028993578 0.12759266512388762 0.6104979421875 0.2552298171875001 0.6139864639243525 0.25527866306732244
2 0.6230082296875001 0.1303085937500001 0.6190151400283155 0.1302569251135785 0.6174096884658156 0.25433049230107846 0.6214027781250002 0.25438216093750005
2 0.63123816875 0.12968424531250006 0.6269968716871235 0.12954567558887792 0.6229123075029587 0.2545646885781051 0.6271536045658352 0.2547032583017273
2 0.6378600828125002 0.1286503906250001 0.6332239513475899 0.12854604787301324 0.6303715841600899 0.2552817244355133 0.6350077156250001 0.25538606718750007
2 0.64440689375 0.1293606765625001 0.6414035523989046 0.12928003901110158 0.6380367820864045 0.25467522182360147 0.6410401234374999 0.254755859375
2 0.6505797328125 0.12959700468750007 0.6480079630664232 0.12954609413404922 0.6455293203125001 0.25475585937500006 0.6481010900585769 0.25480676992845097
2 0.6579270216091371 0.13013490924827603 0.6543231683966382 0.13005344263204827 0.6515118874125012 0.2544165802587723 0.6551157406250001 0.2544980468750001
2 0.6649830250000001 0.12959700468750007 0.6610559702741848 0.12953658297596862 0.6591387890241849 0.2541420517259686 0.6630658437500001 0.2542024734375001
2 0.6719134908975224 0.13060652848104892 0.6686887280586228 0.13053446927042484 0.6659182093750001 0.2545195312500001 0.6691429722138997 0.25459159046062413
2 0.6788421470398951 0.12991068411357248 0.6745545003030375 0.12982661499435114 0.67209105 0.2554661453125001 0.6763786967368577 0.25555021443172143
2 0.6859336421875 0.13077994843750007 0.6830340481787766 0.1306984449496189 0.6795731419287766 0.25382474651211895 0.6824727359375 0.2539062500000001
2 0.6926771259023166 0.13086685362336334 0.688563635437379 0.13076098633603622 0.6853724281250002 0.25475585937500006 0.6894859185899377 0.25486172666232726
2 0.6988400203125 0.1312532546875001 0.6954733470947858 0.13120789427672455 0.6937896093750001 0.2561757812500001 0.6971562825927143 0.25622114166077564
2 0.7057659079188819 0.13180091635370636 0.7031424890625 0.1317265625000001 0.6995838858311181 0.25728436958379375 0.7022073046874999 0.25735872343750005
2 0.7893518515625 0.13697916718750008 0.7854491696936388 0.13686110075667154 0.7817426443910285 0.25938016899191135 0.7856453262598897 0.25949823542273986
2 0.7623971187500002 0.1344824218750001 0.7580776898794851 0.13440037073731034 0.7556932859741291 0.2599228602207363 0.7600127148446442 0.26000491135842607
2 0.746767668197946 0.13271688063689124 0.743074613961144 0.1326499690328497 0.74079218125 0.25862434843750015 0.744485235486802 0.2586912600415417
2 0.7195987656249999 0.13292122343750007 0.7160063514824179 0.1328710201113567 0.714248971875 0.25862434843750004 0.7178413860175821 0.2586745517636434
2 0.7681631480404715 0.13450791252443164 0.7646143712645854 0.1344741536344411 0.7634259265625001 0.2594049484375001 0.7669747033383862 0.25943870732749064
2 0.7809156375 0.1352630203125001 0.7774476788798776 0.1351875042406054 0.7747427984375 0.2594049484375001 0.7782107570576224 0.25948046450939477
2 0.7272191061066595 0.1311457615651672 0.7241255140625003 0.13109895781250008 0.7222080313592977 0.2578389924766874 0.725301623403457 0.2578857962293545
2 0.7549727359375 0.1341028640625001 0.7510292623981142 0.1340163105173279 0.7482854358356142 0.2590280292673279 0.7522289093750001 0.2591145828125001
2 0.7414327433740733 0.13437712671837293 0.7376683539073788 0.13431415620052267 0.7355967078125001 0.2581575515625001 0.7393610972791944 0.25822052208035035
2 0.734739196875 0.13431966093750008 0.7305791088733857 0.1343095539260918 0.7302792119983856 0.2577483570510918 0.7344393 0.2577584640625001
2 0.7758914609374999 0.1330188796875001 0.7713587263217903 0.13292376351147778 0.7686898140624999 0.2601100265625001 0.7732225486782096 0.26020514273852235
2 0.8096308769275404 0.46478067576657206 0.8055128593750002 0.4646562500000001 0.8016926563624261 0.5910903760935551 0.8058106739149664 0.5912148018601271
2 0.8017402265625002 0.46378906250000007 0.797794158175559 0.4637091999443991 0.7952221409880589 0.5907944858818991 0.7991682093750001 0.5908743484375001
2 0.795796188031895 0.4638998679529333 0.7917952671875 0.46378906249999996 0.7882818112312047 0.5906515841473926 0.7922827320755996 0.5907623896003259
2 0.7882803500000002 0.4625950515625002 0.7850232890225526 0.46253331300839096 0.7826225687100525 0.5891850067583909 0.7858796296875001 0.5892467453125001
2 0.7548009265625002 0.4628365890625002 0.7505737388311879 0.4627061540304613 0.7466730185186878 0.5891221696554612 0.7509002062500001 0.5892526046875001
2 0.7610169750000002 0.46337890625000017 0.7570863374498141 0.4632555373149699 0.7531393702847107 0.5890092154567842 0.7570700078348966 0.5891325843918145
2 0.7814212968749998 0.46324544218749997 0.7773094165789465 0.4631281415179953 0.77370538658181 0.5894645042530346 0.7778172668778635 0.5895818049225393
2 0.775198040943207 0.4631431193376937 0.7709492768735415 0.4630283032637064 0.7675324078124999 0.5894694015625 0.7717811718821653 0.5895842176364873
2 0.7683040125 0.4644641921875001 0.7637723454922419 0.46433632650819845 0.7602547000762145 0.5890046328423443 0.7647863670839725 0.589132498521646
2 0.7475278674736414 0.4631499826764148 0.7431841562500001 0.46302864531250004 0.7396947473148024 0.5879446997468938 0.7440384585384439 0.5880660371108085
2 0.7405516109229702 0.46391676117959485 0.7364274687499999 0.4637740890625002 0.7321408637634804 0.5876845542870468 0.7362650059364506 0.5878272264041414
2 0.7334994859374999 0.46334114531250015 0.7288375617513353 0.46317204030797476 0.7243232227267072 0.587624337521384 0.7289851469128719 0.5877934425259094
2 0.7268153296875001 0.46284440156250006 0.7226320606669931 0.46270847114457664 0.7185866240610869 0.5872070924718711 0.7227698930815938 0.5873430228897945
2 0.7205749862500238 0.4626330340638787 0.7161594656250001 0.46250651093750017 0.7126230114453048 0.5859249468934333 0.7170385320703285 0.5860514700198118
2 0.713036521875 0.4623789062500001 0.7080776812071489 0.4622576025248774 0.7050277843321489 0.5869359884623774 0.709986625 0.5870572921875
2 0.7051368312500002 0.46121679687500017 0.7017484006325864 0.4611215389757616 0.6982211365700863 0.5865902889757616 0.7016095671875002 0.5866855468750002
2 0.6983389921875001 0.46191406250000017 0.6952585826678339 0.4618423031282618 0.6923503093750002 0.5866855468750002 0.6954307188946663 0.5867573062467385
2 0.6913215015625002 0.4619485671875001 0.6882236811374466 0.46187577437429966 0.6852838670749466 0.5869844993742996 0.6883816875000002 0.5870572921875
2 0.6853145539033437 0.4607356969308499 0.6820622421875 0.4606477859375001 0.6786628117216564 0.5864114374441503 0.6819151234375 0.5864993484375001
2 0.6777628593750001 0.46028645781250016 0.6744203003606429 0.4602214622672668 0.6719540958384108 0.5870522185512874 0.675296654852768 0.5871172140965207
2 0.671050274704698 0.4581602904154911 0.6664830250000001 0.4580449218750001 0.6632753424828022 0.5850317673970091 0.6678425921875001 0.5851471359375002
2 0.6644506171875002 0.45871614531250005 0.6606546386184717 0.45862120446997573 0.6574890011184716 0.5851915169699756 0.6612849796875001 0.5852864578125
2 0.6579318562868419 0.45836648380637024 0.6542993609942064 0.45827795131691007 0.6512345671875001 0.5840266921875001 0.6548670624801356 0.5841152246769603
2 0.6503343625000001 0.4586158859375001 0.6468631120766694 0.45855878405569933 0.6448045265625001 0.5837011718750001 0.6482757769858308 0.5837582737568009
2 0.6437757203125001 0.45932421875000007 0.6395858205844296 0.45924840425143937 0.6373353065219296 0.5836234042514394 0.6415252062500001 0.5836992187500001
2 0.6371673483179001 0.4585531807368416 0.632265946875 0.458453125 0.6297112532446 0.5835991630131584 0.6346126546875 0.58369921875
2 0.6295653296875001 0.4592669265625002 0.625778130410662 0.459190351720275 0.6232638890625001 0.5835384109375 0.6270510883393382 0.5836149857797251
2 0.622492284375 0.4581282546875002 0.6187943229758058 0.45805856657410526 0.6164471011008058 0.5826126040741052 0.6201450625 0.5826822921875001
2 0.6163194437499999 0.4578027343750001 0.612657983576063 0.45772153468998694 0.6098894031250002 0.5825625 0.613550863298937 0.5826436996850131
2 0.8793126358603104 0.4244987355901955 0.4729650203125001 0.40196679687500014 0.4625863539633345 0.5891387209982261 0.8689339695111448 0.6116706597134215
2 0.8778580249999999 0.43764453124999997 0.5760432093750001 0.42650520781249995 0.5758409980919442 0.4319840289864465 0.877655813716944 0.4431233524239465
2 0.8787979059036491 0.4065473145216335 0.4684007203125001 0.39235416718750005 0.4615840666714444 0.5894588264698755 0.8719812522625933 0.6036519738040089
2 0.8779490796904762 0.41948178388346824 0.5726666269618139 0.408253205982831 0.5724181644588379 0.415008401786863 0.8777006171875001 0.42623697968750013
2 0.8780120819549719 0.39445873261000336 0.4609927984375001 0.3810527343750001 0.454308162612273 0.5889911507126142 0.8713274461297449 0.6023971489476174
2 0.7082724181760596 0.12872240840663768 0.7047037031250001 0.12861979218750008 0.701111972696019 0.2535304792989218 0.7046806877470785 0.2536330955180594
2 0.881966722254097 0.12533307817038924 0.479094188424462 0.12397552117532344 0.47849465082486153 0.3018960304099765 0.8813671846544965 0.30325358740504227
2 0.8813038887321856 0.29025056336807353 0.578931584375 0.2789309890625001 0.5787367487678147 0.2841355038194267 0.8811090531250002 0.29545507812500016
2 0.8832782001872991 0.2992694312917899 0.47545392592214003 0.12167518733112444 0.4054351796010405 0.2824649954156888 0.8132594538661995 0.46005923937635423
2 0.8809897125000001 0.30773567656250006 0.5735504022115057 0.2957643966101213 0.573222694586389 0.30418038943987147 0.8806620048748834 0.31615166939225026
2 0.8806112145902588 0.3159129093060599 0.4672465066885175 0.12087499528085446 0.3890015560029857 0.2867078865244059 0.802366263904727 0.4817458005496114
2 0.8791335084133023 0.32333572277138334 0.5759858617900193 0.3110822378351642 0.5757369580376952 0.31724004413643303 0.8788846046609782 0.3294935290726521
2 0.8813318650805162 0.3336348172315283 0.45779185153699153 0.12048016341273922 0.3719918357912951 0.29096548559510493 0.7955318493348197 0.504120139413894
2 0.8797127545258844 0.3414552863931135 0.5721373011328518 0.33132836660312004 0.5719515437502485 0.33697020166848385 0.8795269971432811 0.3470971214584773
2 0.8798629039042026 0.3528170844532233 0.4503248587837758 0.12050665236703391 0.35597143831697065 0.2949645250238277 0.7855094834373975 0.527274957110017
2 0.8782370187006079 0.38169320791708006 0.4506877578125 0.37003320312500004 0.4447566425871794 0.5875154405723197 0.8723059034752874 0.5991754453643998
2 0.8783433949470126 0.403736501325599 0.5761779828125 0.392537109375 0.5759943291827381 0.39749217970129885 0.8781597413172507 0.40869157165189784
2 0.8783999211169308 0.38511503857738233 0.5712917738404526 0.37269032000802405 0.5710048612662446 0.3797820853951813 0.8781130085427227 0.3922068039645396
2 0.8785863676298955 0.37621778960923435 0.44308167989648783 0.35756718712787006 0.43324961610943485 0.5871527929351879 0.8687543038428425 0.6058033954165521
2 0.8794285937507528 0.3592299719890988 0.49119799898727845 0.3474533426152886 0.4908134991571299 0.3601288368510981 0.8790440939206045 0.3719054662249083
2 0.44477106406008504 0.12226702934904998 0.4396557775052095 0.1221447641789487 0.4285585821951246 0.5864252613923988 0.43367386875 0.5865475265625001
1 0.4818276750000002 0.12446028593750007 0.4777247453176714 0.12438199946082595 0.46886589788199007 0.5886668879783385 0.47296882756431885 0.5887451744550126
1 0.5676790125000001 0.12892643281250007 0.5628729872883812 0.12880376313654943 0.5511640953125001 0.5875416671875 0.555970120524119 0.5876643368634507
1 0.5584753093750001 0.12748437500000007 0.5533724874287157 0.1273709694032445 0.5431244859375002 0.5884921875000001 0.5482273078837847 0.5886055930967558
1 0.5503559671875001 0.12702604218750008 0.5461397758487541 0.12692410360779172 0.5350008867862541 0.5876298317327917 0.5392170781250001 0.5877317703125
1 0.5328662546875 0.12739322968750005 0.5286415271659826 0.1272970904335564 0.518140188026582 0.5887662058586474 0.5223649155480996 0.588862345112591
1 0.5250950643080011 0.1266842348769825 0.5206733646503356 0.1265799481645527 0.509763375 0.5891575515625 0.5141850746576655 0.58926183827493
1 0.5166342593750001 0.12703190156250008 0.511952599490107 0.12692194898694098 0.5010992041776069 0.589047598986941 0.5057808640625 0.5891575515625
1 0.5081958993717441 0.12627059176115832 0.5027922991280475 0.12614983639818794 0.49248148125000013 0.5875416671875 0.4978850814936968 0.5876624225504704
1 0.49984516406250024 0.12598958281250006 0.4945126606018172 0.12587141983119607 0.48429166718750016 0.5871282546875001 0.4896241706481832 0.587246417668804
1 0.4918645314039899 0.1255436501089272 0.4859406017492856 0.1254089228738601 0.4754254109375001 0.5877597656250001 0.48134934059220436 0.5878944928600671
1 0.4638718749524425 0.4029621784711668 0.3946311237510033 0.3536593994924285 0.27222652922034224 0.5255642342983029 0.3414672804217814 0.5748670132770413
1 0.3766710820199239 0.4192182499860282 0.33617592656250006 0.4175657546875001 0.32985580567507033 0.572443216713651 0.37035096113249416 0.574095712012179
1 0.46432244897743213 0.39349442672871565 0.3854205273828012 0.33397083257528004 0.2489343941802907 0.5148909926203747 0.32783631577492167 0.5744145867738103
1 0.3780015739456262 0.4018763833539025 0.32414248906250004 0.3991516921875001 0.3153927004519106 0.5721091316573739 0.3692517853350368 0.5748338228237764
1 0.4659972274740666 0.3821817397822496 0.3783190414805226 0.3125760276559035 0.22632854902644092 0.5040294336989293 0.31400673501998483 0.5736351458252754
1 0.3785010873858706 0.38446099242758514 0.3092268515625 0.38228515625 0.30326203599586854 0.5721928544776979 0.37253627181923915 0.574368690655283
1 0.46551756971603836 0.3714871584551608 0.36874237150060735 0.29241076545455524 0.203594486431456 0.4945218975632738 0.30036968464688696 0.5735982905638793
1 0.3825627578125001 0.3663802078125 0.29588281293466734 0.3644756899530643 0.2913317906250001 0.5716054687500001 0.37801173550283285 0.5735099866094358
1 0.463872473496758 0.3590918079837239 0.28921359159514637 0.35481527634825116 0.28391820937500006 0.5710852859375001 0.4585770912766117 0.5753618175729728
1 0.463899690625 0.11839973906250005 0.27687757187500006 0.11839973906250005 0.2768775718750001 0.5703274734375 0.463899690625 0.5703274734375
1 0.46727924549856426 0.2998790529905449 0.35228772637182865 0.11894640173418829 0.2819092896209436 0.16367532876617324 0.3969008087476792 0.3446079800225298
2 0.4023564224244841 0.12012391762947683 0.26087082606405876 0.11667086761921168 0.2565694442645748 0.29291609061473495 0.3980550406250001 0.2963691406250001
1 0.3801090866995409 0.2767154540158727 0.37828282913777533 0.11951938213918245 0.3385205489965916 0.11998132857279206 0.3403468065583572 0.27717740044948236
1 0.46627281119524416 0.31008459539035416 0.33804531020233747 0.11829664404900923 0.2585229837895536 0.17146447402861484 0.3867504847824602 0.3632524253699597
1 0.38564065393353564 0.11992601854937635 0.3266186292247867 0.11964883947290439 0.325788675291251 0.29637776936102805 0.3848107 0.2966549484375
1 0.4666044925748559 0.32058037282521523 0.32432148599065613 0.118021790045539 0.23428991577588382 0.18126256869764745 0.37657292236008366 0.38382115147732365
1 0.47054390212105063 0.12436614842043388 0.29430986994220776 0.11899776340768428 0.28763942407115717 0.33797601654975046 0.46387345625000015 0.3433444015625001
1 0.38598779881486256 0.11994270529262818 0.3007471931195268 0.11850060258527206 0.297231042999516 0.32633515168957483 0.38247164869485173 0.32777725439693095
1 0.46638459063952703 0.330609618230156 0.31073328875078354 0.11735128457785116 0.21147882847520955 0.18979434317056137 0.36713013036395303 0.4030526768228662
1 0.382138375 0.11920312500000005 0.3111286015625 0.11920312500000005 0.3111286015625 0.30822916718750004 0.382138375 0.3082291671875001
2 0.2066398978216219 0.578331202450351 0.2062833426030796 0.3453564828819017 0.07575069352594996 0.34555625604744 0.07610724874449223 0.5785309756158894
1 0.14757862024233442 0.4184839887691748 0.07646605000000004 0.416828125 0.0730478936921284 0.5636239454459882 0.14416046393446277 0.565279809215163
1 0.15419088607921166 0.40899453888591636 0.07732791290399503 0.4070977690282362 0.07346182325557836 0.5637636627506711 0.15032479643079502 0.5656604326083513
1 0.161154979739771 0.4015430299879454 0.07726440312500005 0.3997180984375 0.07368349682272912 0.5643293653245547 0.15757407343750007 0.5661542968750001
1 0.16704987557372647 0.39412223249139366 0.07778780263338157 0.39265452339018625 0.07495963487215515 0.5646559893362926 0.16422170781250006 0.5661236984375
1 0.1753096703125001 0.38553645781250007 0.07624694761659806 0.3831306118040367 0.07183333764539505 0.5648646958339653 0.1708960603412971 0.5672705418424286
1 0.18314085562507804 0.37720835279954407 0.07662397187500004 0.3743763015625 0.0715768278654247 0.5642055125265533 0.1780937116155027 0.5670375637635973
1 0.1903343110519592 0.3664899054638106 0.07604372500000003 0.3638977859375 0.0714667266488512 0.5657047699912797 0.18575731270081036 0.5682968895175903
1 0.15480830907578158 0.11342277404534781 0.08401882681559633 0.11168369603116098 0.08044508492731477 0.2571535001108133 0.1512345671875 0.2588925781250001
1 0.16172325156250006 0.11452083281250003 0.08303292596892348 0.11262088430488686 0.07931441863558174 0.26663061225817686 0.15800474422915833 0.26853056076579007
1 0.16824742812500001 0.11393098906250003 0.0838880289587098 0.11193324851827835 0.08004903677120978 0.27404392664327826 0.16440843593750004 0.2760416671875
1 0.2848439131609196 0.11835690446063214 0.2805955480386563 0.11826070235673998 0.27038991718750005 0.5689498703125001 0.27463828230976345 0.5690460724163923
1 0.2784171812500001 0.11841796875000003 0.27449720465043354 0.11832306783578106 0.2635977359375 0.5685364578125001 0.2675177125370666 0.568631358726719
1 0.27051337500000006 0.11810546875000005 0.26650208293491057 0.11801694438703106 0.2565586421875001 0.5685826828125001 0.26056993425258956 0.5686712071754692
1 0.26515283188604843 0.11690793654873902 0.26104305496685504 0.11679852074549027 0.24898542320885553 0.5696963218657504 0.2530952001280489 0.5698057376689991
1 0.2569254109375 0.11595637968750003 0.25232332753923015 0.11584689689365817 0.24154154872883926 0.5690564243997606 0.2461436321271091 0.5691659071936024
2 0.39443364150314425 0.3962985130913264 0.2515332357085548 0.3941383847043985 0.24870322602131098 0.581353892429335 0.39160363181590047 0.5835140208162628
2 0.40377422815081826 0.386312630369632 0.24544666754517275 0.38286135725912385 0.24112588724899373 0.5810776624608434 0.3994534478546393 0.5845289355713514
2 0.4163808632766792 0.3795863249784913 0.23944517174816995 0.3721263342870985 0.23071862187500014 0.5791022140625001 0.40765431340350944 0.5865622047538929
2 0.4216547603960593 0.364417633360956 0.22785005438663494 0.3600112918216043 0.22282323875493124 0.5811063923637314 0.4166279447643556 0.5855127339030831
2 0.434111413981675 0.35931075094516185 0.2222057609375001 0.3508183593750001 0.21307934374563545 0.5785444809295724 0.4249849967898104 0.5870368724997342
1 0.5423199593750001 0.1270410156250001 0.5366552500390582 0.12690971593655326 0.5259566639747326 0.5884826341732265 0.5316213733106746 0.5886139338616734
2 0.41103173961010875 0.12159970600429999 0.2518954334667913 0.1170755826139053 0.24659466104418265 0.30353056410960544 0.4057309671875001 0.3080546875000001
2 0.42113838743114024 0.12201677680458285 0.24415220480358366 0.11565951019920387 0.23703684386238777 0.31375102486589357 0.41402302648994427 0.3201082914712725
2 0.4280403013396447 0.12055362427245193 0.23375720156250002 0.11572721406250001 0.2285827340158162 0.32402107035201577 0.4228658337929609 0.32884748056196766
2 0.436597518120046 0.11919543536265712 0.22623663438676508 0.11443509183249748 0.22124184066445016 0.33515639373744366 0.43160272439773095 0.33991673726760324
2 0.3787670938018871 0.34564308305991215 0.07666136998203114 0.33263970048492286 0.07639437979980178 0.33884264512567663 0.37850010361965775 0.3518460277006659
2 0.2166123745241531 0.41107428182174804 0.21078593756416333 0.41088624948993085 0.20533139819692972 0.5799025535575304 0.2111578351569195 0.5800905858893476
1 0.66121466110554 0.6956008936601319 0.5879475312500001 0.69342578125 0.5853768344178102 0.780017893798274 0.6586439642733499 0.7821930062084059
1 0.5936604519625639 0.7079312743093913 0.5845088145794883 0.7077958263420963 0.5818409980741743 0.8880487289792344 0.5909926354572499 0.8881841769465293
1 0.5804807589714147 0.7069277190113168 0.5467225891849635 0.7062288637974714 0.5421126195214312 0.9289132418041758 0.5758707893078824 0.9296120970180212
1 0.6820699547955927 0.8733745446986962 0.6566085390625 0.8733424484375 0.6565385842669075 0.9288363928013037 0.6820000000000002 0.9288684890625
1 0.5109619841068475 0.7752860731639533 0.5056599796875001 0.7751529953125 0.5018152799556528 0.9283311143360466 0.5071172843750001 0.9284641921875
1 0.4171197133609238 0.7424864536905158 0.4009965947177818 0.7421172499762557 0.3967225620259982 0.9287641701254404 0.4128456806691402 0.9291333738397005
1 0.21731866943424166 0.7216104238547245 0.15922561705027183 0.7199923046390782 0.1585809251694324 0.743137768114811 0.2166739775534022 0.7447558873304574
1 0.20040740781250013 0.840359375 0.19608851664169138 0.8402585543754219 0.19402318695419138 0.9287318621879217 0.19834207812500013 0.9288326828125
1 0.18750162774277 0.8396589965210854 0.1832690801873485 0.8395745635348201 0.18149125468750013 0.9286953125000001 0.18572380224292168 0.9287797454862655
1 0.1735550406250001 0.8378040359375001 0.1695108103294474 0.837722608192561 0.1676846703125001 0.9284205734375 0.1717289006080528 0.9285020011824392
1 0.16029218125000014 0.8367037765625 0.15659512363007835 0.8366075014579335 0.15420314863007833 0.9284616670829335 0.15790020625000012 0.9285579421874999
1 0.1471403552061922 0.8375245610584887 0.14268055625000012 0.8373912765625002 0.13995636452344615 0.9285447699110099 0.14441616347963823 0.9286780544069984
1 0.13333076093750013 0.8361536453125 0.12873713718019048 0.8360899347318403 0.1274598746801905 0.9281823831693403 0.1320534984375001 0.92824609375
2 0.3509521609375001 0.8256048171874999 0.33067798281250005 0.8256048171874999 0.33067798281250005 0.9087259109374999 0.3509521609375001 0.9087259109374999
2 0.3226399171875001 0.8261139328125001 0.2876942583643237 0.8249818542952306 0.2857685048075848 0.8844271363536175 0.3207141636307612 0.8855592148708868
2 0.30962962968750013 0.8253190109374999 0.2836932740210501 0.8239728436432229 0.2822584182815465 0.8516179431401577 0.30819477394799655 0.8529641104344348
1 0.2025812932049403 0.770966348876257 0.19858333281250012 0.7708326828125001 0.19721984931909656 0.8116145600456603 0.20121780971153674 0.8117482261094171
1 0.18916306562500007 0.7706516921875 0.18505927165680466 0.7705774662841622 0.18430978571930468 0.8120149662841621 0.18841357968750008 0.8120891921875
1 0.1754614203125001 0.7710130203125 0.1719595103627714 0.7709434191657097 0.17117453067527139 0.8104388629157094 0.1746764406250001 0.8105084640624998
1 0.1619650203125001 0.7709335937499999 0.1585815479397966 0.7708453505601197 0.1575354937500001 0.8109537765624999 0.1609189661227036 0.8110420197523801
1 0.14528261177534857 0.7755413293482359 0.13265065311905314 0.7662873725232042 0.10680553007115332 0.8015668245436451 0.11943748872744875 0.810820781368677
1 0.14951631114464328 0.7692587015903747 0.13300785126778386 0.7681409030074325 0.13025458988199115 0.8088030632673149 0.14676304975885054 0.8099208618502572
2 0.23269787004522097 0.8350183278643886 0.22553803753022011 0.8349027528880928 0.22401577088497798 0.9292066807142263 0.23117560339997884 0.9293222556905221
2 0.5368021565664808 0.7599234997986424 0.4502555759043979 0.7581244040948307 0.44853708194703146 0.8407935892768142 0.5350836626091143 0.8425926849806258
1 0.8393059665835798 0.8706776473116433 0.8380290461468121 0.7778976395573676 0.7814583122166938 0.7786762159772966 0.7827352326534616 0.8714562237315724
1 0.8393134299001505 0.8539537897760638 0.8372573578647057 0.7778706637282007 0.7949728208125706 0.7790133619673599 0.7970288928480154 0.8550964880152231
1 0.7781116929098313 0.7790495074065392 0.7339422946490789 0.7776866951503798 0.729738107422206 0.9139464177550328 0.7739075056829584 0.9153092300111924
1 0.8287818937500001 0.9051074218749997 0.8286779828125 0.8885520828124998 0.814240075477389 0.8886427035168578 0.814343986414889 0.9051980425793579
1 0.812598533343938 0.9161086928648003 0.8076234562500002 0.9160696609375003 0.8075283270819119 0.9281949895558286 0.8125034041758497 0.9282340214831286
1 0.7990102875000001 0.9146093750000001 0.7948830880423454 0.9145684547771913 0.7947479421875001 0.9281992187500002 0.7988751416451548 0.928240138972809
1 0.7667106446767897 0.7788913029811826 0.7369403430731356 0.7753868909001891 0.7301608839055621 0.8329790174719888 0.7599311855092162 0.8364834295529823
1 0.754442749429711 0.8068191124330898 0.7067817981084422 0.8050057384908719 0.7020766371401269 0.9286715983825864 0.7497375884613957 0.9304849723248043
1 0.11712382592328159 0.7514670465689985 0.09074719088042442 0.7476070757696489 0.06468535257051197 0.9256974379460559 0.09106198761336914 0.9295574087454055
2 0.8521399127619602 0.7925983904056656 0.804299856048116 0.7916893943144931 0.8017145902180864 0.9277507757990466 0.8495546469319306 0.9286597718902192
2 0.8296090531250002 0.8611347656250002 0.7855924541085852 0.8604501748071091 0.784520894220611 0.9293474206923633 0.828537493237026 0.9300320115102545
2 0.669976650893889 0.8178711642696925 0.6387602191731454 0.8167855506122026 0.638229144205673 0.8320564210054776 0.6694455759264166 0.8331420346629675
1 0.850531903473002 0.8278485648888096 0.8167859674973925 0.8274571845418401 0.8156203970830118 0.9279560084692667 0.8493663330586212 0.9283473888162362
2 0.7638760281250001 0.8462031250000001 0.7520982515625001 0.8462031250000001 0.7520982515625001 0.887142578125 0.7638760281250001 0.887142578125
2 0.7100972218750001 0.8182350265625 0.6792474281250002 0.8182350265625 0.6792474281250002 0.8333098953125001 0.7100972218750001 0.8333098953125001
2 0.6699737080046008 0.8584982252364803 0.6651738687500001 0.8583691406250002 0.6640431353950024 0.9004139535703788 0.6688429746496031 0.9005430381818588
2 0.6825105103632857 0.8586188287293659 0.677927366897307 0.8585248988504025 0.6770596703125001 0.9008626296875002 0.6816428137784787 0.9009565595664636
2 0.6966898140625002 0.8598645828125001 0.6923008382778255 0.859707445895963 0.6907927839221483 0.9018287640107963 0.6951817597068228 0.9019859009273332
2 0.6564495890625002 0.8578053390625 0.6517604240133241 0.8576221425125115 0.6500692318638736 0.9009105074906628 0.6547583969130496 0.9010937040406514
1 0.6705288062500002 0.817099609375 0.6377139921875001 0.817099609375 0.6377139921875001 0.8327675781250001 0.6705288062500002 0.8327675781250001
2 0.63612357159488 0.9096673259273323 0.6107522313369559 0.9085448878074761 0.6098502063834796 0.9289340581420655 0.6352215466414036 0.9300564962619218
2 0.7463518778649216 0.8955943195454618 0.7216985470333774 0.8584556513243328 0.7084608063572604 0.8672431069866452 0.7331141371888046 0.9043817752077743
1 0.38627404400642895 0.6923925825031589 0.21982780285885467 0.688073827832461 0.21358740345585123 0.9285808959780208 0.3800336446034255 0.9328996506487188
1 0.32755276684542445 0.8777032518118594 0.30524125468750013 0.8775891921875001 0.3049774850463002 0.9291858863689877 0.32728899720422444 0.9292999459933469
2 0.12332127514718723 0.7102872713561187 0.0890776260995685 0.709527633281503 0.0842112961774975 0.928896434780358 0.11845494522511621 0.9296560728549735
2 0.48406121406250013 0.7720572921875 0.47706018593750016 0.7720572921875 0.47706018593750016 0.8411588546875001 0.48406121406250013 0.8411588546875001
1 0.12449795335009317 0.1846182675497285 0.12355648609559873 0.16847614565611319 0.11320952474690893 0.16907961807179134 0.11415099200140337 0.18522173996540664
1 0.17590357082514685 0.1147011788235757 0.08330946531117109 0.11242354128013336 0.07911126685182678 0.28309531134835636 0.17170537236580255 0.2853729488917987
1 0.18283124671533665 0.11440166842851089 0.08287329100140556 0.11207976560455482 0.07871243878013699 0.2912045238737863 0.1786703944940681 0.29352642669774237
1 0.18975113847249486 0.1141082296466139 0.08232543263811126 0.11174702044726743 0.07815963392927425 0.30127443156553846 0.18558533976365785 0.3036356407648849
1 0.21660394325168114 0.1138101155766886 0.08217115200859954 0.11093741259612935 0.07736092706062375 0.3360396840943155 0.21179371830370536 0.3389123870748747
1 0.19642294337678667 0.11286846935025234 0.079812351452498 0.11067419300171685 0.07605185330110117 0.31051862720767043 0.19266244522538983 0.31271290355620596
1 0.20590699816986766 0.11327511169831139 0.0832791200910046 0.1094235549791133 0.07669895502944463 0.31892629315397053 0.19932683310830768 0.32277784987316865
1 0.2108635350816464 0.11365452133558387 0.08132400443269079 0.11081935712570179 0.07653042872604439 0.32983931547761797 0.206069959375 0.3326744796875
1 0.2240002203598431 0.11463818285247371 0.2183965474726664 0.11449239969729993 0.20654940383346845 0.5698777802806826 0.21215307672064515 0.5700235634358564
1 0.23062027815141595 0.11468307886015076 0.22660560757744777 0.11458436723014667 0.2153967217207385 0.5704575426000222 0.2194113922947067 0.5705562542300264
1 0.23897469934460505 0.11447712620008169 0.23404661836925106 0.11434051752265303 0.2214299440246461 0.5694799272600712 0.22635802500000007 0.5696165359375
1 0.24404672892246815 0.11500724319589344 0.24009920056454687 0.11491241994652321 0.22918026126671126 0.5694720643680605 0.23312778962463257 0.5695668876174308
1 0.25082681377361093 0.1149611384430563 0.24695973525473924 0.11486252430330206 0.2353894162061156 0.5685837894375741 0.23925649472498728 0.5686824035773285
1 0.19855379630473746 0.35838955497296976 0.07652003349618122 0.35494616122233 0.0706074541462817 0.5644877815607978 0.19264121695483793 0.5679311753114377
1 0.20651895623448838 0.34957720051152036 0.07745987656250003 0.345412109375 0.07041787637359403 0.5636147929756876 0.19947695604558238 0.5677798841122079
1 0.2111572434544436 0.34301664453692443 0.07826134893657025 0.33985638616965896 0.07291364194388454 0.5647393614902503 0.20580953646175787 0.5678996198575158
2 0.12417027835009317 0.18486696598722846 0.12322881109559873 0.16872484409361316 0.11288184974690896 0.1693283165092913 0.1138233170014034 0.1854704384029066
1 0.1337601434240949 0.5097723465479745 0.1162188701465446 0.4769733977913992 0.08889846682700842 0.49158467891012114 0.10643974010455873 0.5243836276666964
2 0.133628700690317 0.5100205351746042 0.11608780872684951 0.4772223084988795 0.08876780689337176 0.49183337894914436 0.10630869885683922 0.524631605624869
2 0.17296313842192063 0.3886893687586935 0.07785815849239061 0.38691047241005105 0.0743467526054739 0.5746404582827541 0.1694517325350039 0.5764193546313966
2 0.18321872610266685 0.3779122864141743 0.07447641722001058 0.37612811195702567 0.0712344563093065 0.5737199524436853 0.1799767651919628 0.575504126900834
2 0.19110510514769546 0.366739825189038 0.07481942266719362 0.36444418087074315 0.07067847739987985 0.5742034378629851 0.18696415988038173 0.57649908218128
2 0.1994106336768557 0.35695639163679393 0.07485150746723793 0.3542286477323643 0.06996367399953671 0.577425651236364 0.19452280020915447 0.5801533951407938
2 0.22336005384659763 0.11515068186695925 0.217303385565475 0.1150025307092573 0.2134722938093307 0.2716239994944851 0.21952896209045333 0.27177215065218707
2 0.19310778071308787 0.11463950062274844 0.08481387119737302 0.10946470590313588 0.07579746518974904 0.29815274267605835 0.1840913747054639 0.3033275373956709
2 0.19733080058239252 0.11387723451244683 0.08224555649431954 0.11152059121382477 0.07821076729368652 0.30855707113858777 0.1932960113817595 0.31091371443720983
2 0.20945269634585398 0.11495534574380668 0.08774309616546411 0.10882302576593617 0.07717780628931006 0.3185148245071963 0.19888740646969996 0.3246471444850668
2 0.2207271210829532 0.11330105874405891 0.09124909760393304 0.10495985814144056 0.07687239893931438 0.32812515723087504 0.2063504224183345 0.3364663578334934
2 0.18251215687679154 0.11243685817277296 0.0848164621596713 0.10897183214268047 0.07853315376923185 0.2861284171134172 0.17622884848635212 0.2895934431435097
1 0.4012860078125001 0.7343717453124999 0.38484567968750005 0.7343717453124999 0.38484567968750005 0.754287109375 0.4012860078125001 0.754287109375
2 0.537835817196284 0.7752410787946379 0.5301940431431197 0.7751559962618523 0.5294448134740107 0.8424488195688999 0.5370865875271751 0.8425339021016857
2 0.5251702710294155 0.7741351606583222 0.5182526818753809 0.7739122087545184 0.5160787742950991 0.8413626285206603 0.5229963634491336 0.8415855804244643
2 0.4983706897775676 0.7722250011084342 0.49036882219481026 0.7721280993580851 0.48954077161620785 0.840506132344417 0.4975426391989652 0.8406030340947659
2 0.5110537849279275 0.7738248430539765 0.5042662332770739 0.7737934144312458 0.5039539608812573 0.8412340093915592 0.510741512532111 0.8412654380142899
1 0.7525799104525684 0.841679431550079 0.7321689963109168 0.8408285188339247 0.7317673170031614 0.8504636338197784 0.7521782311448131 0.8513145465359326
1 0.7521926973070061 0.8767111571740227 0.7308958014746041 0.8762484289758508 0.7307183308822596 0.884416447984439 0.7520152267146616 0.8848791761826108
1 0.763171645054914 0.8879934726659962 0.7540051149087564 0.8878037078794236 0.7531500562520821 0.9291070555379006 0.7623165863982396 0.9292968203244731
1 0.7879132083869551 0.889037417950607 0.7804945956631844 0.8886750303390297 0.7785278888387295 0.928936440513423 0.7859465015625002 0.9292988281250002
1 0.8011441136831307 0.889770096424367 0.7943612442729582 0.8894787938503322 0.7932704720885219 0.9148770084311526 0.8000533414986943 0.9151683110051874
1 0.8137541273124075 0.9158565398540379 0.8135539627590163 0.892880623026325 0.80680822691016 0.892939391397294 0.8070083914635513 0.9159153082250068
2 0.6439843012186555 0.8304228273985 0.637034367834628 0.8302635412171947 0.6364102639707359 0.8574942792712978 0.6433601973547634 0.8576535654526032
2 0.6574392491413427 0.8579672369349343 0.6571245194386215 0.8318198496404612 0.6502438993343677 0.8319026699810008 0.6505586290370888 0.8580500572754739
2 0.6705331135450244 0.8589811010084019 0.670477449099046 0.8328739312314062 0.6641758646840749 0.8328873671652219 0.6642315291300532 0.8589945369422176
2 0.6847194323756005 0.8329067476805546 0.6781275903301283 0.8327823927395261 0.6776269270375537 0.8593216947995808 0.6842187690830259 0.8594460497406093
2 0.6980864203125001 0.8333411453125 0.6915020578125002 0.8333411453125 0.6915020578125002 0.8601471359374999 0.6980864203125001 0.8601471359374999
2 0.711038437925979 0.8329618231290539 0.7048218580034809 0.8328609011029717 0.704366919343048 0.8608841449101391 0.7105834992655462 0.8609850669362211
2 0.7251064488147814 0.8345168275433463 0.7177410370788668 0.8345023776204934 0.7176910875033246 0.859962665100781 0.725056499239239 0.8599771150236339
2 0.738475344562782 0.8355639872399431 0.7314791690169545 0.8355378963089197 0.7313825168708687 0.8614547706548003 0.7383786924166962 0.8614808615858236
2 0.7368480573956433 0.9026998271278212 0.7304331735581737 0.9024951406300683 0.7296133292841455 0.9281890962179616 0.7360282131216149 0.9283937827157146
2 0.7232986187484144 0.9034039804201074 0.7164785694719134 0.9033172137212571 0.716152648802595 0.928935279804626 0.722972698079096 0.9290220465034762
2 0.7103767995228838 0.9023115334396644 0.7035567502265074 0.9022247667405614 0.7032308378452197 0.9278421813668732 0.7100508871415959 0.9279289480659763
2 0.6965496493493327 0.9014781999947774 0.6897295985804163 0.9013914303094245 0.6894036667393693 0.927009498349071 0.6962237175082857 0.9270962680344239
2 0.6829952611300135 0.9009554891408807 0.676022970348798 0.9008667825464913 0.675667063082721 0.928840902929698 0.6826393538639366 0.9289296095240875
2 0.6699911452234634 0.9007471559164667 0.6631710959858429 0.9006603867212419 0.6628089765698266 0.9291229331437663 0.6696290258074471 0.929209702338991
1 0.6451097121229559 0.8183577014370528 0.5859634742428909 0.816703519105929 0.5828598110330363 0.9276767770447634 0.6420060489131013 0.9293309593758872
2 0.6561639842862164 0.9009034058965908 0.6493439350485957 0.9008166367013659 0.6489818239205958 0.9292785316867151 0.6558018731582165 0.9293653008819399
2 0.6427071838795045 0.8991338723558628 0.635887142871159 0.8990471057622024 0.6355087822099366 0.9287870680751433 0.6423288232182822 0.9288738346688039
2 0.45555649688511873 0.8857273972329145 0.4476419750000001 0.8855234375000002 0.4465232359273815 0.928935363704586 0.4544377578125002 0.9291393234375003
2 0.46820866711840975 0.8854840196375429 0.46096011246660823 0.8854077211597609 0.4605004105202384 0.9290806066310194 0.4677489651720399 0.9291569051088014
2 0.48229988227098575 0.8856836152812774 0.4741391237232248 0.8855241042784268 0.47329063750000006 0.9289335937500003 0.481451396047761 0.9290931047528508
2 0.4971100087272219 0.8871221816437489 0.48784702008139896 0.8867251166692309 0.486032921875 0.9290455734375002 0.49529591052082295 0.929442638412018
2 0.5361569869799855 0.8884888578031479 0.52775991915987 0.8882992529950083 0.5268453583261448 0.9288026000449505 0.53524242614626 0.9289922048530901
2 0.5225023036062373 0.8877668067006853 0.5138219217677332 0.8877041296561986 0.5135200625000003 0.9295097656250002 0.5222004443385042 0.9295724426694869
2 0.5092288295012667 0.8865284850834778 0.5013335364410567 0.8863340814012846 0.5002886218597937 0.9287710699855058 0.5081839149200037 0.928965473667699
2 0.2979493600136066 0.7982856670938808 0.2904497223438153 0.7982397024120778 0.290288020381414 0.8246231359731091 0.2977876580512053 0.8246691006549121
2 0.2979493600136066 0.7982856670938808 0.2904497223438153 0.7982397024120778 0.290288020381414 0.8246231359731091 0.2977876580512053 0.8246691006549121
2 0.3110463172677646 0.7995973583158112 0.30474240266349617 0.7994951837098035 0.30432004138852065 0.8255538054518354 0.3106239559927891 0.8256559800578431
2 0.3249579276773598 0.8002144217337873 0.317274040085869 0.799963624098134 0.3164201867881574 0.8261238099473663 0.3241040743796482 0.8263746075830198
2 0.3379669628531641 0.8001418524996462 0.33185099086497827 0.8000765095623393 0.33157656058677526 0.8257626504580433 0.33769253257496107 0.82582799339535
2 0.3513638077948357 0.8019503432015395 0.34522123476401007 0.801825282416823 0.34471807161114276 0.826538995991538 0.3508606446419685 0.8266640567762543
2 0.35217078125000006 0.8281269531250001 0.34566872500000007 0.8281269531250001 0.34566872500000007 0.8370800781250001 0.35217078125000006 0.8370800781250001
2 0.37364579519409946 0.8302824058307803 0.3529150922722284 0.8297299693048906 0.35268497236196844 0.838365436498744 0.3734156752838395 0.8389178730246336
2 0.37362261013271314 0.8475162539409151 0.35286062949684416 0.8466011399359223 0.3524433537820822 0.8560682339399899 0.3732053344179512 0.8569833479449827
2 0.37329339294218356 0.8645891711971512 0.3525314106781083 0.8636740571203928 0.3521141349633463 0.8731411511244602 0.3728761172274216 0.8740562652012185
2 0.3715951143643217 0.8808676876651533 0.3508376355254067 0.8805644365091887 0.3507070534643884 0.8895027515494258 0.3714645323033034 0.8898060027053905
2 0.3720367063653938 0.8989404871373683 0.3488617696379468 0.8925682162774571 0.3459934752422219 0.9029997472964542 0.3691684119696689 0.9093720181563654
2 0.34788345105087815 0.9092653009700488 0.3419323077107031 0.9092196197764457 0.34178278668540396 0.9286985559368446 0.347733930025579 0.9287442371304477
2 0.3359412119532356 0.9087367370307984 0.3291395184757427 0.9084773000280965 0.3283596917087861 0.9289221193065433 0.335161385186279 0.9291815563092453
2 0.32182877387010017 0.909194853663122 0.3148597098588791 0.9088993822964015 0.31400583966698437 0.9290389852996837 0.32097490367820547 0.9293344566664041
2 0.3080085623041292 0.9087878162250753 0.30203491310996256 0.9086964074678784 0.30172558081318346 0.9289115671752064 0.3076992300073501 0.9290029759324033
2 0.29548919994810824 0.9091427140740531 0.28856975777312616 0.9089721890917646 0.28805557507558927 0.9298363310798443 0.29497501725057135 0.9300068560621328
2 0.28587470437593665 0.9036885877279625 0.2858395197925968 0.8927630130229938 0.26441510431263904 0.8928320079410936 0.2644502888959789 0.9037575826460623
2 0.2864885681710264 0.8784225943030723 0.2655275714021175 0.8782646865745333 0.2654636148717219 0.8867544080047441 0.28642461164063077 0.8869123157332831
2 0.28713527416957896 0.8615503334405108 0.26677055397202853 0.8606512371320194 0.266380021337418 0.8694968833177998 0.28674474153496843 0.8703959796262912
2 0.28431560781230936 0.8443111046013906 0.26681246674963627 0.8439356399440214 0.26662625319464445 0.8526164093768692 0.28412939425731754 0.8529918740342384
2 0.28739633641432033 0.8351857739503625 0.2872772931417943 0.8258739210224603 0.26673113660365255 0.826136584289489 0.26685017987617865 0.8354484372173913
1 0.3078025830382867 0.7957320880309403 0.2798210298811066 0.7951162144311585 0.2790688798040083 0.8292893424430735 0.30705043296118845 0.8299052160428554
1 0.30635705099508137 0.8620844801764118 0.2794969140625001 0.8611901046874999 0.278361719072312 0.8952826008031225 0.30522185600489327 0.8961769762920344
1 0.5052171398445711 0.8248684527664082 0.5048957526211965 0.8125102559237689 0.47930095919045135 0.8131758740311916 0.47962234641382595 0.8255340708738309
1 0.5059876861865493 0.7740710378143656 0.4799691359375001 0.7726888015625001 0.47934228406378604 0.7844883596719979 0.5053608343128353 0.7858705959238634
1 0.4967972689853958 0.8083595577235532 0.49655017380598165 0.7856730783761392 0.4395149717971204 0.7862942908286084 0.4397620669765345 0.8089807701760223
1 0.401876710651132 0.6883065676744564 0.3861903243803033 0.687777225321416 0.3855687574791714 0.7061965685844598 0.4012551437500001 0.7067259109375001
1 0.3981481484375001 0.8566881515625001 0.3819445471160123 0.8564779356976496 0.3816865235326484 0.876366592908853 0.39789012485413633 0.8765768087737035
1 0.39699588437500005 0.9238736984374999 0.39681946761826975 0.9038471445187921 0.38057613125 0.9039902343750003 0.3807525480067303 0.9240167882937079
1 0.2172633750000001 0.7448131515624999 0.2110199632551985 0.7447027921175086 0.2105662933953112 0.7703684497483752 0.21680970514011277 0.7704788091933665
1 0.20429012343750014 0.7449680984375 0.19753833087382053 0.7448823327481741 0.19720911212382053 0.7707996514981741 0.20396090468750008 0.7708854171875
1 0.1909876546875001 0.7450325515625 0.1842361214766674 0.7449586696016752 0.1839583433516674 0.7703427852266752 0.1907098765625001 0.7704166671875001
1 0.17766918286402075 0.7447712618328799 0.17091768943284633 0.7445355421748452 0.17000776594382572 0.7705976131544653 0.17675925937500014 0.7708333328125001
1 0.16462394515286236 0.7431573317910153 0.15787242904351273 0.7429216095732936 0.15696247607815048 0.7689843293447783 0.1637139921875001 0.7692200515625001
1 0.15029345299769764 0.7430648584049706 0.14346595591556166 0.7429962414893871 0.1432098765625001 0.7684765624999998 0.15003737364463604 0.7685451794155833
1 0.13686898168205056 0.743239954207683 0.13084295015716993 0.7431429441401821 0.1304455958693999 0.7678256345694912 0.1364716273942805 0.767922644636992
1 0.12356433259869162 0.7426245395196186 0.11675713562330348 0.7425307402089129 0.11642325614961198 0.7667610178767942 0.12323045312500011 0.7668548171874999
1 0.12254382222558557 0.8099524388091772 0.11559913325336235 0.8097834140750783 0.11501004384027687 0.833987225265901 0.12195473281250009 0.83415625
1 0.13578955587481217 0.8089086681940044 0.12884396387383817 0.8088129588203093 0.12846592987402614 0.8362467390638051 0.1354115218750001 0.8363424484375
1 0.1637337648312834 0.8112176847237708 0.15569446849799468 0.8110121334735624 0.15502952391797228 0.8370187207290428 0.16306882025126104 0.8372242719792512
1 0.17640358256276042 0.8378916865430515 0.1762580083190227 0.8117452722459466 0.16864905220805948 0.8117876362970513 0.16879462645179721 0.8379340505941562
1 0.18949000306042324 0.8395056176488934 0.18933789478848384 0.8121859801948028 0.181728942222533 0.8122283447623422 0.1818810504944724 0.8395479822164328
1 0.2027034765501745 0.8402186190863867 0.20237644427898913 0.81290185226815 0.19456847765489887 0.8129953280837693 0.19489550992608423 0.840312094902006
1 0.21658674276751536 0.8129085348359751 0.20860349279505064 0.8126395395872568 0.2075399594111178 0.8442031188640099 0.21552320938358252 0.8444721141127284
2 0.22912540576573814 0.8744572439508127 0.20861111093750012 0.8730117187499999 0.20784263889907068 0.8839175555730012 0.22835693372730867 0.885363080773814
2 0.22602174501975453 0.8317049550442445 0.21001028750000014 0.8314876296875001 0.20984573876561927 0.8436107666740768 0.22585719628537365 0.8438280920308211
2 0.22300329256149873 0.8697874667932183 0.2229571123128386 0.844335374246844 0.16739040608522998 0.8444361944173719 0.1674365863338901 0.8698882869637462
2 0.8608254855904509 0.18426071327158203 0.8295417490344061 0.18322566188865735 0.8282884769863281 0.22110497226099915 0.8595722135423729 0.2221400236439238
1 0.8607364928408335 0.18443000057371778 0.8294527578972201 0.1833949492441414 0.8281994858491416 0.22127425961648312 0.8594832207927551 0.2223093109460595
1 0.853661409062747 0.546379429011399 0.8505300033113083 0.5073842617243501 0.8188860928458153 0.5099253438666639 0.8220174985972539 0.5489205111537128
2 0.8532640722003639 0.5461903302604131 0.8501321207280059 0.507195245843257 0.8184881106965974 0.5097367842266329 0.8216200621689556 0.548731868643789
2 0.8324749368069565 0.6942423529956108 0.804326506548261 0.6939342387900131 0.803903579149497 0.7325716731319579 0.8320520094081925 0.7328797873375555
1 0.8322269055343199 0.6939914823299933 0.8040787821954464 0.6936822912646275 0.8036543721000877 0.7323197198600688 0.8318024954389612 0.7326289109254346
1 0.8383994669996166 0.8113492696301738 0.8185845033995023 0.8109882586968407 0.8184395175289986 0.818946161024166 0.8382544811291129 0.8193071719574991
1 0.8369102033672379 0.8802728973610193 0.8199181548071437 0.8789231758864263 0.8193358993788605 0.8862533641497107 0.8363279479389547 0.8876030856243038
1 0.8174088671177439 0.8108680309123406 0.8171186004136185 0.7819705188688741 0.809548237228824 0.7820465608605645 0.8098385039329493 0.810944072904031