2 0.21615773271866617 0.1634620482699832 0.15170782799261012 0.14369659160787399 0.08351775472030147 0.3660463101493172 0.14796765944635754 0.38581176681142637
2 0.4740856683115947 0.23888600833867785 0.4453123321759088 0.1571398247432525 0.12869415189989536 0.2685843096972968 0.15746748803558125 0.35033049329272214
2 0.23171615778633878 0.4499683032177907 0.2253785498075644 0.3783776519219676 0.20639103376422732 0.38005853386668015 0.2127286417430017 0.4516491851625032
1 0.34562669254952216 0.47278851806296396 0.3129055331715689 0.3553599768539554 0.2754969941135498 0.3657837695368191 0.308218153491503 0.4832123107458278
2 0.4658985961768642 0.3799066176026341 0.45730513257042915 0.3392859740194839 0.2612481118157627 0.38076264016812644 0.2698415754221978 0.4213832837512766
2 0.261013585106644 0.5134752179448797 0.26095604379140697 0.49588259798456785 0.1868395193715463 0.4961250156748004 0.18689706068678333 0.5137176356351122
2 0.4646452819047684 0.5331930831594597 0.462586732373124 0.5043584057331741 0.15907760048951708 0.5260263637981131 0.1611361500211615 0.5548610412243986
2 0.16337912392950607 0.5645761147330922 0.11040696151200588 0.5636952736675391 0.10537891848363126 0.8660725382584197 0.15835108090113142 0.8669533793239728
2 0.23253921782917236 0.803836863417183 0.14442864312523823 0.7175479703361312 0.10570089115847292 0.7570933203915304 0.19381146586240705 0.8433822134725822
2 0.2675854612817818 0.7547472248725391 0.26750890703031877 0.6767772308132696 0.25280555625 0.6767916671875 0.25288211050146303 0.7547616612467696
2 0.1715833328125001 0.9019798171875 0.1569022640625001 0.9019798171875 0.15690226406250013 0.9291386718749999 0.1715833328125001 0.9291386718749999
2 0.2640543592052616 0.8759991053801507 0.1803515096039202 0.8699276869292107 0.17878012416790867 0.891591395316145 0.2624829737692501 0.8976628137670849
2 0.46875454463033234 0.8220943807067288 0.46518576992675265 0.7838768520875617 0.2659599344415352 0.8024806746702338 0.2695287091451149 0.8406982032894008
1 0.37935769193717184 0.6379065412941733 0.3631218597423297 0.6350299805684123 0.3486600874986128 0.7166548547754036 0.3648959196934549 0.7195314155011646
1 0.4618910512683609 0.6892477071535118 0.4112705643086242 0.6889175756213108 0.4110648300334561 0.7204636964171303 0.4616853169931928 0.7207938279493312
2 0.470717613423016 0.6559426537789192 0.425414244022926 0.626456024371143 0.4091108751823967 0.6515045821711618 0.4544142445824867 0.680991211578938
2 0.4700936375714947 0.5968321264401675 0.4583522049016103 0.5642487982679755 0.3718539053090138 0.5954185411302997 0.38359533797889805 0.6280018693024918
2 0.3365138263303629 0.6395956237861821 0.33620584261362463 0.6231591918403507 0.2526280859375 0.6247252609375 0.2529360696542383 0.6411616928833314
1 0.3702034162649063 0.5444297874936604 0.35129610519413096 0.5425567922811652 0.3432036416799168 0.6242477245224205 0.36211095275069216 0.6261207197349158
2 0.4672748379524142 0.5660737014393311 0.4605566321054736 0.5263065893132486 0.27018246067728835 0.5584681621108984 0.27690066652422896 0.598235274236981
1 0.46084859944997814 0.3475523345683177 0.46020065391875226 0.3333617286912213 0.40879032634377416 0.3357091331854037 0.40943827187500004 0.3498997390625
1 0.4611984038126827 0.3476132122771899 0.4609814812499999 0.3003190109375 0.38272255580037684 0.3006779582540939 0.38293947836305964 0.3479721595937838
1 0.4607243346194232 0.26738667263341287 0.3551807654647905 0.2669050681915258 0.3548073183508837 0.34874596886466125 0.4603508875055164 0.3492275733065483
1 0.6546486338736817 0.5217586806009118 0.6401263703955002 0.3905506487819607 0.5669398715651273 0.39865101889136734 0.5814621350433088 0.5298590507103184
1 0.5474727567161582 0.4057566942364909 0.518455445015313 0.4049854769685385 0.5045400502697265 0.9285569315406903 0.5335573619705717 0.9293281488086429
2 0.519100924309169 0.8133930613896349 0.5178648475524439 0.15569174716085948 0.4766311907998134 0.15576924125065988 0.47786726755653863 0.8134705554794353
1 0.6012181062499999 0.5657454421875 0.6007393564297341 0.5477265132706024 0.5680987656250001 0.54859375 0.5685775154452659 0.5666126789168977
1 0.6155948831999303 0.7709641857658444 0.6151379120154918 0.5652193340399521 0.6010651475655615 0.5652505904616076 0.60152211875 0.7709954421874999
1 0.6116121406249999 0.7906145828125 0.5826046038591882 0.7767764252541742 0.5639346920594935 0.8159122820805962 0.5929422288253052 0.829750439638922
2 0.5929328245342441 0.8700586809164733 0.5677684208263488 0.8699428420831763 0.5674976337921047 0.928767625229203 0.5926620375 0.9288834640625
2 0.55459979375 0.8560709640625002 0.5447291701287963 0.8446827696377721 0.481359590377546 0.8996078304007191 0.4912302139987498 0.9109960248254472
1 0.46356810643657154 0.9166091039538949 0.46346502031250003 0.906158203125 0.4112019199357288 0.9066737185373086 0.41130500605980036 0.9171246193662036
1 0.39319731974043504 0.910862370086005 0.38440717025364785 0.9107577892485059 0.38419236145071284 0.9288127363500008 0.39298251093750003 0.9289173171874999
1 0.3523772922926598 0.9290411608712074 0.3523066283153592 0.9131051245078607 0.3445579375851994 0.9131394839491535 0.3446286015625 0.9290755203125001
2 0.9377212116705718 0.6923549377422067 0.9289801242348661 0.5880855072629881 0.562105616707056 0.6188412343585836 0.5708467041427616 0.7231106648378023
2 0.9270180269759006 0.6667798198709811 0.9260416671874998 0.49714062499999995 0.5677397602170109 0.4992028345874682 0.5687161200054118 0.6688420294584494
2 0.8511716068793742 0.6017530937720046 0.8184181560986434 0.5188283650007603 0.5644839705090268 0.6191268039887043 0.5972374212897573 0.7020515327599486
2 0.6520314785775672 0.2419328426538468 0.5682983479244931 0.23245126217904266 0.5654789790271895 0.25734949353029013 0.6492121096802635 0.2668310740050942
2 0.8605253885604587 0.26546614067017005 0.7326207692310636 0.16189541849180028 0.5067046315134186 0.440890456736086 0.6346092508428136 0.5444611789144558
2 0.8275856511009312 0.19322278762454892 0.8140462968749999 0.1887962234375001 0.7550650692115685 0.36919973737545125 0.7686044234374998 0.37362630156250004
2 0.9082244197448931 0.25926251466375516 0.8954922843749997 0.25149544218750014 0.8241716708801065 0.36840740721124504 0.8369038062499998 0.37617447968750006
1 0.9380971706782889 0.2892371103395946 0.916159465625 0.25268750000000006 0.9045685840138404 0.2596445465931274 0.9265062890671294 0.29619415693272194
2 0.8168143000000002 0.7313463546875001 0.816803906012699 0.7147997427823972 0.7701650169501988 0.7148290396573972 0.7701754109375 0.7313756515625001
2 0.9088679156130743 0.6497716385245403 0.8960714148652569 0.6396294078508045 0.8289434372180793 0.724325096974307 0.8417399379658967 0.7344673276480429
2 0.9265773870389411 0.8773054092993021 0.9261933785452919 0.8458485476807324 0.8367735149978396 0.8469401374114414 0.8371575234914888 0.8783969990300111
2 0.9060704734374999 0.9174355468750001 0.8949634028787455 0.9074377656613277 0.8770185187499997 0.9273736984375003 0.8881255893087541 0.9373714796511724
0 0.16152263437500008 0.8548177078125001 0.1414609046875001 0.8548177078125001 0.1414609046875001 0.8795572921874999 0.16152263437500008 0.8795572921874999
0 0.17755535363744343 0.8802561048003419 0.1558130570370724 0.8773929182910102 0.15222976675776664 0.9046034963668603 0.1739720633581377 0.907466682876192
0 0.1903678971901517 0.878995760609798 0.1879743931509324 0.852519429513731 0.16749150809211388 0.8543711161369745 0.1698850121313332 0.8808474472330413
0 0.27983539062500007 0.8645833328125001 0.2577160500000001 0.8645833328125001 0.2577160500000001 0.8938802078125001 0.27983539062500007 0.8938802078125001
0 0.2757201640625001 0.8216145828125001 0.2484567906250001 0.8216145828125001 0.2484567906250001 0.8541666671874999 0.2757201640625001 0.8541666671874999
0 0.24691357968750008 0.787109375 0.22222222187500007 0.787109375 0.22222222187500007 0.8203125 0.24691357968750008 0.8203125
0 0.2748922118289462 0.7536025763178225 0.2491072052238552 0.7521473382396063 0.247244157556005 0.7851582229465293 0.273029164161096 0.7866134610247454
0 0.19310343103813304 0.7322773516419253 0.16698582895242847 0.7243403801511119 0.15740075968109862 0.755881255090913 0.1835183617668032 0.7638182265817262
0 0.1635459642140769 0.6968532996255214 0.1378503538165468 0.6927881756102116 0.13287649995949008 0.7242278587302948 0.15857211035702018 0.7282929827456047
0 0.18878600781250007 0.6595052078125 0.16152263437500008 0.6595052078125 0.16152263437500008 0.6920572921875 0.18878600781250007 0.6920572921875
0 0.2803497937500001 0.6510416671875 0.2551440328125001 0.6510416671875 0.2551440328125001 0.6842447921875 0.2803497937500001 0.6842447921875
0 0.2541152265625001 0.6165364578125 0.22736625468750007 0.6165364578125 0.22736625468750007 0.6490885421875 0.2541152265625001 0.6490885421875
0 0.28339402387886603 0.584649800152636 0.25781211661543607 0.579985289925542 0.25175513607172134 0.6132040218013306 0.2773370433351513 0.6178685320284246
0 0.3510280689132837 0.6420498233301346 0.3489117466179167 0.6206220520541296 0.33248250042305666 0.6222446930451314 0.33459882271842367 0.6436724643211365
0 0.3927785448007687 0.62930748936907 0.3797833720106686 0.6149163523612744 0.3641179206657981 0.6290622288789688 0.3771130934558982 0.6434533658867644
0 0.4357826559392784 0.6258273500655281 0.42100514942565026 0.6112322851330786 0.4069936539380506 0.6254189274530675 0.42177116045167873 0.640013992385517
0 0.4930359504980917 0.9247830926007563 0.4919319081411647 0.8994855499699541 0.4612711441133482 0.900823655519433 0.46237518647027515 0.9261211981502351
0 0.492361755089585 0.8903395993336132 0.4912979736944478 0.8651240610460258 0.4615430064044612 0.866379349759477 0.4626067877995984 0.8915948880470642
0 0.49239570638964636 0.8563007523242223 0.49127554163453296 0.831518796104463 0.4615597191098936 0.832861975664871 0.462679883865007 0.8576439318846303
0 0.4922839500000002 0.796875 0.46193415625000017 0.796875 0.46193415625000017 0.8229166671874999 0.4922839500000002 0.8229166671874999
0 0.5731684495120317 0.7985416536077976 0.5424480026210011 0.7972009465799864 0.541391879585986 0.8214005449520053 0.5721123264770167 0.8227412519798165
0 0.5731449526225574 0.8330877860725916 0.5421640181756058 0.8315796983760793 0.5409723215150393 0.856060951162003 0.5719532559619909 0.8575690388585153
0 0.5737247208445123 0.8666339192303832 0.5423962080219384 0.864571137163499 0.5407565323739808 0.889473719160196 0.5720850451965547 0.8915365012270803
0 0.5735435237185322 0.9006772484044584 0.5422809463444809 0.8995135210555676 0.5413840845546385 0.9236069748405121 0.5726466619286898 0.9247707021894029
0 0.49074074062500006 0.7174479171875 0.4614197531250001 0.7174479171875 0.4614197531250002 0.7395833328125 0.49074074062500017 0.7395833328125
0 0.490740740625 0.68359375 0.46193415625 0.68359375 0.46193415625 0.7063802078125 0.490740740625 0.7063802078125
0 0.490740740625 0.6497395828125 0.462448559375 0.6497395828125 0.462448559375 0.671875 0.490740740625 0.671875
0 0.49247328750723407 0.6158322945124949 0.46156805625695585 0.6138765712413017 0.46003336812507545 0.6381284131615974 0.49093859937535367 0.6400841364327905
0 0.49125514375 0.5807291671875 0.46141975312500005 0.5807291671875 0.46141975312500005 0.6048177078125 0.49125514375 0.6048177078125
0 0.49125514375 0.5455729171875 0.46141975312500005 0.5455729171875 0.46141975312500005 0.5703125 0.49125514375 0.5703125
0 0.49175907133480534 0.535595160888328 0.4905869602510295 0.5118599061014354 0.4601506391157343 0.5133629339674662 0.4613227501995101 0.5370981887543589
0 0.49125514375 0.4791666671875 0.46039094687500004 0.4791666671875 0.46039094687500004 0.5026041671875 0.49125514375 0.5026041671875
0 0.5721485434209302 0.47899670877789335 0.5408734475223703 0.4771975007394024 0.5394752738279983 0.5015015364255715 0.5707503697265583 0.5033007444640624
0 0.5709876546875 0.5130208328125 0.54012345625 0.5130208328125 0.54012345625 0.5358072921875 0.5709876546875 0.5358072921875
2 0.5414012343749999 0.6320117187500001 0.541066871875 0.5178912765625 0.5259357758942544 0.517935609295382 0.5262701383942543 0.6320560514828819
0 0.570184242151696 0.5687272641858029 0.568983093644315 0.5459498947206438 0.5404275805486851 0.5474557495554079 0.5416287290560663 0.570233119020567
0 0.5715020578125001 0.5807291671875 0.5406378593750001 0.5807291671875 0.5406378593750001 0.6041666671875 0.5715020578125001 0.6041666671875
0 0.5704732515625001 0.6145833328125 0.54012345625 0.6145833328125 0.54012345625 0.63671875 0.5704732515625001 0.63671875
0 0.5709876546875 0.6490885421875 0.5416666671875 0.6490885421875 0.5416666671875 0.671875 0.5709876546875 0.671875
0 0.5717672465145949 0.7048312118164783 0.5708946168988357 0.6820782197958205 0.5402253435450908 0.6832544570220277 0.5410979731608501 0.7060074490426855
0 0.5725308640625001 0.7161458328125 0.54012345625 0.7161458328125 0.5401234562500001 0.7395833328125 0.5725308640625002 0.7395833328125
0 0.6180009806308477 0.7679875888828948 0.6010875524152438 0.7651741801540524 0.5969446272008982 0.7900802904881457 0.6138580554165023 0.792893699216988
0 0.6165501215972596 0.5680999718890595 0.6153788273663496 0.5458636757473313 0.5963643702522555 0.5468652599940814 0.5975356644831655 0.5691015561358096
0 0.6778857191433882 0.507937883190426 0.6506507850446062 0.5034418985512653 0.6452421917244553 0.5362050626774059 0.6724771258232374 0.5407010473165663
0 0.18923781882914414 0.5867266722399127 0.18542619450309872 0.5566101229484655 0.16118321764943894 0.5596783735444062 0.16499484197548436 0.5897949228358536
0 0.16168339716382732 0.5538942207068931 0.15939379566888798 0.523467553451884 0.1333069462237592 0.5254305844005986 0.1355965477186985 0.5558572516556077
0 0.19340995831941218 0.5078060310582242 0.17417722984321016 0.4858987508127706 0.1529705292892701 0.5045164299158029 0.17220325776547213 0.5264237101612566
0 0.27469979325405813 0.5031484901816375 0.2698636465347899 0.47101457613404385 0.24514429674209898 0.4747348326277068 0.24998044346136722 0.5068687466753005
0 0.24537037031250009 0.4388020828125 0.22067901250000008 0.4388020828125 0.22067901250000008 0.4700520828125 0.24537037031250009 0.4700520828125
0 0.2750028521260049 0.4068812869951691 0.24876345511773074 0.4043267314021918 0.24569169622738748 0.43587863861415155 0.2719310932356616 0.4384331942071288
0 0.23231978019605243 0.3827161838477938 0.22977606948722964 0.3553514095189775 0.20721622231887746 0.3574484750435089 0.20975993302770019 0.3848132493723252
0 0.2790855847968684 0.382735282400691 0.27663487546898713 0.3548201623903802 0.25400408567620547 0.3568069526181136 0.2564547950040868 0.38472207262842445
0 0.18755836420768815 0.395860860038519 0.18639881419018048 0.3694448526169696 0.16631862141164735 0.37032628740445794 0.16747817142915503 0.3967422948260074
0 0.16100822968750003 0.37109375 0.13991769531250003 0.37109375 0.13991769531250003 0.396484375 0.16100822968750003 0.396484375
0 0.1762743948147135 0.3685105967577467 0.16946666913061445 0.34266250490030337 0.14958385937442267 0.34789912799015454 0.15639158505852171 0.37374721984759784
0 0.5694444437499999 0.15820312500000008 0.5406378593750001 0.15820312500000006 0.5406378593750001 0.17968750000000006 0.5694444437499999 0.17968750000000008
0 0.5699588484375 0.19075520781250008 0.5406378593750001 0.19075520781250005 0.5406378593750001 0.21354166718750006 0.5699588484375 0.21354166718750006
0 0.5706078703307889 0.22642648202858623 0.5416752291490405 0.2240640394166232 0.5397605295401143 0.24751320871088334 0.5686931707218627 0.24987565132284634
0 0.570217941832666 0.26061779481821973 0.5412521385896962 0.259539563166857 0.5404058142151607 0.2822753688553136 0.5693716174581305 0.28335360050667635
0 0.5699588484375 0.2942708328125001 0.5406378593750001 0.2942708328125001 0.5406378593750001 0.3157552078125001 0.5699588484375 0.3157552078125001
0 0.5708139926373639 0.3283550823281512 0.5412717436313492 0.3272220689755225 0.5403968473637821 0.3500341596988434 0.5699390963697968 0.3511671730514721
0 0.5704732515625001 0.3626302078125001 0.5406378593750001 0.3626302078125001 0.5406378593750001 0.3841145828125001 0.5704732515625001 0.3841145828125001
0 0.5699588484375 0.39713541718750006 0.5406378593750001 0.39713541718750006 0.5406378593750001 0.41796875 0.5699588484375 0.41796875
0 0.49022633750000005 0.3958333328125001 0.46039094687500004 0.3958333328125001 0.46039094687500004 0.4192708328125 0.49022633750000005 0.4192708328125
0 0.4908952170066418 0.3838159946371683 0.48989874300968717 0.360983226256243 0.46060513656468993 0.3622616659361133 0.46160161056164456 0.38509443431703855
0 0.49022633750000005 0.3281250000000001 0.46039094687500004 0.3281250000000001 0.46039094687500004 0.3509114578125001 0.49022633750000005 0.3509114578125001
0 0.49022633750000005 0.2942708328125001 0.46039094687500004 0.2942708328125001 0.46039094687500004 0.3164062500000001 0.49022633750000005 0.3164062500000001
0 0.489711934375 0.2597656250000001 0.46039094687500004 0.2597656250000001 0.46039094687500004 0.28385416718750006 0.489711934375 0.28385416718750006
0 0.489711934375 0.22460937500000008 0.46039094687500004 0.22460937500000008 0.46039094687500004 0.2493489578125001 0.489711934375 0.2493489578125001
0 0.4906887545605493 0.21376233499715638 0.48909446232438264 0.1910879743832895 0.4592236431715294 0.19318826800895436 0.46081793540769606 0.21586262862282127
0 0.49162727191079886 0.15774076875947354 0.46099933725404546 0.1566931088230566 0.46015288107618996 0.18143892910690845 0.4907808157329433 0.18248658904332543
0 0.2310321349733734 0.17796990011265731 0.22924603511427163 0.15115630884996345 0.20705170381568622 0.1526347117843893 0.208837803674788 0.17944830304708317
0 0.277263375 0.15039062500000006 0.2551440328125 0.15039062500000006 0.2551440328125 0.17903645781250005 0.277263375 0.17903645781250005
1 0.3374742796875001 0.7191373703124999 0.33279320937500007 0.7191373703124999 0.33279320937500007 0.7861490890625 0.3374742796875001 0.7861490890625
1 0.3512474281250001 0.718212890625 0.3457381687500001 0.718212890625 0.3457381687500001 0.7861490890625 0.3512474281250001 0.7861490890625
1 0.3641049375000001 0.7177473953125 0.3578600828125001 0.7177473953125 0.3578600828125001 0.7868489578125 0.3641049375000001 0.7868489578125
1 0.3780658437500001 0.7186751296875 0.3716358031250001 0.7186751296875 0.3716358031250001 0.786845703125 0.3780658437500001 0.786845703125
1 0.3927546296875001 0.7189095046875 0.3856815843750001 0.7189095046875 0.3856815843750001 0.7858040359375 0.3927546296875001 0.7858040359375
1 0.4041460906250001 0.7182096359375 0.39890946562500007 0.7182096359375 0.39890946562500007 0.7858007812500001 0.4041460906250002 0.7858007812500001
1 0.41828189375 0.7207714843749999 0.41102880624999993 0.7207714843749999 0.41102880625000004 0.7858040359375 0.41828189375000013 0.7858040359375
1 0.33829218125000005 0.8427408859375 0.33129629687500006 0.8427408859375 0.33129629687500006 0.9134700515624999 0.33829218125000005 0.9134700515624999
1 0.3516512343750001 0.8437955734375 0.34507716093750007 0.8437955734375 0.34507716093750007 0.9134700515624999 0.3516512343750001 0.9134700515624999
1 0.36480452656250006 0.84458984375 0.3576028812500001 0.84458984375 0.3576028812500001 0.91228515625 0.36480452656250006 0.91228515625
1 0.3780864203125001 0.8448209640625001 0.37138888906250006 0.8448209640625001 0.37138888906250006 0.9122884109375 0.3780864203125001 0.9122884109375
1 0.3915303500000001 0.8444108078125 0.3852700625000001 0.8444108078125 0.3852700625000001 0.9118782546875 0.3915303500000001 0.9118782546875
1 0.40514146093750014 0.8435807296875 0.3983359046875001 0.8435807296875 0.3983359046875001 0.911875 0.40514146093750014 0.911875
1 0.4186985593750002 0.8442740890625 0.4114043203125002 0.8442740890625 0.4114043203125002 0.907744140625 0.4186985593750002 0.907744140625
1 0.3375874484375001 0.474951171875 0.3304269546875001 0.474951171875 0.3304269546875001 0.542509765625 0.3375874484375001 0.542509765625
1 0.3502546296875001 0.4746028640625 0.3438503093750001 0.4746028640625 0.3438503093750001 0.5419856765625 0.3502546296875001 0.5419856765625
1 0.36395318906250007 0.4747819015625 0.3566538062500001 0.4747819015625 0.3566538062500001 0.545126953125 0.36395318906250007 0.545126953125
1 0.37689557656250006 0.47425130156249995 0.3704912546875001 0.47425130156249995 0.3704912546875001 0.54146484375 0.37689557656250006 0.54146484375
1 0.39066100781250007 0.47443033906250004 0.3839171812500001 0.47443033906250004 0.3839171812500001 0.5419889328124999 0.39066100781250007 0.5419889328124999
1 0.4052546296875 0.47425455781250003 0.3975437250000001 0.47425455781250003 0.3975437250000001 0.540419921875 0.4052546296875 0.540419921875
1 0.41764403281250007 0.47408203125000004 0.4111728390625 0.47408203125000004 0.4111728390625 0.5409440109375 0.41764403281250007 0.5409440109375
1 0.33693158437500004 0.3500390625 0.3298482515625 0.3500390625 0.32984825156250003 0.4177604171875 0.3369315843750001 0.4177604171875
1 0.349873971875 0.3487630203125 0.343294753125 0.3487630203125 0.343294753125 0.41721354218749995 0.3498739718750001 0.41721354218749995
1 0.362453703125 0.3483919265625 0.35652777812499997 0.3483919265625 0.356527778125 0.41693359374999994 0.3624537031250001 0.41693359374999994
1 0.3776311734375001 0.3491276046875001 0.3710519546875 0.3491276046875001 0.3710519546875001 0.4169401046875 0.3776311734375001 0.4169401046875
1 0.38890946562500006 0.3476627609375001 0.3829835390625 0.3476627609375001 0.38298353906250004 0.41666015625 0.3889094656250001 0.41666015625
1 0.404308128125 0.3494921875000001 0.3968647125 0.3494921875000001 0.39686471250000005 0.41721354218749995 0.404308128125 0.41721354218749995
1 0.418472221875 0.3494921875000001 0.40987139843750003 0.3494921875000001 0.40987139843750003 0.4169401046875 0.418472221875 0.4169401046875
1 0.518233025 0.4848567703125 0.48724022656250005 0.4848567703125 0.48724022656250005 0.5017968749999999 0.518233025 0.5017968749999999
2 0.5427494859375 0.71765625 0.51779578125 0.71765625 0.51779578125 0.7404557296875 0.5427494859375002 0.7404557296875
0 0.7726722922940004 0.8549511701636714 0.7506945190354735 0.8530967942098338 0.7482327945884024 0.8822727666499061 0.7702105678469293 0.8841271426037437
0 0.838477365625 0.8541666671874999 0.8163580250000001 0.8541666671874999 0.8163580250000001 0.880859375 0.838477365625 0.880859375
0 0.9201701099291443 0.9153805943801269 0.9191558472280927 0.8884233847676505 0.8963339524501361 0.8892820566025087 0.8973482151511876 0.916239266214985
0 0.921753444406146 0.8454132748385541 0.9164312732018285 0.818469777054409 0.893286010782749 0.8230416797134499 0.8986081819870664 0.849985177497595
0 0.7710905343750001 0.7089843750000002 0.7469135796875 0.7089843750000002 0.7469135796875002 0.7402343750000002 0.7710905343750002 0.7402343750000002
0 0.6754411304365602 0.713074829223159 0.6507874322212646 0.7101529106180569 0.647310883164327 0.7394863051659917 0.6719645813796224 0.7424082237710937
0 0.8379629625 0.7089843750000002 0.8163580250000001 0.7089843750000002 0.8163580250000001 0.7382812500000002 0.8379629625 0.7382812500000002
0 0.9202674890625 0.6829427078125001 0.896090534375 0.6829427078125001 0.896090534375 0.7115885421875002 0.9202674890625 0.7115885421875002
0 0.9223899683429423 0.647501463618142 0.9149449593136014 0.6216185775769734 0.8919193778359287 0.6282417053740218 0.8993643868652695 0.6541245914151904
0 0.7693178364582403 0.5058089295034109 0.747772244560651 0.504957745970705 0.7466808268931274 0.532584266868638 0.7682264187907166 0.533435450401344
0 0.8389917703125 0.5026041671875002 0.8132716046875 0.5026041671875002 0.8132716046875 0.5345052078125001 0.8389917703125 0.5345052078125001
0 0.7721007210973343 0.39443698977771946 0.7665038237431103 0.3661026862965972 0.7431110186934625 0.3707234855612581 0.7487079160476865 0.39905778904238043
0 0.8428827258991379 0.37224151635204983 0.8219451251351062 0.362788207013415 0.8091982091902203 0.39102063096847794 0.8301358099542521 0.40047394030711275
0 0.9210497381245236 0.4547121926672883 0.9005255472662113 0.4493066441620758 0.8925490493559194 0.4795924080089625 0.9130732402142318 0.48499795651417515
0 0.9180836241991814 0.41055801314594315 0.9144017668067498 0.3858304960602596 0.8953365484836805 0.388669253173555 0.8990184058761121 0.41339677025923854
0 0.9179244216991103 0.3186454393881578 0.8969102697533426 0.3165699683693467 0.8941670938376071 0.3443446349316667 0.9151812457833748 0.3464201059504779
2 0.9416434313135866 0.4335054762368423 0.9299338439734621 0.42519108889284496 0.9083750451870902 0.45555347482612074 0.9200846325272147 0.46386786217011816
0 0.9164520231989213 0.25707715599654307 0.9139761124150031 0.23357533896422927 0.8953216970716358 0.23554057714359344 0.8977976078555543 0.25904239417590724
0 0.771096549826811 0.19274449759271872 0.7660437509217825 0.16236848052418293 0.7430973384086805 0.166185426233653 0.748150137313709 0.19656144330218878
0 0.6744721783131287 0.23376168766742325 0.6508038042329215 0.23121156074192095 0.6472733206656234 0.2639788731918201 0.6709416947458307 0.2665290001173224
0 0.8384007702837772 0.19434309138253436 0.8358095483678245 0.1615479257267194 0.8104534423732307 0.16355137032724273 0.8130446642891835 0.1963465359830577
0 0.9170228455170311 0.19085664609968983 0.915897475481288 0.16379500358695676 0.8943838886350204 0.16468965534310034 0.8955092586707634 0.1917512978558334