2 0.8391438796875 0.7884063781250001 0.6166803390625002 0.7884063781250001 0.6166803390625002 0.8727654328125001 0.8391438796875 0.8727654328125001
2 0.7984508524670204 0.5366062762082218 0.7111505633095957 0.5204486456969867 0.651360923097708 0.8434943345736275 0.7386612122551327 0.8596519650848627
2 0.6216223480780323 0.7746214501924357 0.5500316967822093 0.7682838422136613 0.5483508148374968 0.7872713582569982 0.6199414661333198 0.7936089662357727
1 0.6446400231460447 0.6870944668284311 0.527211481937036 0.6543733074504778 0.5167876892541722 0.691781846508497 0.6342162304631809 0.7245030058864502
2 0.6616193037486863 0.5430972210524481 0.6201513663359944 0.5339948767339291 0.5771880387953432 0.7297247365538878 0.618655976208035 0.7388270808724067
2 0.5044707160386357 0.7393680260179447 0.48671953248576144 0.738771595726159 0.4842403523846258 0.8125578900207143 0.5019915359375001 0.8131543203125
2 0.48451633314566206 0.5366047391237367 0.45376139407457183 0.5364841655501199 0.4525723565078592 0.8397743212664132 0.4833272955789495 0.8398948948400298
2 0.4355915172042004 0.8897173483211545 0.43543681763569164 0.8366530862499679 0.13329147232095975 0.837533938121316 0.1334461718894685 0.8905982001925026
2 0.28245202966386895 0.8555713568747618 0.1961631365828171 0.7674607821708277 0.1566177865274178 0.8061885341375931 0.24290667960846965 0.8942991088415273
2 0.32322276918673054 0.7324910929696812 0.24525277512746096 0.7324145387182182 0.2452383387532305 0.7471178894985371 0.32320833281250005 0.74719444375
2 0.0980201828125001 0.8284166671875001 0.07086132812500011 0.8284166671875001 0.07086132812500011 0.8430977359374999 0.0980201828125001 0.8430977359374999
2 0.1300723130707892 0.8196484903960799 0.12400089461984942 0.7359456407947385 0.1023371862329153 0.7375170262307499 0.10840860468385509 0.8212198758320914
2 0.20127293637212812 0.5333673886144947 0.16131129544277548 0.533067799294092 0.1598180549176508 0.7322482694321667 0.19977969584700347 0.7325478587525696
1 0.36370574319336724 0.641986123484163 0.3635355682431566 0.6210258918397753 0.28161965150833557 0.6216909625932056 0.2817898264585462 0.6426511942375932
1 0.3110824243786891 0.5887294356913758 0.3107522928464882 0.5381089487316391 0.2792061720506689 0.5383146830068071 0.2795363035828698 0.5889351699665439
2 0.37354397562885716 0.5745857559770741 0.34405734622108086 0.5292823865769842 0.31900878842106206 0.5455857554175136 0.3484954178288383 0.5908891248176035
2 0.42737757562606216 0.5369032427970074 0.3886771232133975 0.5299061522634344 0.37263965103335217 0.6186083672691248 0.41134010344601685 0.6256054578026979
2 0.37582942656250007 0.66377520625 0.35939561092679256 0.6636661632942549 0.3588409234267926 0.7472628711067549 0.3752747390625001 0.7473719140624999
1 0.45736817494696336 0.6428744816331542 0.4544065905627723 0.62590018047097 0.3733801027366976 0.640037244421865 0.37634168712088867 0.6570115455840493
2 0.4570202254277559 0.535788671758562 0.41146740188509795 0.5336273202345259 0.40238898042679594 0.7249648820040303 0.44794180396945393 0.7271262335280666
1 0.6647073128145655 0.5393097595895694 0.6503925421717107 0.5392282545104011 0.6501001970732252 0.5905729446338969 0.6644149677160801 0.590654449713065
1 0.6996809890625001 0.5390185187500001 0.6532042281447347 0.5382671907527155 0.6519310725005066 0.61702393973816 0.6984078334182721 0.6177752677354447
1 0.7330949318084744 0.6448192345352097 0.7326133273665874 0.539275665380577 0.6507724266934518 0.5396491124944837 0.6512540311353389 0.6451926816491165
1 0.6094493512180393 0.3598736296044999 0.4782413193990882 0.3453513661263184 0.47014094928968164 0.41853786495669143 0.6013489811086328 0.4330601284348729
1 0.594654666773071 0.4819306398292282 0.5943888600982999 0.4527581720658859 0.07082254001511826 0.45752867772527495 0.0710883466898892 0.4867011454886172
2 0.8444690953831329 0.5183181716179512 0.8442223416339789 0.477106328081162 0.18639999999674145 0.48104500480964224 0.18664675374589526 0.5222568483464315
1 0.45140624999999995 0.431901234375 0.45131540849102 0.398735164263663 0.43333388732535133 0.3987844154565527 0.4334247288343313 0.4319504855678897
1 0.43480975712018344 0.3980207760301012 0.43477852260830874 0.38395787615099974 0.2289733233006253 0.38441498137089847 0.2290045578125 0.39847788125
1 0.21885758860175564 0.3938942090397487 0.1947902520761147 0.3799034180570276 0.16998495304087508 0.4225741634235741 0.194052289566516 0.4365649544062952
2 0.130144389578218 0.40711688744988955 0.0711188043721547 0.40684517606724324 0.07100237658514974 0.4321375219207185 0.13002796179121304 0.4324092333033649
2 0.15525727515303095 0.45539400139031744 0.14392903593749998 0.44540020625 0.088536343596969 0.5081893329846826 0.09986458281249999 0.518183128125
1 0.09384179687500008 0.5365349796875 0.08342244767726147 0.5362255204806671 0.081867058066504 0.5885947734716372 0.09228640726424261 0.5889042326784703
1 0.08924702453040469 0.6152150878698557 0.08895878884409684 0.6064309188711385 0.07090121743869215 0.6070234435012828 0.071189453125 0.6158076125
1 0.08689487549213944 0.6476933716846407 0.07095883912879283 0.6476227077073401 0.07092447968750007 0.6553713984375 0.08686051605084669 0.6554420624148006
2 0.42125707981824184 0.07469929608420556 0.3390044964901323 0.049848673582213746 0.23001713888241807 0.41058377036381233 0.3122697222105276 0.4354343928658041
2 0.502859375 0.07395833281250005 0.40594191368426075 0.032008427559841145 0.2492129969125818 0.394101467741717 0.346130458228321 0.4360513729943759
2 0.4740155056191341 0.17843867219522572 0.3951627010070855 0.1499183277732848 0.3023223236455137 0.4066026099788319 0.3811751282575623 0.43512295440077275
2 0.7675487378209573 0.4317016520755068 0.7580671573461533 0.34796852142243273 0.7331689259949058 0.35078789031973645 0.7426505064697099 0.4345210209728106
2 0.8309403214218699 0.25663762454938505 0.7253039742949773 0.13577562001348978 0.45435695248223495 0.37258994192644523 0.5599932996091276 0.49345194646234053
2 0.8112037765625001 0.18595370312499998 0.8068728476364067 0.17240007338765354 0.6259913374406705 0.23019897891209617 0.6303222663667638 0.24375260864944265
2 0.7485045578124999 0.10450771562500001 0.740923796747883 0.09169943940285678 0.6229092272670094 0.16154804649578175 0.6304899883316264 0.17435632271792495
1 0.7473124999999998 0.08384053437500008 0.7107628896604052 0.061902829321711296 0.7038058430672779 0.07349371093287091 0.7403554534068725 0.0954314159861597
2 0.2851714734739358 0.22981419475286816 0.2851421766220563 0.1831753424968429 0.26859505158562047 0.18318573680647476 0.2686243484375 0.2298245890625
2 0.3593802078125 0.10267901249999997 0.3489297558322589 0.08993482017208718 0.26552166898282836 0.15833085375003528 0.2759721209630695 0.17107504607794807
2 0.15415145231926766 0.07380662145470807 0.12269459070069785 0.07342261296105894 0.1216030009699888 0.1628424765085113 0.15305986258855858 0.16322648500216042
2 0.0922087559990749 0.10374966751013096 0.08213121134042885 0.0934883857724976 0.06254875690385396 0.11272019951236667 0.07262630156250002 0.12298148125000004
0 0.1451822921875001 0.838477365625 0.12044270781250008 0.838477365625 0.12044270781250008 0.8585390953125 0.1451822921875001 0.8585390953125
0 0.12389715740682974 0.8419396173611593 0.11752193302253075 0.8204232237680464 0.09168441611570406 0.8280787803138638 0.09805964050000304 0.8495951739069767
0 0.14648437500000008 0.8106995890625001 0.11979166718750009 0.8106995890625001 0.11979166718750009 0.8312757203125001 0.14648437500000008 0.8312757203125001
0 0.1354166671875001 0.720164609375 0.10611979218750009 0.720164609375 0.10611979218750009 0.74228395 0.1354166671875001 0.74228395
0 0.17878750385865155 0.7253242286642632 0.1466312361636864 0.7233862379772866 0.14497993944705095 0.7507855127110497 0.1771362071420161 0.7527235033980262
0 0.21289062500000008 0.7530864203125 0.17968750000000008 0.7530864203125 0.17968750000000008 0.777777778125 0.21289062500000008 0.777777778125
0 0.24791574377649708 0.7506945050194548 0.2462183045719762 0.7249146387223347 0.2132596782936806 0.7270847533275521 0.2149571174982015 0.7528646196246721
0 0.2757146412499466 0.832814180199253 0.26745763031087855 0.8067179362298971 0.23609247661048474 0.8166420623805346 0.24434948754955282 0.8427383063498904
0 0.30721182438978867 0.8621496461834532 0.3031467003744786 0.8364540357859231 0.27170701725439533 0.8414278896429801 0.27577214126970534 0.8671235000405101
0 0.34049479218750006 0.8112139921875 0.3079427078125001 0.8112139921875 0.3079427078125001 0.838477365625 0.34049479218750006 0.838477365625
0 0.3495158310108335 0.7437996302497581 0.3482757144183227 0.7186872598342743 0.3150519999238824 0.7203279364780049 0.3162921165163931 0.7454403068934888
0 0.38346354218750006 0.7458847734375 0.3509114578125001 0.7458847734375 0.3509114578125001 0.7726337453125 0.38346354218750006 0.7726337453125
0 0.4197945244188279 0.7425077670845676 0.41572948503177887 0.7168127224555386 0.38230497394114604 0.7221005885027834 0.3863700133281951 0.7477956331318123
0 0.3793779479458706 0.6510882533820834 0.35795017666986567 0.6489719310867162 0.3563275356788637 0.6654011772815763 0.37775530695486864 0.6675174995769435
0 0.3850836476387258 0.6202166279893317 0.3706925106309302 0.6072214551992315 0.35654663411323584 0.622886906544102 0.37093777112103143 0.6358820793342022
0 0.388736192150855 0.5784644777548098 0.37358188080144894 0.5640797202447114 0.36000996215330805 0.5783777075871015 0.3751642735027141 0.5927624650971999
0 0.10073606664923403 0.5084394774253307 0.07562653981593663 0.5062478035864177 0.07293350844389221 0.5371012737965662 0.0980430352771896 0.5392929476354792
0 0.13528368007289737 0.5089933014621209 0.10984151471156386 0.5073180977029356 0.1078827148115959 0.5370673808522188 0.1333248801729294 0.5387425846114041
0 0.16848120389553692 0.508724458365467 0.1436992476757776 0.5076042936103538 0.14235606811536988 0.5373201161349932 0.1671380243351292 0.5384402808901064
0 0.20396460419889836 0.5090193191109026 0.1786928857320292 0.5057105757630448 0.17469886009995536 0.5362163843772364 0.19997057856682451 0.5395251277250941
0 0.20285998688023543 0.45749839789712377 0.20143278809387807 0.42679131113951996 0.17722917189593143 0.4279162427208142 0.17865637068228882 0.458623329478418
0 0.16842030162392085 0.45783598182439417 0.16691221392740824 0.4268550473774426 0.14243096114148468 0.42804674403800924 0.1439390488379973 0.4590276784849608
0 0.13542886283650102 0.4576037919780617 0.13336608076961678 0.4262752791554877 0.10846349877292001 0.4279149548034452 0.11052628083980424 0.45924346762601925
0 0.09960937500000004 0.4269547328125 0.07552083281250005 0.4269547328125 0.07552083281250006 0.4583333328125 0.09960937500000006 0.4583333328125
0 0.2825520828125001 0.509259259375 0.26041666718750006 0.509259259375 0.26041666718750006 0.538580246875 0.2825520828125001 0.538580246875
0 0.3164062500000001 0.509259259375 0.29361979218750006 0.509259259375 0.29361979218750006 0.53806584375 0.3164062500000001 0.53806584375
0 0.35026041718750006 0.509259259375 0.3281250000000001 0.509259259375 0.3281250000000001 0.5375514406249999 0.35026041718750006 0.5375514406249999
0 0.3861234287586982 0.5384319437430442 0.3841677054875051 0.5075267124927659 0.3599158635672096 0.5090614006246462 0.3618715868384027 0.5399666318749244
0 0.4192708328125 0.50874485625 0.39518229218750006 0.50874485625 0.39518229218750006 0.538580246875 0.4192708328125 0.538580246875
0 0.4544270828125 0.50874485625 0.4296875 0.50874485625 0.4296875 0.538580246875 0.4544270828125 0.538580246875
0 0.4879753423778831 0.509308732108534 0.46427620262396757 0.5083089262286118 0.4629923142076212 0.5387418848843403 0.4866914539615367 0.5397416907642625
0 0.5213444356812966 0.5095620175557308 0.4978624169387037 0.5084189644148566 0.49636664516348106 0.539146967868445 0.519848663906074 0.5402900210093192
0 0.5228024992605975 0.4591265524776298 0.5210032912221066 0.4278514565790698 0.49669925553593763 0.4292496302734417 0.49849846357442856 0.4605247261720017
0 0.4869791671875 0.4290123453125 0.4641927078125 0.4290123453125 0.4641927078125 0.45987654375 0.4869791671875 0.45987654375
2 0.4821087234375 0.458933128125 0.36798828125000005 0.458598765625 0.3679439485171182 0.47372986160574565 0.4820643907046181 0.4740642241057456
0 0.4536461758230971 0.45803090674664154 0.4520559878583391 0.4291327009560371 0.4293947604800762 0.43037968532955395 0.4309849484448341 0.4592778911201584
0 0.4192708328125 0.4284979421875 0.3958333328125001 0.4284979421875 0.3958333328125001 0.45936214062499997 0.4192708328125 0.45936214062499997
0 0.38541666718750006 0.42952674843749994 0.3632812500000001 0.42952674843749994 0.3632812500000001 0.45987654375 0.38541666718750006 0.45987654375
0 0.3509114578125001 0.4290123453125 0.3281250000000001 0.4290123453125 0.3281250000000001 0.4583333328125 0.3509114578125001 0.4583333328125
0 0.31705729218750006 0.4284979421875 0.2942708328125001 0.4284979421875 0.2942708328125001 0.45936214062499997 0.31705729218750006 0.45936214062499997
0 0.28385416718750006 0.42746913593749997 0.26041666718750006 0.42746913593749997 0.26041666718750006 0.45987654375 0.28385416718750006 0.45987654375
0 0.2337650970271456 0.38527534318071355 0.21129527725413988 0.38025680822833485 0.20722006118486447 0.3985030437296486 0.22968988095787018 0.4035215786820273
0 0.4541363242526687 0.3846211726336505 0.4319000281109405 0.3834498784027405 0.43089844386419046 0.4024643355168346 0.4531347400059187 0.4036356297477446
0 0.4960145712336428 0.3501921234023785 0.4940130494934746 0.32359376725770816 0.46008703656159355 0.3261466939149443 0.46208855830176176 0.35274505005961465
0 0.4420964333873205 0.8362455479189552 0.4392586187492206 0.8115810728255465 0.40905943943782486 0.8150556926090171 0.41189725407592476 0.839720167702426
0 0.4765324465481161 0.840606204331112 0.44610577929310696 0.838316602836173 0.4441427483443925 0.8644034522813018 0.47456941559940163 0.8666930537762407
0 0.5141012491872294 0.8258227701567901 0.49219396894177586 0.8065900416805878 0.4735762898387435 0.8277967422345277 0.495483570084197 0.84702947071073
0 0.5289854238659562 0.73013635346521 0.49685150981836246 0.7253002067459418 0.4931312533246996 0.7500195565386328 0.5252651673722932 0.7548557032579011
0 0.5611979171875002 0.7546296296875 0.5299479171875002 0.7546296296875 0.5299479171875002 0.7793209875 0.5611979171875002 0.7793209875
0 0.5956732685978082 0.7512365448822693 0.5931187130048309 0.7249971478739952 0.5615668057928713 0.7280689067643384 0.5641213613858487 0.7543083037726126
0 0.644280151001668 0.7697160690797937 0.61705719262611 0.7679027005666933 0.6155504277609654 0.7905228116523638 0.6427733861365232 0.7923361801654643
0 0.6451798376096197 0.723365124531013 0.6172647175993091 0.7209144152031318 0.6152779273715757 0.7435452049959135 0.6431930473818863 0.7459959143237945
0 0.6305551473830305 0.8136011858098197 0.6041391399614809 0.8124416357923121 0.6032577051739927 0.8325218285708453 0.6296737125955423 0.8336813785883528
0 0.6289062500000002 0.8389917703125 0.6035156250000002 0.8389917703125 0.6035156250000002 0.8600823046875 0.6289062500000002 0.8600823046875
0 0.6554021657009328 0.8272318265998265 0.6285899906212522 0.8252356980624924 0.6271068557290965 0.8451572971236286 0.6539190308087771 0.8471534256609627
0 0.841796875 0.4305555562500002 0.8203125 0.4305555562500002 0.8203125 0.45936214062500014 0.841796875 0.45936214062500014
0 0.8092447921874999 0.43004115156250017 0.7864583328125 0.43004115156250017 0.7864583328125 0.45936214062500014 0.8092447921874999 0.45936214062500014
0 0.7757119912644035 0.4585604675769238 0.7743675853486229 0.4296348138672529 0.75088517843289 0.43072622867471566 0.7522295843486705 0.4596518823843866
0 0.7404604368331431 0.45874786141030366 0.7393822051817803 0.42978205816733395 0.7166463994933238 0.4306283825418696 0.7177246311446865 0.4595941857848393
0 0.7057291671875 0.4300411515625 0.6842447921875 0.4300411515625 0.6842447921875 0.45936214062499997 0.7057291671875 0.45936214062499997
0 0.6727779310244777 0.4587282563686507 0.6716449176718489 0.42918600736263607 0.6488328269485278 0.4300609036302032 0.6499658403011567 0.45960315263621787
0 0.6373697921875 0.42952674843749994 0.6158854171875 0.42952674843749994 0.6158854171875 0.45936214062499997 0.6373697921875 0.45936214062499997
0 0.6028645828125 0.4300411515625 0.58203125 0.4300411515625 0.58203125 0.45936214062499997 0.6028645828125 0.45936214062499997
0 0.6041666671875 0.5097736625 0.5807291671875 0.5097736625 0.5807291671875 0.539609053125 0.6041666671875 0.539609053125
0 0.6393107873294986 0.5104318184814545 0.6165130187934322 0.508508257489773 0.6140214097394143 0.538038450055289 0.6368191782754806 0.5399620110469706
0 0.6721127730196368 0.510073328223875 0.6493960891786432 0.5092277157222065 0.6482888263528555 0.5389734201585517 0.6710055101938489 0.5398190326602201
0 0.7057291671875 0.5097736625 0.68359375 0.5097736625 0.68359375 0.539609053125 0.7057291671875 0.539609053125
0 0.741353050890282 0.5387270820067205 0.739832660421651 0.5098634098231074 0.7156493764674374 0.5111372614034013 0.7171697669360684 0.5400009335870145
0 0.775390625 0.5102880656250002 0.7506510421875 0.5102880656250002 0.7506510421875 0.5396090531250002 0.775390625 0.5396090531250002
0 0.8086001412359767 0.5107660864309116 0.7858860303304638 0.5094841616438145 0.7841992770907594 0.5393713286153152 0.8069133879962724 0.5406532534024124
0 0.8433068911769436 0.5390006627459544 0.8422592312405264 0.508372728089201 0.8175134109566745 0.5092191842670568 0.8185610708930916 0.5398471189238101
0 0.8489795144869671 0.7711495497565963 0.8221772576904851 0.7687965403224566 0.8202303028381588 0.790973580144773 0.8470325596346407 0.7933265895789128
0 0.849609375 0.7227366250000002 0.8209635421874999 0.7227366250000002 0.8209635421874999 0.7448559671875001 0.849609375 0.7448559671875001
1 0.2808626296875001 0.6625257203125 0.2138509109375001 0.6625257203125 0.2138509109375001 0.667206790625 0.2808626296875001 0.667206790625
1 0.28178710937500007 0.648752571875 0.2138509109375001 0.648752571875 0.2138509109375001 0.65426183125 0.28178710937500007 0.65426183125
1 0.28225260468750013 0.6358950625 0.21315104218750008 0.6358950625 0.21315104218750008 0.6421399171875 0.28225260468750013 0.6421399171875
1 0.2813248703125001 0.62193415625 0.21315429687500007 0.62193415625 0.21315429687500007 0.628364196875 0.2813248703125001 0.628364196875
1 0.2810904953125001 0.6072453703125 0.2141959640625001 0.6072453703125 0.2141959640625001 0.614318415625 0.2810904953125001 0.614318415625
1 0.2817903640625001 0.5958539093749999 0.2141992187500001 0.5958539093749999 0.2141992187500001 0.601090534375 0.2817903640625001 0.601090534375
1 0.2792285156250001 0.5817181062500001 0.2141959640625001 0.5817181062500001 0.2141959640625001 0.5889711937500001 0.2792285156250001 0.5889711937500001
1 0.1572591140625001 0.66170781875 0.08652994843750009 0.66170781875 0.08652994843750009 0.668703703125 0.1572591140625001 0.668703703125
1 0.15620442656250008 0.648348765625 0.08652994843750009 0.648348765625 0.08652994843750009 0.6549228390625 0.15620442656250008 0.6549228390625
1 0.1554101562500001 0.6351954734375 0.08771484375000009 0.6351954734375 0.08771484375000009 0.64239711875 0.1554101562500001 0.64239711875
1 0.1551790359375001 0.6219135796875 0.08771158906250007 0.6219135796875 0.08771158906250007 0.6286111109375 0.1551790359375001 0.6286111109375
1 0.15558919218750009 0.60846965 0.08812174531250007 0.60846965 0.08812174531250007 0.6147299375 0.15558919218750009 0.6147299375
1 0.15641927031250008 0.5948585390625001 0.08812500000000006 0.5948585390625001 0.08812500000000006 0.6016640953125 0.15641927031250008 0.6016640953125
1 0.15572591093750007 0.581301440625 0.09225585937500007 0.581301440625 0.09225585937500007 0.5885956796875 0.15572591093750007 0.5885956796875
1 0.525048828125 0.6624125515625 0.45749023437499997 0.6624125515625 0.45749023437499997 0.6695730453125 0.525048828125 0.6695730453125
1 0.5253971359375 0.6497453703125 0.4580143234375 0.6497453703125 0.4580143234375 0.6561496906250001 0.5253971359375 0.6561496906250001
1 0.5252180984375 0.6360468109374999 0.45487304687499996 0.6360468109374999 0.45487304687499996 0.64334619375 0.5252180984375 0.64334619375
1 0.5257486984375 0.6231044234375 0.45853515624999996 0.6231044234375 0.45853515624999996 0.6295087453125 0.5257486984375 0.6295087453125
1 0.5255696609375 0.6093389921875 0.45801106718750006 0.6093389921875 0.45801106718750006 0.61608281875 0.5255696609375 0.61608281875
1 0.5257454421875 0.5947453703125001 0.459580078125 0.5947453703125001 0.459580078125 0.602456275 0.5257454421875 0.602456275
1 0.52591796875 0.5823559671874999 0.4590559890625 0.5823559671874999 0.4590559890625 0.5888271609375 0.52591796875 0.5888271609375
1 0.6499609375000001 0.663068415625 0.5822395828125 0.663068415625 0.5822395828125 0.6701517484374999 0.6499609375000001 0.6701517484374999
1 0.6512369796875 0.6501260281250001 0.5827864578125 0.6501260281250001 0.5827864578125 0.656705246875 0.6512369796875 0.656705246875
1 0.6516080734374999 0.637546296875 0.5830664062500001 0.637546296875 0.5830664062500001 0.643472221875 0.6516080734374999 0.643472221875
1 0.6508723953125 0.6223688265625 0.5830598953125 0.6223688265625 0.5830598953125 0.6289480453125 0.6508723953125 0.6289480453125
1 0.6523372390625 0.6110905343749999 0.5833398437499999 0.6110905343749999 0.5833398437499999 0.6170164609375 0.6523372390625 0.6170164609375
1 0.6505078125 0.595691871875 0.5827864578125 0.595691871875 0.5827864578125 0.6031352875 0.6505078125 0.6031352875
1 0.6505078125 0.581527778125 0.5830598953125 0.581527778125 0.5830598953125 0.5901286015625 0.6505078125 0.5901286015625
1 0.5151432296875 0.48176697500000004 0.498203125 0.48176697500000004 0.498203125 0.5127597734375 0.5151432296875 0.5127597734375
2 0.28234375000000006 0.4572505140625 0.25954427031250005 0.4572505140625 0.25954427031250005 0.48220421875 0.28234375000000006 0.48220421875
0 0.1468802169235563 0.24935143983532412 0.1451473987387057 0.22742045343297704 0.11595150379771205 0.22972728891901464 0.11768432198256265 0.25165827532136176
0 0.1458333328125 0.161522634375 0.119140625 0.161522634375 0.11914062500000003 0.18364197499999999 0.14583333281250002 0.18364197499999999
0 0.11170403426016762 0.08121125538186079 0.08501525996558593 0.07960277880113117 0.08363490280944687 0.1025064635842787 0.11032367710402854 0.1041149401650083
0 0.181530222945591 0.08356872679817162 0.15458672516144614 0.07824655559385411 0.1500148225024051 0.10139181801293362 0.17695832028655004 0.10671398921725114
0 0.291015625 0.228909465625 0.259765625 0.228909465625 0.259765625 0.2530864203125 0.291015625 0.2530864203125
0 0.29011085804752657 0.3486670286434273 0.28577944248653236 0.32356977427355726 0.2572724810897179 0.3284896549254846 0.26160389665071204 0.35358690929535463
0 0.291015625 0.16203703750000004 0.26171875 0.16203703750000004 0.26171875 0.18364197500000004 0.291015625 0.18364197500000004
0 0.3170572921875 0.07973251093750004 0.2884114578125 0.07973251093750004 0.2884114578125 0.10390946562500006 0.3170572921875 0.10390946562500006
0 0.37809709786281115 0.08451878075064304 0.3507231187371061 0.07882698659145634 0.3460231178327724 0.10143105888355952 0.37339709695847745 0.1071228530427462
0 0.49521791454950215 0.25194695336756334 0.4936814267825674 0.23009470011314032 0.46640021316258984 0.23201291195638568 0.46793670092952466 0.2538651652108087
0 0.4973958328125 0.16100822968750003 0.4654947921875 0.16100822968750003 0.4654947921875 0.18672839531250005 0.4973958328125 0.18672839531250005
0 0.6338973137034027 0.23349617625688968 0.6055630102222805 0.2278992789026658 0.6009422109576196 0.25129208395231367 0.6292765144387418 0.2568889813065376
0 0.6371976785242424 0.17742420111148433 0.6270886306522643 0.15665697047712707 0.5992742900134644 0.1701964021902777 0.6093833378854425 0.190963632824635
0 0.5483011822714439 0.08377382173325137 0.5204601001008855 0.07790109260951837 0.5155215844693649 0.10131331146056484 0.5433626666399233 0.10718604058429784
0 0.6142817608390079 0.08618213376351432 0.5897216176816164 0.08161612157206558 0.5861763288410452 0.1006858913860407 0.6107364719984367 0.10525190357748944
0 0.6822916671875 0.08281892968750008 0.654296875 0.08281892968750008 0.654296875 0.1039094656250001 0.6822916671875 0.1039094656250001
2 0.5746282546874999 0.069811728125 0.5662582507796338 0.058260536899131486 0.5362094341955695 0.08003393734913238 0.5445794381034357 0.0915851285750009
0 0.7660980091217736 0.08558402075606883 0.7425636244806948 0.08372241277100481 0.7410876469720773 0.10238167008408075 0.7646220316131561 0.10424327806914475
0 0.837631519475817 0.23395624907821766 0.8072555024072814 0.22890345017318886 0.8034385566978113 0.25184986268629084 0.8338145737663469 0.25690266159131964
0 0.767578125 0.32664609062500005 0.734375 0.32664609062500005 0.734375 0.3503086421875001 0.767578125 0.3503086421875001
0 0.8384520742732805 0.16419045163217566 0.8056569086174659 0.16159922971622315 0.8036534640169426 0.18695533571081674 0.8364486296727573 0.18954655762676925
0 0.8362049964130431 0.08410252451871225 0.8091433539003103 0.08297715448296908 0.8082487021441667 0.10449074132923682 0.8353103446568995 0.10561611136497999