2 0.21615773271866612 0.836537951730017 0.14796765944635745 0.6141882331885735 0.08351775472030147 0.6339536898506827 0.15170782799261012 0.8563034083921262
2 0.47408566831159493 0.7611139916613222 0.15746748803558136 0.649669506707278 0.12869415189989547 0.7314156903027034 0.44531233217590904 0.8428601752567477
2 0.23171615778633886 0.5500316967822093 0.2127286417430018 0.5483508148374968 0.2063910337642274 0.6199414661333199 0.22537854980756444 0.6216223480780324
1 0.3456266925495223 0.5272114819370362 0.30821815349150306 0.5167876892541724 0.27549699411354983 0.6342162304631808 0.31290553317156905 0.6446400231460446
2 0.4658985961768643 0.620093382397366 0.26984157542219783 0.5786167162487235 0.26124811181576274 0.6192373598318736 0.45730513257042915 0.6607140259805162
2 0.2610135851066441 0.4865247820551203 0.18689706068678338 0.4862823643648877 0.18683951937154636 0.5038749843251996 0.260956043791407 0.5041174020154322
2 0.4646452819047685 0.46680691684054054 0.16113615002116155 0.4451389587756016 0.1590776004895172 0.47397363620188704 0.46258673237312414 0.49564159426682597
2 0.163379123929506 0.4354238852669079 0.15835108090113142 0.13304662067602757 0.1053789184836312 0.1339274617415806 0.1104069615120058 0.4363047263324609
2 0.23253921782917236 0.19616313658281698 0.19381146586240697 0.15661778652741773 0.10570089115847278 0.24290667960846965 0.14442864312523818 0.28245202966386895
2 0.26758546128178173 0.24525277512746085 0.2528821105014631 0.24523833875323042 0.25280555625000006 0.32320833281250005 0.2675089070303187 0.3232227691867305
2 0.1715833328125 0.07086132812500003 0.15690226406250002 0.07086132812500003 0.15690226406250002 0.09802018281250002 0.1715833328125 0.09802018281250002
2 0.26405435920526144 0.12400089461984942 0.2624829737692499 0.1023371862329153 0.17878012416790856 0.10840860468385508 0.18035150960392005 0.1300723130707892
2 0.46875454463033234 0.17790561929327112 0.2695287091451149 0.15930179671059913 0.2659599344415352 0.19751932532976646 0.46518576992675265 0.21612314791243845
1 0.37935769193717184 0.3620934587058267 0.3648959196934549 0.2804685844988354 0.3486600874986128 0.28334514522459636 0.3631218597423297 0.3649700194315877
1 0.461891051268361 0.3107522928464882 0.4616853169931929 0.27920617205066883 0.4110648300334561 0.27953630358286974 0.4112705643086242 0.31108242437868905
2 0.4707176134230159 0.34405734622108103 0.4544142445824864 0.31900878842106206 0.4091108751823965 0.3484954178288383 0.425414244022926 0.37354397562885727
2 0.4700936375714947 0.4031678735598326 0.3835953379788981 0.37199813069750826 0.3718539053090138 0.4045814588697003 0.45835220490161044 0.43575120173202464
2 0.3365138263303629 0.36040437621381805 0.25293606965423837 0.35883830711666864 0.2526280859375 0.37527473906250003 0.3362058426136246 0.3768408081596494
1 0.37020341626490627 0.4555702125063396 0.362110952750692 0.3738792802650844 0.34320364167991674 0.3757522754775796 0.35129610519413096 0.4574432077188349
2 0.4672748379524142 0.4339262985606691 0.27690066652422907 0.40176472576301914 0.27018246067728846 0.44153183788910155 0.4605566321054736 0.4736934106867515
1 0.4608485994499782 0.6524476654316822 0.40943827187500015 0.6501002609375001 0.40879032634377427 0.6642908668145964 0.4602006539187523 0.6666382713087785
1 0.46119840381268284 0.6523867877228102 0.38293947836305964 0.6520278404062163 0.3827225558003769 0.6993220417459063 0.46098148125000005 0.6996809890625001
1 0.4607243346194231 0.7326133273665874 0.4603508875055164 0.6507724266934518 0.3548073183508837 0.6512540311353389 0.35518076546479044 0.7330949318084744
1 0.6546486338736818 0.47824131939908837 0.5814621350433088 0.47014094928968175 0.5669398715651273 0.6013489811086329 0.6401263703955002 0.6094493512180394
1 0.5474727567161581 0.5942433057635091 0.5335573619705717 0.07067185119135741 0.5045400502697267 0.07144306845930978 0.5184554450153132 0.5950145230314615
2 0.5191009243091692 0.18660693861036498 0.47786726755653863 0.18652944452056455 0.47663119079981336 0.8442307587493401 0.5178648475524439 0.8443082528391406
1 0.6012181062499999 0.43425455781250005 0.568577515445266 0.43338732108310235 0.5680987656250001 0.45140625000000006 0.6007393564297341 0.45227348672939777
1 0.6155948831999304 0.22903581423415567 0.6015221187500001 0.2290045578125001 0.6010651475655615 0.4347494095383925 0.6151379120154918 0.4347806659600481
1 0.6116121406249999 0.2093854171875001 0.5929422288253051 0.17024956036107808 0.5639346920594933 0.18408771791940395 0.5826046038591881 0.22322357474582594
2 0.592932824534244 0.12994131908352663 0.5926620374999999 0.07111653593749999 0.5674976337921046 0.07123237477079696 0.5677684208263487 0.1300571579168236
2 0.5545997937500001 0.14392903593749995 0.4912302139987498 0.08900397517455294 0.4813595903775461 0.10039216959928099 0.5447291701287964 0.155317230362228
1 0.46356810643657154 0.08339089604610495 0.41130500605980036 0.0828753806337964 0.41120191993572874 0.09332628146269151 0.4634650203124999 0.09384179687500005
1 0.393197319740435 0.08913762991399495 0.3929825109375 0.07108268281249999 0.38419236145071267 0.0711872636499991 0.3844071702536477 0.08924221075149405
1 0.35237729229265974 0.07095883912879275 0.34462860156249997 0.07092447968750001 0.34455793758519937 0.08686051605084663 0.3523066283153592 0.08689487549213937
2 0.9377212116705719 0.3076450622577933 0.5708467041427616 0.27688933516219766 0.562105616707056 0.38115876564141626 0.9289801242348663 0.411914492737012
2 0.9270180269759007 0.33322018012901905 0.5687161200054117 0.3311579705415507 0.5677397602170109 0.5007971654125317 0.9260416671874998 0.5028593750000001
2 0.8511716068793748 0.3982469062279967 0.597237421289759 0.2979484672400498 0.5644839705090265 0.3808731960112956 0.8184181560986424 0.4811716349992425
2 0.6520314785775672 0.7580671573461533 0.6492121096802634 0.7331689259949059 0.5654789790271894 0.74265050646971 0.568298347924493 0.7675487378209574
2 0.8605253885604588 0.7345338593298303 0.6346092508428136 0.4555388210855444 0.5067046315134187 0.5591095432639142 0.7326207692310638 0.8381045815082
2 0.8275856511009314 0.8067772123754512 0.7686044234375002 0.6263736984375001 0.7550650692115688 0.630800262624549 0.8140462968750001 0.8112037765625001
2 0.9082244197448933 0.740737485336245 0.8369038062499999 0.6238255203125 0.8241716708801066 0.631592592788755 0.895492284375 0.7485045578125
1 0.9380971706782889 0.7107628896604056 0.9265062890671294 0.7038058430672782 0.9045685840138404 0.7403554534068728 0.916159465625 0.7473125000000002
2 0.8168143000000002 0.2686536453125001 0.7701754109375 0.26862434843750005 0.7701650169501988 0.2851709603426028 0.816803906012699 0.2852002572176028
2 0.9088679156130745 0.3502283614754597 0.8417399379658967 0.26553267235195716 0.8289434372180793 0.2756749030256931 0.8960714148652569 0.36037059214919565
2 0.9265773870389411 0.12269459070069796 0.8371575234914888 0.12160300096998891 0.8367735149978397 0.1530598625885587 0.9261933785452922 0.15415145231926777
2 0.9060704734374998 0.08256445312500019 0.888125589308754 0.06262852034882789 0.8770185187499997 0.07262630156250012 0.8949634028787455 0.09256223433867242
0 0.161522634375 0.1204427078125 0.1414609046875 0.1204427078125 0.1414609046875 0.1451822921875 0.161522634375 0.1451822921875
0 0.1775553536374433 0.11974389519965796 0.17397206335813753 0.09253331712380783 0.1522297667577665 0.09539650363313956 0.15581305703707224 0.12260708170898968
0 0.19036789719015154 0.12100423939020162 0.16988501213133306 0.11915255276695873 0.16749150809211424 0.14562888386302586 0.18797439315093273 0.14748057048626875
0 0.279835390625 0.10611979218750005 0.25771605000000003 0.10611979218750005 0.25771605000000003 0.13541666718750006 0.279835390625 0.13541666718750006
0 0.2757201640625 0.14583333281250005 0.248456790625 0.14583333281250005 0.248456790625 0.17838541718750006 0.2757201640625 0.17838541718750006
0 0.2469135796875 0.17968750000000006 0.222222221875 0.17968750000000006 0.222222221875 0.212890625 0.2469135796875 0.212890625
0 0.2748922118289462 0.2463974236821776 0.2730291641610959 0.21338653897525459 0.24724415755600493 0.21484177705347074 0.24910720522385515 0.24785266176039372
0 0.193103431038133 0.2677226483580749 0.18351836176680317 0.2361817734182738 0.15740075968109854 0.24411874490908705 0.16698582895242836 0.27565961984888815
0 0.16354596421407686 0.30314670037447866 0.15857211035701996 0.27170701725439533 0.13287649995948989 0.2757721412697053 0.1378503538165468 0.3072118243897886
0 0.18878600781250005 0.3079427078125 0.16152263437500006 0.3079427078125 0.16152263437500006 0.3404947921875 0.18878600781250005 0.3404947921875
0 0.28034979375 0.3157552078125 0.2551440328125 0.3157552078125 0.2551440328125 0.3489583328125 0.28034979375 0.3489583328125
0 0.2541152265625001 0.3509114578125 0.22736625468750002 0.3509114578125 0.22736625468750007 0.3834635421875 0.2541152265625001 0.3834635421875
0 0.283394023878866 0.4153501998473641 0.27733704333515125 0.3821314679715755 0.2517551360717213 0.3867959781986695 0.257812116615436 0.4200147100744582
0 0.35102806891328375 0.3579501766698655 0.3345988227184237 0.3563275356788637 0.33248250042305677 0.3777553069548687 0.34891174661791674 0.37937794794587043
0 0.3927785448007686 0.37069251063093017 0.3771130934558982 0.35654663411323584 0.36411792066579807 0.37093777112103143 0.3797833720106685 0.38508364763872577
0 0.4357826559392784 0.3741726499344718 0.4217711604516786 0.3599860076144831 0.40699365393805065 0.37458107254693274 0.4210051494256503 0.38876771486692147
0 0.4930359504980918 0.07521690739924386 0.46237518647027526 0.073878801849765 0.4612711441133482 0.0991763444805671 0.4919319081411647 0.10051445003004596
0 0.492361755089585 0.10966040066638719 0.4626067877995985 0.10840511195293585 0.4615430064044612 0.133620650240523 0.4912979736944477 0.13487593895397434
0 0.4923957063896463 0.1436992476757776 0.46267988386500686 0.14235606811536988 0.4615597191098937 0.1671380243351292 0.49127554163453313 0.16848120389553692
0 0.49228395 0.17708333281250005 0.46193415625 0.17708333281250005 0.46193415625 0.20312500000000008 0.49228395 0.20312500000000008
0 0.5731684495120317 0.20145834639220245 0.5721123264770165 0.1772587480201836 0.541391879585986 0.17859945504799493 0.5424480026210011 0.20279905342001375
0 0.5731449526225575 0.16691221392740824 0.5719532559619908 0.14243096114148468 0.5409723215150393 0.1439390488379973 0.5421640181756059 0.16842030162392085
0 0.5737247208445122 0.1333660807696168 0.5720850451965547 0.10846349877292003 0.5407565323739807 0.11052628083980427 0.5423962080219382 0.13542886283650105
0 0.5735435237185322 0.09932275159554162 0.5726466619286896 0.07522929781059697 0.5413840845546383 0.07639302515948793 0.5422809463444808 0.10048647894443256
0 0.490740740625 0.26041666718750006 0.46141975312500005 0.26041666718750006 0.46141975312500005 0.2825520828125001 0.490740740625 0.2825520828125001
0 0.490740740625 0.29361979218750006 0.46193415625 0.29361979218750006 0.46193415625 0.3164062500000001 0.490740740625 0.3164062500000001
0 0.490740740625 0.3281250000000001 0.462448559375 0.3281250000000001 0.462448559375 0.35026041718750006 0.490740740625 0.35026041718750006
0 0.49247328750723385 0.38416770548750523 0.49093859937535356 0.35991586356720967 0.46003336812507534 0.36187158683840276 0.46156805625695563 0.3861234287586983
0 0.49125514375 0.39518229218750006 0.46141975312500005 0.39518229218750006 0.46141975312500005 0.4192708328125 0.49125514375 0.4192708328125
0 0.49125514375 0.4296875 0.46141975312500005 0.4296875 0.46141975312500005 0.4544270828125 0.49125514375 0.4544270828125
0 0.4917590713348055 0.46440483911167185 0.4613227501995102 0.462901811245641 0.4601506391157343 0.4866370660325338 0.4905869602510296 0.48814009389856466
0 0.49125514375 0.4973958328125 0.46039094687500004 0.4973958328125 0.46039094687500004 0.5208333328125 0.49125514375 0.5208333328125
0 0.5721485434209301 0.5210032912221068 0.5707503697265582 0.49669925553593763 0.5394752738279982 0.49849846357442856 0.5408734475223702 0.5228024992605976
0 0.5709876546875 0.4641927078125 0.54012345625 0.4641927078125 0.54012345625 0.4869791671875 0.5709876546875 0.4869791671875
2 0.541401234375 0.36798828125000005 0.5262701383942543 0.3679439485171182 0.5259357758942544 0.4820643907046181 0.541066871875 0.4821087234375
0 0.570184242151696 0.43127273581419734 0.5416287290560665 0.4297668809794333 0.5404275805486853 0.45254425044459234 0.568983093644315 0.4540501052793564
0 0.5715020578125001 0.3958333328125001 0.5406378593750001 0.3958333328125001 0.5406378593750001 0.4192708328125 0.5715020578125001 0.4192708328125
0 0.5704732515625001 0.3632812500000001 0.54012345625 0.3632812500000001 0.54012345625 0.38541666718750006 0.5704732515625001 0.38541666718750006
0 0.5709876546875 0.3281250000000001 0.5416666671875 0.3281250000000001 0.5416666671875 0.3509114578125001 0.5709876546875 0.3509114578125001
0 0.571767246514595 0.29516878818352177 0.5410979731608501 0.2939925509573147 0.5402253435450909 0.31674554297797247 0.5708946168988358 0.31792178020417955
0 0.5725308640625 0.26041666718750006 0.54012345625 0.26041666718750006 0.54012345625 0.28385416718750006 0.5725308640625 0.28385416718750006
0 0.6180009806308476 0.23201241111710535 0.6138580554165021 0.20710630078301215 0.596944627200898 0.20991970951185457 0.6010875524152437 0.23482581984594778
0 0.6165501215972597 0.4319000281109407 0.5975356644831658 0.4308984438641906 0.5963643702522556 0.4531347400059188 0.6153788273663496 0.4541363242526689
0 0.6778857191433882 0.4920621168095741 0.6724771258232374 0.4592989526834338 0.6452421917244553 0.46379493732259436 0.6506507850446062 0.4965581014487347
0 0.1892378188291442 0.4132733277600874 0.16499484197548445 0.41020507716414645 0.16118321764943905 0.4403216264555937 0.18542619450309877 0.4433898770515345
0 0.16168339716382735 0.446105779293107 0.1355965477186985 0.4441427483443924 0.1333069462237592 0.47456941559940147 0.159393795668888 0.4765324465481161
0 0.19340995831941218 0.49219396894177586 0.1722032577654722 0.47357628983874367 0.15297052928927016 0.4954835700841972 0.17417722984321013 0.5141012491872294
0 0.27469979325405824 0.49685150981836246 0.24998044346136727 0.4931312533246996 0.245144296742099 0.5252651673722933 0.26986364653479 0.5289854238659564
0 0.24537037031250009 0.5299479171875 0.22067901250000008 0.5299479171875 0.22067901250000008 0.5611979171875 0.24537037031250009 0.5611979171875
0 0.2750028521260047 0.593118713004831 0.2719310932356615 0.5615668057928713 0.2456916962273874 0.5641213613858487 0.24876345511773063 0.5956732685978083
0 0.23231978019605246 0.6172838161522062 0.20975993302770032 0.6151867506276748 0.2072162223188776 0.642551524956491 0.22977606948722973 0.6446485904810225
0 0.27908558479686846 0.6172647175993091 0.25645479500408686 0.6152779273715757 0.2540040856762056 0.6431930473818863 0.27663487546898724 0.6451798376096198
0 0.1875583642076882 0.604139139961481 0.1674781714291551 0.6032577051739926 0.16631862141164744 0.6296737125955418 0.18639881419018053 0.6305551473830303
0 0.1610082296875001 0.603515625 0.1399176953125001 0.603515625 0.1399176953125001 0.62890625 0.1610082296875001 0.62890625
0 0.17627439481471358 0.6314894032422533 0.15639158505852174 0.6262527801524022 0.1495838593744227 0.6521008720098455 0.16946666913061453 0.6573374950996966
0 0.5694444437500001 0.8203125 0.5406378593750002 0.8203125 0.5406378593750002 0.841796875 0.5694444437500001 0.841796875
0 0.5699588484375002 0.7864583328125 0.5406378593750002 0.7864583328125 0.5406378593750002 0.8092447921874999 0.5699588484375002 0.8092447921874999
0 0.5706078703307887 0.7735735179714139 0.5686931707218627 0.7501243486771538 0.5397605295401144 0.7524867912891168 0.5416752291490405 0.7759359605833769
0 0.5702179418326659 0.7393822051817804 0.5693716174581304 0.7166463994933238 0.5404058142151608 0.7177246311446865 0.5412521385896965 0.7404604368331432
0 0.5699588484375 0.6842447921875 0.5406378593750001 0.6842447921875 0.5406378593750001 0.7057291671875 0.5699588484375 0.7057291671875
0 0.5708139926373639 0.6716449176718489 0.5699390963697967 0.6488328269485277 0.540396847363782 0.6499658403011565 0.5412717436313492 0.6727779310244777
0 0.5704732515625001 0.6158854171875 0.5406378593750001 0.6158854171875 0.5406378593750001 0.6373697921875 0.5704732515625001 0.6373697921875
0 0.5699588484375 0.58203125 0.5406378593750001 0.58203125 0.5406378593750001 0.6028645828125 0.5699588484375 0.6028645828125
0 0.49022633750000005 0.5807291671875 0.46039094687500004 0.5807291671875 0.46039094687500004 0.6041666671875 0.49022633750000005 0.6041666671875
0 0.49089521700664196 0.6161840053628318 0.4616016105616446 0.6149055656829614 0.46060513656468993 0.6377383340638867 0.4898987430096873 0.6390167737437571
0 0.49022633750000005 0.6490885421875 0.46039094687500004 0.6490885421875 0.46039094687500004 0.671875 0.49022633750000005 0.671875
0 0.49022633750000005 0.68359375 0.46039094687500004 0.68359375 0.46039094687500004 0.7057291671875 0.49022633750000005 0.7057291671875
0 0.4897119343750001 0.7161458328125 0.46039094687500004 0.7161458328125 0.46039094687500015 0.740234375 0.48971193437500016 0.740234375
0 0.48971193437500016 0.7506510421875 0.4603909468750002 0.7506510421875 0.4603909468750002 0.775390625 0.48971193437500016 0.775390625
0 0.49068875456054944 0.7862376650028438 0.4608179354076961 0.7841373713771788 0.4592236431715294 0.8068117319910456 0.48909446232438275 0.8089120256167105
0 0.49162727191079886 0.8422592312405263 0.49078081573294313 0.8175134109566743 0.4601528810761898 0.8185610708930916 0.46099933725404546 0.8433068911769436
0 0.23103213497337363 0.822030099887343 0.20883780367478827 0.8205516969529167 0.2070517038156861 0.8473652882156104 0.2292460351142715 0.8488436911500367
0 0.2772633750000001 0.8209635421874999 0.2551440328125001 0.8209635421874999 0.2551440328125001 0.849609375 0.2772633750000001 0.849609375
1 0.3374742796875 0.21385091093750003 0.332793209375 0.21385091093750003 0.332793209375 0.2808626296875 0.3374742796875 0.2808626296875
1 0.351247428125 0.21385091093750003 0.34573816874999996 0.21385091093750003 0.34573816874999996 0.281787109375 0.351247428125 0.281787109375
1 0.3641049375 0.21315104218750003 0.3578600828125 0.21315104218749997 0.3578600828125 0.2822526046875001 0.3641049375 0.28225260468750013
1 0.37806584375 0.21315429687500007 0.371635803125 0.21315429687500007 0.371635803125 0.2813248703125001 0.37806584375 0.2813248703125001
1 0.3927546296875 0.2141959640625001 0.385681584375 0.2141959640625001 0.385681584375 0.2810904953125001 0.3927546296875 0.2810904953125001
1 0.404146090625 0.2141992187500001 0.39890946562499996 0.2141992187500001 0.39890946562499996 0.2817903640625001 0.404146090625 0.2817903640625001
1 0.41828189374999997 0.2141959640625001 0.41102880624999993 0.2141959640625001 0.41102880624999993 0.2792285156250001 0.41828189374999997 0.2792285156250001
1 0.33829218125 0.08652994843750005 0.331296296875 0.08652994843750005 0.331296296875 0.15725911406250004 0.33829218125 0.15725911406250004
1 0.351651234375 0.08652994843750005 0.34507716093749996 0.08652994843750005 0.34507716093749996 0.15620442656250005 0.351651234375 0.15620442656250005
1 0.3648045265625 0.08771484375000005 0.35760288125 0.08771484375000005 0.35760288125 0.15541015625000004 0.3648045265625 0.15541015625000004
1 0.3780864203125 0.08771158906250004 0.3713888890625 0.08771158906250004 0.3713888890625 0.15517903593750004 0.3780864203125 0.15517903593750004
1 0.39153034999999997 0.08812174531250004 0.3852700625 0.08812174531250004 0.3852700625 0.15558919218750006 0.39153034999999997 0.15558919218750006
1 0.4051414609375 0.08812500000000004 0.3983359046875 0.08812500000000004 0.3983359046875 0.15641927031250005 0.4051414609375 0.15641927031250005
1 0.418698559375 0.09225585937500005 0.4114043203125 0.09225585937500005 0.4114043203125 0.15572591093750004 0.418698559375 0.15572591093750004
1 0.3375874484375001 0.45749023437499997 0.3304269546875001 0.45749023437499997 0.3304269546875001 0.525048828125 0.3375874484375001 0.525048828125
1 0.3502546296875001 0.4580143234375 0.3438503093750001 0.4580143234375 0.3438503093750001 0.5253971359375 0.3502546296875001 0.5253971359375
1 0.36395318906250007 0.45487304687499996 0.3566538062500001 0.45487304687499996 0.3566538062500001 0.5252180984375 0.36395318906250007 0.5252180984375
1 0.37689557656250006 0.45853515624999996 0.3704912546875001 0.45853515624999996 0.3704912546875001 0.5257486984375 0.37689557656250006 0.5257486984375
1 0.39066100781250007 0.45801106718750006 0.3839171812500001 0.45801106718750006 0.3839171812500001 0.5255696609375 0.39066100781250007 0.5255696609375
1 0.4052546296875 0.459580078125 0.3975437250000001 0.459580078125 0.3975437250000001 0.5257454421875 0.4052546296875 0.5257454421875
1 0.41764403281250007 0.4590559890625 0.4111728390625 0.4590559890625 0.4111728390625 0.52591796875 0.41764403281250007 0.52591796875
1 0.3369315843750001 0.5822395828125 0.3298482515625001 0.5822395828125 0.3298482515625001 0.6499609375000001 0.3369315843750001 0.6499609375000001
1 0.3498739718750001 0.5827864578125 0.3432947531250001 0.5827864578125 0.3432947531250001 0.6512369796875 0.3498739718750001 0.6512369796875
1 0.3624537031250001 0.5830664062500001 0.3565277781250001 0.5830664062500001 0.3565277781250001 0.6516080734374999 0.3624537031250001 0.6516080734374999
1 0.3776311734375001 0.5830598953125 0.3710519546875001 0.5830598953125 0.3710519546875001 0.6508723953125 0.3776311734375001 0.6508723953125
1 0.3889094656250001 0.5833398437499999 0.3829835390625001 0.5833398437499999 0.3829835390625001 0.6523372390625 0.3889094656250001 0.6523372390625
1 0.404308128125 0.5827864578125 0.3968647125000001 0.5827864578125 0.3968647125000001 0.6505078125 0.404308128125 0.6505078125
1 0.418472221875 0.5830598953125 0.40987139843750003 0.5830598953125 0.40987139843750003 0.6505078125 0.418472221875 0.6505078125
1 0.518233025 0.498203125 0.48724022656250005 0.498203125 0.48724022656250005 0.5151432296875 0.518233025 0.5151432296875
2 0.5427494859374999 0.25954427031250005 0.51779578125 0.25954427031250005 0.51779578125 0.28234375000000006 0.5427494859374999 0.28234375000000006
0 0.7726722922940004 0.1450488298363286 0.770210567846929 0.11587285739625627 0.7482327945884022 0.1177272333500941 0.7506945190354736 0.1469032057901664
0 0.838477365625 0.11914062500000008 0.8163580250000001 0.11914062500000008 0.8163580250000001 0.14583333281250008 0.838477365625 0.14583333281250008
0 0.920170109929144 0.08461940561987327 0.8973482151511876 0.08376073378501513 0.8963339524501361 0.11071794339749134 0.9191558472280926 0.11157661523234948
0 0.921753444406146 0.1545867251614462 0.8986081819870664 0.15001482250240525 0.893286010782749 0.17695832028655017 0.9164312732018287 0.18153022294559112
0 0.7710905343750001 0.2597656250000001 0.7469135796875 0.2597656250000001 0.7469135796875 0.2910156250000001 0.7710905343750001 0.2910156250000001
0 0.6754411304365601 0.2869251707768411 0.6719645813796224 0.2575917762289064 0.6473108831643267 0.2605136948340085 0.6507874322212643 0.2898470893819432
0 0.8379629625 0.2617187500000001 0.8163580250000001 0.2617187500000001 0.8163580250000001 0.2910156250000001 0.8379629625 0.2910156250000001
0 0.9202674890625 0.2884114578125001 0.896090534375 0.2884114578125001 0.896090534375 0.31705729218750006 0.9202674890625 0.31705729218750006
0 0.9223899683429421 0.3524985363818578 0.8993643868652693 0.3458754085848096 0.8919193778359287 0.3717582946259783 0.9149449593136014 0.3783814224230265
0 0.7693178364582403 0.4941910704965891 0.7682264187907166 0.46656454959865606 0.7466808268931275 0.4674157331313622 0.7477722445606511 0.49504225402929525
0 0.8389917703125 0.46549479218750023 0.8132716046875 0.46549479218750023 0.8132716046875 0.49739583281250016 0.8389917703125 0.49739583281250016
0 0.7721007210973344 0.6055630102222807 0.7487079160476865 0.6009422109576196 0.7431110186934625 0.629276514438742 0.7665038237431104 0.633897313703403
0 0.8428827258991379 0.6277584836479504 0.8301358099542518 0.5995260596928874 0.8091982091902199 0.6089793690315222 0.821945125135106 0.6372117929865851
0 0.9210497381245235 0.5452878073327118 0.9130732402142316 0.5150020434858249 0.8925490493559192 0.5204075919910375 0.900525547266211 0.5506933558379243
0 0.9180836241991817 0.589441986854057 0.8990184058761124 0.5866032297407615 0.8953365484836805 0.6113307468264452 0.9144017668067498 0.6141695039397407
0 0.9179244216991105 0.6813545606118424 0.9151812457833749 0.6535798940495223 0.8941670938376071 0.6556553650683334 0.8969102697533426 0.6834300316306535
2 0.9416434313135863 0.5664945237631579 0.9200846325272144 0.5361321378298822 0.9083750451870898 0.5444465251738796 0.9299338439734619 0.5748089111071553
0 0.9164520231989215 0.7429228440034569 0.8977976078555544 0.7409576058240928 0.8953216970716362 0.7644594228564066 0.9139761124150032 0.7664246610357708
0 0.7710965498268111 0.8072555024072814 0.7481501373137094 0.8034385566978113 0.7430973384086808 0.833814573766347 0.7660437509217825 0.837631519475817
0 0.6744721783131288 0.7662383123325769 0.6709416947458308 0.7334709998826776 0.6472733206656235 0.7360211268081799 0.6508038042329216 0.7687884392580792
0 0.8384007702837772 0.8056569086174659 0.8130446642891833 0.8036534640169425 0.8104534423732306 0.8364486296727573 0.8358095483678245 0.8384520742732807
0 0.9170228455170312 0.8091433539003106 0.8955092586707634 0.8082487021441669 0.8943838886350204 0.8353103446568998 0.9158974754812881 0.8362049964130435