1 0.8084782807262341 0.6020084924415448 0.6064828879118886 0.054128131428212066 0.06647461444641332 0.2532212018932816 0.26847000726075876 0.8011015629066144
1 0.8984619421798014 0.39471996976733525 0.7710374936497549 0.3627582340636568 0.6751582367587731 0.7450078574280717 0.8025826852888194 0.7769695931317502
1 0.690587570231531 0.7508862952452684 0.673956466451717 0.7357649624502903 0.6170580375064334 0.7983443454668226 0.6336891412862473 0.8134656782618007
1 0.6140562401924295 0.7928618894494212 0.29420128889733266 0.6645872826128743 0.25981611669752624 0.7503273043558923 0.5796710679926231 0.8786019111924392
1 0.3052426688055529 0.7275792727181973 0.27905607031250007 0.6631471359375001 0.06426496727966828 0.7504428342649496 0.09045156577272113 0.8148749710456468
1 0.25647188473451615 0.5973459680901184 0.07074506882484899 0.5960251359721045 0.0705595341495123 0.6221138144810203 0.2562863500591795 0.6234346465990342
1 0.35311041922239617 0.6135183565104667 0.2190306676658625 0.3593342062873194 0.05190736273574161 0.44749017976035327 0.1859871142922753 0.7016743299835005
1 0.6120759674583294 0.750658687128479 0.1581688776258453 0.23913703755711815 0.048765785168284406 0.3362176584021952 0.5026728750007685 0.8477393079735561
1 0.6823822684794829 0.7249861778531299 0.6705163134693122 0.6972716840315529 0.6116514113522735 0.7224746801496014 0.6235173663624441 0.7501891739711783
1 0.6839951819711525 0.696953853066195 0.6178352087752383 0.6381061288075742 0.6011000624146209 0.6569207363152887 0.6672600356105349 0.7157684605739093
1 0.1501596573158662 0.21750366363288637 0.142242047887631 0.19346646109705185 0.09613636582782903 0.20865320266682036 0.10405397525606426 0.2326904052026549
1 0.2110966812343042 0.18549361381174118 0.16376630878904258 0.18491031285424853 0.16352289733860004 0.2046612741014408 0.21085326978386165 0.20524457505893348
1 0.09235256853794564 0.1121219020914436 0.0824783953125 0.1036575515625 0.06144424239955435 0.12819515415855642 0.07131841562499999 0.13665950468750002
0 0.10443282012881058 0.08567008928140221 0.08502278942483574 0.08422504339848272 0.08331587667907928 0.10715250140916036 0.10272590738305412 0.10859754729207982
0 0.10346928485333602 0.22043929124459946 0.08500106568657988 0.21980189455645024 0.08413311358242252 0.24495033034824906 0.10260133274917867 0.24558772703639828
0 0.16768143407825334 0.16903883464250724 0.1477145482546657 0.1683308034241729 0.1472277646285958 0.18205838044456957 0.16719465045218343 0.18276641166290392
0 0.16666666718750006 0.20182291718749998 0.14917695468750006 0.20182291718749998 0.14917695468750006 0.21744791718749998 0.16666666718750006 0.21744791718749998
0 0.22633744843749998 0.3313802078125 0.20421810625 0.3313802078125 0.20421810625000006 0.3626302078125 0.22633744843750003 0.3626302078125
0 0.2695473250000001 0.4283854171875 0.2489711937500001 0.4283854171875 0.2489711937500001 0.4557291671875 0.2695473250000001 0.4557291671875
0 0.07849279843750007 0.6197916671875 0.07097890937500007 0.6197916671875 0.07097890937500008 0.6389108078125 0.07849279843750008 0.6389108078125
0 0.07894084375000009 0.6509739578125 0.0709876546875001 0.6509739578125 0.0709876546875001 0.673828125 0.07894084375000009 0.673828125
0 0.10632620412343774 0.6189047328537731 0.0900533983175954 0.6185177427486814 0.0895561266456204 0.6394278519332002 0.10582893245146274 0.6398148420382918
0 0.10834292757939704 0.6721572810676371 0.10563352592754922 0.6511756876161529 0.08836171593026398 0.6534060363570744 0.0910711175821118 0.6743876298085587
0 0.13366439098157679 0.6181299680495382 0.11716075588031247 0.6173405243534168 0.11608921002580408 0.6397416175079538 0.1325928451270684 0.6405310612040753
0 0.1337448562500001 0.6518470046875 0.1164675921875001 0.6518470046875 0.1164675921875001 0.6735859375000001 0.1337448562500001 0.6735859375000001
0 0.16284145017862234 0.6377132381976829 0.15797449632151836 0.6161252234273202 0.14116330694039286 0.6199152561779602 0.1460302607974968 0.6415032709483228
0 0.16205455774606506 0.6716041840395688 0.15877337106067502 0.6508270999648259 0.1423557794638209 0.6534198210011359 0.14563696614921093 0.6741969050758788
0 0.18997697662648874 0.6367925718801292 0.18462279535406872 0.6164694145757934 0.1679398578420716 0.6208645717975815 0.17329403911449165 0.6411877291019172
0 0.18658899218750008 0.6522395828125 0.1702515437500001 0.6522395828125 0.1702515437500001 0.6744791671875 0.18658899218750008 0.6744791671875
0 0.21763091643834526 0.6230396546806937 0.2018332673890134 0.6160267619680142 0.19304964857184856 0.6358132513871091 0.20884729762118043 0.6428261440997886
0 0.21628391113744855 0.670989461875696 0.2096946396195143 0.6501405915234189 0.1940738836160244 0.6550775210012864 0.2006631551339587 0.6759263913535636
0 0.2453122319497308 0.6340505785581796 0.23534290312669573 0.6167858424434277 0.22035670736575716 0.6254394536167553 0.23032603618879227 0.6427041897315072
0 0.24204978077176045 0.6732357832556841 0.2410629652211485 0.6521241887575762 0.22408463767827583 0.6529178037374486 0.22507145322888777 0.6740293982355564
0 0.26863134661989785 0.6400024408373535 0.26722836564537605 0.6191780153744696 0.2505616746772366 0.6203008819034026 0.2519646556517584 0.6411253073662866
0 0.2945385796875001 0.6197916671875 0.2788065843750001 0.6197916671875 0.2788065843750001 0.6403749999999999 0.2945385796875001 0.6403749999999999
0 0.26803642146320233 0.6738783626762667 0.26723518499215915 0.6525905037574271 0.25018029057569197 0.6532324191077854 0.25098152704673515 0.6745202780266248
0 0.29546648709319845 0.6729452940670495 0.2927501137299951 0.6534625279106943 0.27759310554511185 0.6555757849794726 0.2803094789083152 0.6750585511358278
0 0.32164388432127666 0.6531703879325128 0.3055188270006267 0.6528951126972142 0.3051414650910872 0.6750001975057177 0.3212665224117371 0.6752754727410163
0 0.3212826448996519 0.6194464887602951 0.30579152614658717 0.6193882592092962 0.3057112989768521 0.6407315220761738 0.32120241772991687 0.6407897516271727
0 0.34826440312500007 0.619140625 0.3328914609375001 0.619140625 0.3328914609375001 0.6407233078125001 0.34826440312500007 0.6407233078125001
0 0.269547325 0.2923177078125 0.249485596875 0.2923177078125 0.249485596875 0.318359375 0.269547325 0.318359375
0 0.6185671946096477 0.43047504679906756 0.6163626174352874 0.4095488118825121 0.6023209299621285 0.41102810253447436 0.6045255071364888 0.43195433745102985
0 0.6275719600895846 0.08478566150140132 0.6261375048172033 0.07005151677510399 0.6105918781591566 0.07156497456558618 0.6120263334315379 0.08629911929188351
0 0.7348769300257092 0.07120699661566594 0.715651447708703 0.07014907188562639 0.714739891403772 0.08671462624293154 0.7339653737207781 0.0877725509729711
0 0.6166860200225497 0.6460193748485372 0.6155773879591887 0.6275544449945939 0.6010691569874774 0.6284255173552858 0.6021777890508384 0.6468904472092291
0 0.6238180077027139 0.7420279093766535 0.6079311353541161 0.7415387958002019 0.6073280807325214 0.7611265812426168 0.6232149530811192 0.7616156948190684
0 0.6229170675158435 0.8077695547366648 0.6226393332970895 0.7889379974292275 0.6078340390952234 0.7891563509488779 0.6081117733139774 0.8079879082563153
0 0.6929810304311287 0.6600101679151353 0.6902917340573136 0.6429919587686674 0.6768415995930254 0.6451174114253381 0.6795308959668406 0.662135620571806
0 0.6954747642105993 0.6796903746351189 0.6879814163373528 0.6654647174086641 0.6749615831071013 0.6723228989388992 0.6824549309803476 0.686548556165354
0 0.6932098356995061 0.692395822768082 0.6802136938958553 0.6891061756199873 0.6762799484219452 0.7046469043659309 0.689276090225596 0.7079365515140256
0 0.6932756751628405 0.7147241315300292 0.6804480562185102 0.7113456625216136 0.6760788730229343 0.7279348977613658 0.6889064919672647 0.7313133667697814
2 0.2845968699267507 0.28374842846837345 0.23130555625000002 0.21393033906250003 0.20346716262629147 0.235179052389982 0.25675847630304216 0.3049971417958554
2 0.21518908000602283 0.34323378454852016 0.17579815216008685 0.06737075889604896 0.1329402135100542 0.07349051331038566 0.17233114135599018 0.34935353896285687
2 0.29825372781365056 0.07161110522883203 0.2202774154545184 0.0695429666347642 0.2054459365904103 0.6287434147927502 0.2834222489495425 0.6308115533868182
2 0.2553005243675271 0.45077730269045635 0.23508250047918913 0.3879748544014896 0.05152786048666208 0.44706669233603324 0.07174588437500004 0.509869140625
2 0.37819992313119444 0.07183113314037858 0.26392865148446454 0.07019938086582993 0.2559563135923783 0.6285005416091816 0.37022758523910826 0.6301322938837302
2 0.5829507418555505 0.13237762484911317 0.41193604317744975 0.06562432708064884 0.17297390408894406 0.6778193732855597 0.3439886027670448 0.744572671054024
0 0.4084362140625 0.6256510421875 0.3739711937500001 0.6256510421875 0.3739711937500001 0.6692708328125 0.4084362140625 0.6692708328125
2 0.6283426456157497 0.08642076263384885 0.609828703125 0.08636783906250008 0.6088919215717504 0.4140766342411514 0.6274058640625 0.41412955781250016
2 0.7764299826423441 0.07228168994215886 0.7265744477691632 0.0721452195772699 0.7247780700536663 0.728400311393183 0.7746336049268472 0.7285367817580719
2 0.62123816875 0.4291295578125 0.6008653366610726 0.4289763918465745 0.6002685850963034 0.5083512017423581 0.620641417185231 0.5085043677082837
1 0.6935814892304223 0.7382983111713142 0.6808186891067021 0.7340965650876232 0.6757327869532002 0.7495449885147055 0.6884955870769204 0.7537467345983965
0 0.3486109995103656 0.6540045605874726 0.3325606453655902 0.6534887497289099 0.33190367334201804 0.6739315796276963 0.34795402748679344 0.674447390486259
0 0.16652404539342086 0.18635173070034494 0.1493352686678481 0.18609897217289137 0.1491423941121872 0.1992153552547974 0.16633117083775995 0.19946811378225096
0 0.23078258212716002 0.2239792967478008 0.22399065532968362 0.19389317029570174 0.20047739167783596 0.19920127686593023 0.20726931847531233 0.22928740331802927