1 0.6531726970526626 0.6854804917248529 0.2615461473196038 0.06537690432116355 -0.11041931091869939 0.3002917669163871 0.28120723881435944 0.9203953543200765
1 0.7769695931317498 0.8025826852888193 0.7450078574280716 0.6751582367587728 0.36275823406365665 0.7710374936497546 0.394719969767335 0.898461942179801
1 0.8134656782618007 0.6336891412862473 0.7983443454668226 0.6170580375064334 0.7357649624502902 0.673956466451717 0.7508862952452684 0.6905875702315311
1 0.8075058472101719 0.6095493299243733 0.8002938212476856 0.28761515238397267 0.6649962638996584 0.2906461120158761 0.6722082898621449 0.6125802895562765
1 0.766541015625 0.07080761250000008 0.6633317339507336 0.07071616468885077 0.6631423847558058 0.28441832057969807 0.7663516664300721 0.2845097683908474
1 0.6238378703860115 0.25572194460056297 0.6119699337482709 0.06974974258620689 0.5862895637425739 0.07138855204676177 0.5981575003803145 0.2573607540611178
1 0.6208858593641791 0.34442860651068685 0.4813699566303645 0.06585227514995078 0.32476244565637113 0.1442840577845612 0.46427834839018567 0.4228603891452972
1 0.8467377979834353 0.4962473949636359 0.3227589772524811 0.06338813401358316 0.22714755622425295 0.17912635231766735 0.7511263769552072 0.6119856132677202
1 0.7501891739711783 0.6235173663624443 0.7224746801496011 0.6116514113522736 0.6972716840315527 0.6705163134693123 0.7249861778531299 0.682382268479483
1 0.7158818695925805 0.6653693743499499 0.6520543192863978 0.6039831744414513 0.6341260644692178 0.6226244421522938 0.6979536147754005 0.6840106420607924
1 0.2326904052026549 0.1040539752560643 0.20865320266682036 0.09613636582782904 0.19346646109705185 0.142242047887631 0.21750366363288637 0.15015965731586625
1 0.20578233665203802 0.16406864329252202 0.18594140625000005 0.16375360156250002 0.18519374971231134 0.2108400663551961 0.2050346801143493 0.21115510808521804
1 0.1366595046875 0.07131841562499999 0.1281951541585564 0.06144424239955435 0.1036575515625 0.08247839531250001 0.1121219020914436 0.09235256853794566
0 0.10854224232596102 0.10280689035693633 0.10726635256744188 0.08342930835171347 0.08426726398718645 0.08494365114055644 0.08554315374570558 0.10432123314577928
0 0.24558772703639825 0.10260133274917863 0.24495033034824906 0.08413311358242251 0.21980189455645024 0.08500106568657985 0.22043929124459943 0.10346928485333598
0 0.18237177161760626 0.1674100063889134 0.18225392159488754 0.14739658651605264 0.1685704047171199 0.14747716258876592 0.16868825473983864 0.16749058246162668
0 0.21744791718749998 0.14917695468750006 0.20182291718749998 0.14917695468750006 0.20182291718749998 0.16666666718750006 0.21744791718749998 0.16666666718750006
0 0.3626302078125 0.20421810625000006 0.3313802078125 0.20421810625 0.3313802078125 0.22633744843749998 0.3626302078125 0.22633744843750003
0 0.4557291671875 0.2489711937500001 0.4283854171875 0.2489711937500001 0.4283854171875 0.2695473250000001 0.4557291671875 0.2695473250000001
0 0.6389119677111147 0.0709887900451332 0.6197924341269012 0.07097471414516991 0.6197869035824035 0.07848694650953303 0.638906437166617 0.07850102240949632
0 0.673828125 0.0709876546875001 0.6509739578125 0.0709876546875001 0.6509739578125 0.07894084375000009 0.673828125 0.07894084375000009
0 0.6398148420382916 0.10582893245146266 0.6394278519332001 0.08955612664562032 0.6185177427486813 0.0900533983175953 0.618904732853773 0.10632620412343766
0 0.6744780304774345 0.09124873661912884 0.6535941294950529 0.08821617425017474 0.6510905275380723 0.10545736140732875 0.6719744285204539 0.10848992377628286
0 0.6405310612040753 0.13259284512706832 0.6397416175079538 0.116089210025804 0.6173405243534167 0.11716075588031238 0.6181299680495382 0.1336643909815767
0 0.6735859375000001 0.1164675921875001 0.6518470046875 0.1164675921875001 0.6518470046875 0.1337448562500001 0.6735859375000001 0.1337448562500001
0 0.6413119768485896 0.1456785989620194 0.619503240915334 0.14167095262383056 0.6164151103897206 0.1584758843661269 0.6382238463229764 0.16248353070431573
0 0.6741037343644544 0.14555349953710559 0.653129046388413 0.14270729483707734 0.6509084117436121 0.15907193606721187 0.6718830997196535 0.1619181407672401
0 0.6414254752950024 0.17381245253261504 0.6213677045094262 0.16762490807855088 0.6162905050868683 0.18408334373204122 0.6363482758724445 0.19027088818610538
0 0.6744791671875 0.1702515437500001 0.6522395828125 0.1702515437500001 0.6522395828125 0.18658899218750008 0.6744791671875 0.18658899218750008
0 0.6428261440997884 0.20884729762118032 0.635813251387109 0.19304964857184848 0.6160267619680141 0.20183326738901336 0.6230396546806934 0.2176309164383452
0 0.6749808220016741 0.21159238040421088 0.6709715320247506 0.1948892566038694 0.650701114965156 0.19975481234760575 0.6547104049420794 0.2164579361479472
0 0.6426530635825223 0.23017225237684896 0.625055330491598 0.22051525831915475 0.6167980383870766 0.23556234456991088 0.6343957714780009 0.2452193386276051
0 0.6740293982355563 0.22507145322888786 0.6529178037374485 0.22408463767827586 0.652124188757576 0.24106296522114853 0.6732357832556839 0.24204978077176054
0 0.641063454323721 0.25185756613122945 0.62022227349057 0.25073688921191906 0.6193284269927274 0.26735971437912287 0.6401696078258784 0.26848039129843326
0 0.6404040670550943 0.2788539372594756 0.6198141953517846 0.2787847987751773 0.6197614255234782 0.29449998266534216 0.640351297226788 0.2945691211496405
0 0.6741563443397276 0.26722883456023155 0.6735110913483446 0.25008526316284546 0.6524357883338969 0.2508784994144497 0.6530810413252798 0.2680220708118358
0 0.6750585511358278 0.2803094789083153 0.6555757849794727 0.2775931055451119 0.6534625279106944 0.29275011372999515 0.6729452940670495 0.29546648709319856
0 0.6752532949202964 0.3055470118536532 0.6531993739136212 0.3051705233752777 0.6529246297727824 0.3212644702743971 0.6749785507794577 0.32164095875277254
0 0.6408018844177374 0.30583011863308435 0.6194191884734362 0.30574974323839343 0.6193611761024986 0.3211830844186829 0.6407438720468 0.3212634598133738
0 0.6407233078125001 0.3328914609375001 0.619140625 0.3328914609375001 0.619140625 0.34826440312500007 0.6407233078125001 0.34826440312500007
0 0.318359375 0.249485596875 0.2923177078125 0.249485596875 0.2923177078125 0.269547325 0.318359375 0.269547325
0 0.431901532296653 0.6044496375204145 0.41096757047050814 0.6023820862003156 0.4095776336654093 0.6164551995183926 0.4305115954915542 0.6185227508384914
0 0.08629911929188358 0.612026333431538 0.07156497456558628 0.6105918781591566 0.07005151677510409 0.6261375048172033 0.08478566150140139 0.6275719600895847
0 0.08802585970480917 0.7173139122288269 0.07068106713338475 0.7153561231155432 0.06861709050752993 0.7336416709331408 0.08596188307895435 0.7355994600464244
0 0.6468623904105136 0.602146726564581 0.6283896280627426 0.6011408964210612 0.6275994243798835 0.6156535305211935 0.6460721867276547 0.6166593606647135
0 0.7616156948190683 0.6232149530811191 0.7611265812426168 0.6073280807325213 0.7415387958002018 0.607931135354116 0.7420279093766534 0.6238180077027138
0 0.8080652375371512 0.622665141593662 0.8077663368238032 0.6078675015367896 0.788942318724108 0.6082477319259902 0.7892412194374561 0.6230453719828628
0 0.6608784909004712 0.6922129540359963 0.6603565487235203 0.678319215109762 0.6436651561829938 0.6789462559520578 0.6441870983599448 0.6928399948782922
0 0.6866183740570528 0.6869391482728133 0.677189391364992 0.6745223812055604 0.6649667491765839 0.683803950314616 0.6743957318686449 0.696220717381869
0 0.7078401622383723 0.6894534491847176 0.705037859466928 0.6764490067679855 0.6891796961038971 0.6798662524843463 0.6919819988753415 0.6928706949010784
0 0.7313133667697811 0.6889064919672646 0.7279348977613657 0.6760788730229345 0.7113456625216135 0.6804480562185102 0.7147241315300289 0.6932756751628404
2 0.3034944144633956 0.25389590645106286 0.2240200072210726 0.21211382634648152 0.20929756685877168 0.24011763127973623 0.2887719741010947 0.2818997113843176
2 0.34719482180624517 0.16829600825873386 0.07046884143672241 0.15051685547377378 0.06751986738175356 0.19641655307555556 0.3442458477512763 0.21419570586051564
2 0.6294361966361325 0.2852047722686082 0.6289611713486839 0.2057586427346902 0.07043222542701963 0.20909820596629464 0.07090725071446814 0.28854433550021263
2 0.509869140625 0.07174588437500005 0.44706669233603347 0.05152786048666212 0.3879748544014897 0.23508250047918916 0.45077730269045635 0.2553005243675271
2 0.6291688527569489 0.3714453574262633 0.6286542195930899 0.2560673782799684 0.0710648412375908 0.2585544558665277 0.0715794744014498 0.3739324350128226
2 0.7445726710540239 0.3439886027670448 0.6778193732855596 0.17297390408894425 0.0656243270806488 0.41193604317744975 0.13237762484911297 0.5829507418555503
0 0.6710361253755817 0.37690406250275493 0.6275862496463525 0.372426137801247 0.624078472065948 0.40646255201406856 0.6675283477951772 0.41094047671557643
2 0.41412955781250005 0.6274058640625 0.41407663424115126 0.6088919215717504 0.08636783906250001 0.609828703125 0.08642076263384878 0.6283426456157497
2 0.7288732153289961 0.7486623543645449 0.07253550565185359 0.7258501162158801 0.07083995670308138 0.7746332608784205 0.7271776663802239 0.7974454990270853
2 0.5083600265625001 0.6014423875 0.4292828550681162 0.60084787362477 0.4291295578125 0.62123816875 0.5082067293068839 0.6218326826252301
1 0.7537467345983965 0.6884955870769205 0.7495449885147053 0.6757327869532002 0.734096565087623 0.6808186891067021 0.7382983111713142 0.6935814892304224
0 0.6743177078125 0.3323045265625001 0.6536458328125 0.3323045265625001 0.6536458328125 0.3482386828125001 0.6743177078125 0.3482386828125001
0 0.1995923361045897 0.16624277038744392 0.19895777552440674 0.1490226369787135 0.18588951944977797 0.14950420120123525 0.18652408002996093 0.16672433460996566
0 0.22964768418748832 0.20821820816414477 0.19979871143782554 0.19991482052965304 0.1933629727249006 0.22304997908446675 0.2232119454745634 0.2313533667189585