0 0.664609053125 0.6796875 0.6466049375 0.6796875 0.6466049375 0.701171875 0.664609053125 0.701171875
0 0.7758664934331455 0.6795013522059983 0.7527818593887367 0.6746319372731235 0.7468433916325659 0.7027846736542875 0.7699280256769747 0.7076540885871624
0 0.38241270158739654 0.4730150424753625 0.36576272228637047 0.47024545629192194 0.36196062854041655 0.4931025829447022 0.3786106078414426 0.4958721691281429
0 0.3555507666482692 0.49576969178072855 0.35355635112138345 0.4692657705791997 0.33565361042262126 0.47061294874774023 0.337648025949507 0.49711686994926907
0 0.3317451028818621 0.46952405114761275 0.31015962011403453 0.46847331457150376 0.3085897421560294 0.5007236181971741 0.330175224923857 0.5017743547732831
0 0.1349395054123912 0.4766822974237326 0.1155107678422663 0.47437963288649587 0.11253123223114787 0.4995194717701617 0.13195996980127278 0.5018221363073984
0 0.159896671244895 0.4785977167987953 0.14182880827683136 0.476558311412297 0.13875395629220694 0.5037995870669938 0.15682181926027056 0.5058389924534921
0 0.18888336243184423 0.5028651654696589 0.1855841069852182 0.47158335936451845 0.16574193394142772 0.47367609011246803 0.16904118938805374 0.5049578962176084
0 0.15843898852011223 0.36183562229703103 0.13718441294826356 0.3574162157491686 0.13149631955675206 0.3847723798721751 0.15275089512860074 0.38919178642003754
0 0.2340534984375001 0.3912760421875 0.21862139843750011 0.3912760421875 0.21862139843750011 0.4166666671875 0.2340534984375001 0.4166666671875
0 0.28378215551346697 0.41458281262547025 0.27841949860914156 0.389696736534488 0.2633146823529029 0.3929516469064144 0.2686773392572283 0.4178377229973965
0 0.36349154273868356 0.3842309091255566 0.3623418835834091 0.3536752072716213 0.34037611442405724 0.35450166996383536 0.34152577357933167 0.38505737181777067
0 0.237847935498357 0.25635291158460494 0.2219222133504672 0.252573662556299 0.21645578667252924 0.27560913647257484 0.23238150882041902 0.2793883855008808
0 0.2856112311901783 0.2811555320366901 0.2822466585260064 0.252766942091991 0.2639339316038292 0.2549373387382784 0.26729850426800106 0.2833259286829774
0 0.15926928057883533 0.20372767641551395 0.15399514853115728 0.17435736080410913 0.13073202544184034 0.17853480256666215 0.13600615748951844 0.20790511817806698
0 0.3670479915186362 0.1738032379808345 0.344119973120441 0.1713850493338683 0.34079808474489415 0.20288148278493234 0.36372610314308934 0.2052996714318985
0 0.42812737434616055 0.22275907530618871 0.42470762607113155 0.1996757891653375 0.408348565968539 0.20209935517000316 0.4117683142435681 0.22518264131085436
0 0.42386831249999996 0.33658854218750006 0.4074074078125 0.33658854218750006 0.4074074078125 0.3567708328125001 0.42386831249999996 0.3567708328125001
0 0.24658795562420419 0.14622770720965225 0.24543021841619517 0.11985299786791677 0.22612014636069983 0.12070062764151224 0.22727788356870887 0.14707533698324773
0 0.3541922876797132 0.12264093096052811 0.3322818267375583 0.12033266565310889 0.3296983996129564 0.14485501103886547 0.3516088605551113 0.1471632763462847
0 0.13996132454128557 0.7281740716938808 0.13801208791323125 0.699803533475373 0.11944701467302614 0.7010790722220687 0.12139625130108048 0.7294496104405764
0 0.10016834731490216 0.8524502536334966 0.09687295037080677 0.8274258502935498 0.07841727980125701 0.8298562283357322 0.08171267674535239 0.8548806316756791
0 0.14310799562442839 0.8619627330544379 0.13879983417012667 0.8347308853069964 0.11782007531734637 0.838049947210116 0.12212823677164811 0.8652817949575576
0 0.20696603458374185 0.7926355454762357 0.19490156968243402 0.780759590701965 0.18340126095574888 0.7924424468280163 0.19546572585705674 0.8043184016022871
0 0.20272935601239336 0.8196639554334192 0.20026698447993274 0.7999265013728167 0.18691085816282133 0.8015927621340184 0.18937322969528192 0.821330216194621
0 0.20344381231351827 0.8175711003013664 0.18733318023362194 0.8158738490783011 0.1852925071505394 0.8352443069045214 0.2014031392304357 0.836941558127587
0 0.26673994459219996 0.838596942369977 0.25564555122254495 0.8105142590025954 0.2362899144258283 0.8181609302887292 0.2473843077954833 0.8462436136561108
0 0.3050411515625001 0.9069010421874999 0.2870370375000001 0.9069010421874999 0.2870370375000001 0.9270833328125001 0.3050411515625001 0.9270833328125001
1 0.7799563535470452 0.17281456379896024 0.3608496186023824 0.16529938185034568 0.36047659786783726 0.18610200555138554 0.7795833328125 0.1936171875000001
1 0.8772041580887375 0.3404297512530178 0.8278464096992568 0.1462416316953192 0.06688876823405955 0.33965797399288167 0.11624651662354017 0.5338460935505803
1 0.7112702471973669 0.22393931540072817 0.7110614617780575 0.20001955925614587 0.4238518273112031 0.20252649049739224 0.42406061273051243 0.22644624664197455
1 0.9863595552290073 0.65950665215442 0.7468552284901948 0.3506268968554065 0.05726440607174417 0.8853333087039612 0.2967687328105567 1.1942130640029744
1 0.6901065507755078 0.3461204112106845 0.4257849796875 0.3448554687500001 0.42571135078699224 0.3602409169143158 0.6900329218750001 0.3615058593750001
1 0.603320189405128 0.5892740035993158 0.3793096857984234 0.3184858856255709 0.2788345749627017 0.4016043043607377 0.5028450785694062 0.6723924223344826
1 0.28196862187500005 0.39020182343750004 0.23961687851516325 0.3387302918291504 0.231341778946142 0.345539199244049 0.27369352230597876 0.3970107308523987
1 0.21966055444745938 0.394980406850609 0.07024628053898194 0.3925357306139399 0.07000360156250005 0.4073678390625 0.21941787547097752 0.40981251529916907
1 0.43424976482375743 0.2724182784655321 0.40724562308805157 0.2072516546237153 0.19511266123382845 0.29515660091388407 0.22211680296953434 0.3603232247557009
1 0.341725309375 0.17972721406250006 0.15782870312500002 0.17849153593750006 0.15772956074389483 0.19324614480523172 0.3416261669938948 0.19448182293023172
1 0.23287551406250007 0.11291992187500002 0.07111985625000003 0.11032096406250003 0.07086887073020456 0.1259419670894311 0.23262452854270457 0.1285409249019311
1 0.3091782909975275 0.4921884777436076 0.30857181999085925 0.4711549895495003 0.1871743930558317 0.47465531336839284 0.1877808640625 0.4956888015625001
1 0.4260460637560913 0.5820214067599985 0.3187893704149074 0.49680666803770757 0.2940561023811791 0.5279375332447727 0.4013127957223629 0.6131522719670636
2 0.4156872727957241 0.35048007347064786 0.39227926779886635 0.3502218015360451 0.3858886333653908 0.929425279381783 0.40929663836224855 0.9296835513163858
2 0.6642681467411923 0.7038522310739455 0.6450372611803167 0.7038016595706372 0.6444465015625 0.9284505203125002 0.6636773871233757 0.9285010918158086
2 0.8200209482871612 0.9286810087286987 0.8099611854013278 0.6929430200654184 0.7632283888600094 0.6949372716277707 0.773288151745843 0.9306752602910512
2 0.4640837651605483 0.5661765001602532 0.4081548902844013 0.5660126005860334 0.40709118762385305 0.9289890957382803 0.46302006250000005 0.9291529953125
2 0.3432787773315734 0.09899280082571693 0.20912451596957768 0.09569037561992949 0.1886754714505044 0.9263909341692124 0.3228297328125001 0.9296933593749998
2 0.3222795885045412 0.9037113727334711 0.2659403296874999 0.8298899734375 0.23822179878492253 0.8510442932071294 0.29456105760196377 0.9248656925031005
2 0.23540946562500004 0.9293157546874997 0.21102893902366038 0.28825585720237173 0.17400342933377239 0.28966399617263605 0.19838395593511207 0.9307238936577642
1 0.18898859718362263 0.8294071927511129 0.17982388897542748 0.8049907422258263 0.13028846017928147 0.8235838522445963 0.13945316838747662 0.8480003027698828
1 0.25005828333209984 0.7998272646628004 0.2022638890625001 0.7990579421874999 0.20193332676291584 0.8195942262351258 0.2497277210325156 0.8203635487104263
1 0.08785253051123054 0.851987438895241 0.07937336388412378 0.8454450960286181 0.06282998962289335 0.866886043070877 0.07130915625000012 0.8734283859374999
1 0.12556631998458073 0.7485471894865993 0.12545673558373174 0.7200954525840142 0.07051163241829224 0.7203070785466255 0.07062121681914121 0.7487588154492104
2 0.14976070484986367 0.39094476919278087 0.13862191406250005 0.39093033906249997 0.138504106053924 0.4818677550844906 0.14964289684128765 0.4818821852147715
2 0.2482793515624718 0.3378216247853718 0.22300091650863738 0.3311983221315876 0.20775074127629983 0.38940199850292023 0.2330291763301342 0.3960253011567044
2 0.3974539168137273 0.4376460839311437 0.2763961257289362 0.27361253117289575 0.22233918552124177 0.3135068922003049 0.34339697660603286 0.47754044495855286
2 0.4169023187304977 0.20688574770135143 0.24341772281673185 0.13161638500671619 0.21741853048716306 0.19154062528065435 0.39090312640092895 0.2668099879752896
2 0.6914403833382863 0.12253961244728899 0.35082487354894804 0.12104275223168422 0.3504984193718045 0.19532848366566136 0.6911139291611427 0.19682534388126613
2 0.727019334209184 0.3814452770020602 0.7268764158934081 0.20818168233377846 0.7039450441842241 0.2082005975192182 0.7040879624999999 0.3814641921875
2 0.796250305655524 0.2326489387768716 0.77827520625 0.23254817656250007 0.777647842781976 0.3444643424731285 0.7956229421875001 0.34456510468750007
0 0.8077705615353121 0.1731402859465307 0.7839538552317478 0.1720948341577511 0.7811516771603315 0.23593197409426853 0.8049683834638961 0.23697742588304815
0 0.875896806898486 0.23469290205258245 0.8747527977518083 0.171553267518182 0.846789794375017 0.17205992125267905 0.8479338035216948 0.23519955578707946
0 0.8477366249999999 0.29947916718750006 0.7968107 0.29947916718750006 0.7968107 0.3339843750000001 0.8477366249999999 0.3339843750000001
0 0.8528806578125 0.12500000000000008 0.800411521875 0.12500000000000008 0.800411521875 0.16015625000000008 0.8528806578125 0.16015625000000008
0 0.8034979421875 0.3430989578125001 0.777263375 0.3430989578125001 0.777263375 0.41145833281250016 0.8034979421875 0.41145833281250016
0 0.8695161215421388 0.40996076247680424 0.8686813243341784 0.34551178748983324 0.8435303801505881 0.3458375636249273 0.8443651773585484 0.41028653861189823
0 0.72170781875 0.1881510421875001 0.7073045265625 0.1881510421875001 0.7073045265625 0.2083333328125001 0.72170781875 0.2083333328125001
0 0.6944444437499999 0.18880208281250008 0.6815843625 0.18880208281250008 0.6815843625 0.20703125000000008 0.6944444437499999 0.20703125000000008
0 0.6671810703125 0.18945312500000008 0.654835390625 0.18945312500000008 0.654835390625 0.2063802078125001 0.6671810703125 0.2063802078125001
0 0.6399176953125 0.1901041671875001 0.6291152265625 0.1901041671875001 0.6291152265625 0.20507812500000008 0.6399176953125 0.20507812500000008
0 0.70421810625 0.3652343750000001 0.691872428125 0.3652343750000001 0.691872428125 0.3769531250000001 0.70421810625 0.3769531250000001
0 0.7062757203125 0.3470052078125001 0.691872428125 0.3470052078125001 0.691872428125 0.3587239578125001 0.7062757203125 0.3587239578125001
0 0.7062757203125 0.3300781250000001 0.69238683125 0.3300781250000001 0.69238683125 0.34440104218750006 0.7062757203125 0.34440104218750006
0 0.45109351338923104 0.5865428951796815 0.41469032171970854 0.5818561009347294 0.40853348883156626 0.629677352730807 0.44493668050108875 0.634364146975759
2 0.2226384344496616 0.2636908115576625 0.21118454088412766 0.25477132974988786 0.13407591364406224 0.3537898633851393 0.14552980720959618 0.36270934519291387