0 0.3203125000000001 0.6466049375 0.2988281250000001 0.6466049375 0.2988281250000001 0.664609053125 0.3203125000000001 0.664609053125
0 0.32447920463348556 0.7513080550696164 0.2936019400113624 0.7501463006348318 0.29278928481588506 0.7717451590217591 0.32366654943800816 0.7729069134565437
0 0.529013274731028 0.3649872811720426 0.505160720531453 0.36380937770266647 0.5043403113659186 0.3804226695347233 0.5281928655654936 0.38160057300409944
0 0.5307342294208005 0.3535563511213834 0.5293870512522598 0.33565361042262126 0.5028831300507309 0.337648025949507 0.5042303082192715 0.3555507666482691
0 0.5315266854284962 0.3101596201140346 0.49927638180282574 0.3085897421560294 0.4982256452267168 0.33017522492385704 0.5304759488523872 0.3317451028818622
0 0.5250550990435372 0.11495588062571385 0.49923662815473674 0.113935891943026 0.4984635627179375 0.13350411638894924 0.524282033606738 0.1345241050716371
0 0.5230811597236825 0.14129304774237206 0.4953137104615088 0.14000247674829422 0.4944731084667005 0.15808855906970787 0.5222405577288742 0.1593791300637857
0 0.528505344968569 0.1853349946167712 0.5261755554239473 0.1654316688744116 0.49486160049329986 0.1690971329150722 0.49719139003792145 0.18900045865743179
0 0.6416627354443112 0.13609786218619652 0.6133439465643694 0.13330094581479934 0.6112307397094361 0.15469717324458515 0.6395495285893779 0.15749408961598232
0 0.6087239578125 0.21862139843750011 0.5833333328125 0.21862139843750011 0.5833333328125 0.2340534984375001 0.6087239578125 0.2340534984375001
0 0.6103032634655119 0.27841949860914167 0.6070483530935855 0.2633146823529029 0.5821622770026034 0.26867733925722836 0.5854171873745296 0.2837821555134671
0 0.6463247927283787 0.3623418835834091 0.6454983300361647 0.3403761144240572 0.6149426281822293 0.34152577357933167 0.6157690908744434 0.3634915427386835
0 0.7472434870703928 0.22142804734065163 0.7235231399929901 0.21791392316550012 0.7211601655442744 0.23386400667561258 0.7448805126216771 0.2373781308507641
0 0.7472330579080089 0.28224665852600644 0.7450626612617215 0.2639339316038293 0.7166740713170225 0.2672985042680012 0.7188444679633099 0.2856112311901783
0 0.8256426391958908 0.15399514853115728 0.8214651974333378 0.13073202544184037 0.792094881821933 0.13600615748951844 0.7962723235844861 0.15926928057883533
0 0.8283441672538254 0.34349514332091524 0.7965195525743021 0.34217170304035727 0.7955709519848728 0.364982591213283 0.8273955666643962 0.366306031493841
0 0.8003242108346624 0.42470762607113155 0.7979006448299968 0.40834856596853913 0.7748173586891457 0.4117683142435681 0.7772409246938113 0.42812737434616055
0 0.6634114578125 0.4074074078125 0.6432291671875 0.4074074078125 0.6432291671875 0.42386831249999996 0.6634114578125 0.42386831249999996
0 0.8801470021320832 0.24543021841619525 0.8792993723584877 0.22612014636069988 0.8529246630167522 0.22727788356870887 0.8537722927903477 0.24658795562420424
0 0.8794616173676626 0.33212585937956796 0.8546373569873962 0.33025783804154035 0.852991416847399 0.3521308465419503 0.8778156772276654 0.353998867879978
0 0.30019646652462706 0.13801208791323125 0.29892092777793133 0.11944701467302614 0.27055038955942357 0.12139625130108045 0.27182592830611935 0.13996132454128557
0 0.17257414970645035 0.09687295037080679 0.17014377166426783 0.07841727980125701 0.14511936832432104 0.08171267674535239 0.14754974636650353 0.10016834731490216
0 0.16498895452548437 0.13947089186755582 0.16365404785886611 0.11919699027927308 0.1350569449740578 0.12107992648277925 0.13639185164067602 0.14135382807106198
0 0.21920850666973696 0.19544188319425376 0.2079517430735785 0.18358290676012984 0.19570842899583923 0.1952044908801603 0.2069651925919977 0.2070634673142842
0 0.20007349862718343 0.20026698447993274 0.19840723786598174 0.18691085816282133 0.17866978380537918 0.18937322969528192 0.18033604456658084 0.20272935601239334
0 0.1839713713968925 0.1871296308918638 0.1645036152256269 0.18573127420409205 0.1633473585831287 0.20182854222190363 0.18281511475439433 0.20322689890967535
0 0.1894857409974045 0.255645551222545 0.1818390697112709 0.23628991442582836 0.15375638634388933 0.24738430779548315 0.16140305763002294 0.2667399445921998
0 0.09309895781250005 0.2870370375 0.07291666718750003 0.2870370375 0.07291666718750003 0.3050411515625 0.09309895781250005 0.3050411515625
1 0.8310384109375002 0.36078395000000013 0.8101997939779053 0.36059411071353475 0.8063814017090897 0.7797381950222143 0.8272200186686846 0.7799280343086796
1 0.7874543325821743 0.8462413105570752 0.6623127781311255 0.06785437840023087 0.4856697542572392 0.09625334256225723 0.610811308708288 0.8746402747191014
1 0.8001011087870589 0.7108327469084736 0.79120165902911 0.4236211162348785 0.7674149023953779 0.42435816523623676 0.7763143521533269 0.7115697959098319
1 0.6126393234374999 0.7753384781250001 0.11690506083668684 0.057249122880146094 -0.1861522799788565 0.26646529671373437 0.30958198262195663 0.9845546519585884
1 0.6551445312500002 0.42578497968750006 0.6397590830856844 0.42571135078699235 0.638494140625 0.690032921875 0.6538795887893156 0.6901065507755078
1 0.6815141143744292 0.3793096857984235 0.5983956956392623 0.2788345749627017 0.32760757766551746 0.5028450785694063 0.4107259964006843 0.6033201894051281
1 0.6612697081708496 0.23961687851516325 0.654460800755951 0.23134177894614213 0.6029892691476013 0.2736935223059789 0.6097981765624999 0.281968621875
1 0.6074642693860601 0.07024628053898194 0.5926321609375 0.07000360156250005 0.5901874847008309 0.2194178754709774 0.605019593149391 0.21966055444745933
1 0.7867746339097478 0.41010644960089165 0.7051254727814251 0.19536934435301298 0.6428940192928561 0.2190315147416495 0.7245431804211788 0.4337686199895282
1 0.8215084640625001 0.1578287031250001 0.8067538551947685 0.15772956074389494 0.8055181770697685 0.3416261669938949 0.8202727859375001 0.34172530937500006
1 0.8896790359375002 0.07111985625000011 0.8740580329105692 0.07086887073020465 0.8714590750980692 0.2326245285427047 0.8870800781250002 0.23287551406250015
1 0.5273944209687149 0.3086521879922061 0.5255254207680508 0.18745371978107506 0.5043111984375 0.1877808640625 0.5061801986381643 0.30897933227363106
1 0.5031933319622925 0.3187893704149074 0.47206246675522745 0.2940561023811791 0.3868477280329366 0.4013127957223629 0.4179785932400016 0.4260460637560913
2 0.6497040439056493 0.392192866067106 0.07052539062500005 0.3903595671875 0.07045139098444085 0.4137376495280855 0.6496300442650901 0.4155709484076916
2 0.29619946320658813 0.6457273906454557 0.07154947968750007 0.6444465015625 0.07143983321700156 0.663676954939136 0.2960898167360896 0.6649578440220916
2 0.30705697993458164 0.8099611854013273 0.30506272837222903 0.7632283888600093 0.06932473970894867 0.7732881517458441 0.07131899127130133 0.8200209482871621
2 0.4340175823381348 0.4638407354233706 0.4336022222203139 0.4079393160099615 0.07045779091966443 0.4106375608014859 0.07087315103748534 0.46653898021489504
2 0.9015759291814964 0.20781308191872508 0.07047859930779182 0.20658366908925424 0.07027881893323631 0.341637519085057 0.901376148806941 0.34286693191452783
2 0.17011002656250004 0.2659403296875001 0.1489557067928707 0.23822179878492267 0.07513430749689982 0.29456105760196366 0.09628862726652916 0.3222795885045411
2 0.7117441427976283 0.21102893902366032 0.710336003827364 0.17400342933377239 0.06927610634223566 0.1983839559351121 0.07068424531249999 0.235409465625
1 0.1845485551194046 0.1845945293919558 0.18307220685104514 0.1336242836006685 0.15243602008716378 0.13451165780449711 0.15391236835552327 0.18548190359578445
1 0.20094205781250002 0.2022638890625 0.18040577376487407 0.20193332676291575 0.1796364512895735 0.2497277210325155 0.20017273533719943 0.2500582833320998
1 0.1544798171875 0.0794706796875 0.13329054938606136 0.06277952796222354 0.1265716140625 0.07130915625000002 0.14776088186393865 0.08800030797527648
1 0.2814798527292831 0.12239821699235658 0.26644495246348193 0.0666956431636566 0.24090932811220672 0.07358806372804665 0.2559442283780079 0.12929063755674663
2 0.6090696609374999 0.13862191406250005 0.5181321609375 0.13856892968750006 0.5181256710961739 0.14970749545509637 0.6090631710961738 0.14976047983009635
2 0.6678994248065513 0.22137454200137646 0.609722313216879 0.20947532731554613 0.6042956517200277 0.23600711952176967 0.6624727633097 0.2479063342076
2 0.7263874688271044 0.2763961257289363 0.6864931077996952 0.2223391855212417 0.5224595550414473 0.34339697660603286 0.5623539160688564 0.39745391681372744
2 0.8683836149932839 0.24341772281673202 0.8084593747193457 0.2174185304871632 0.7331900120247103 0.3909031264009291 0.7931142522986485 0.4169023187304979
2 0.8789572477683159 0.3508248735489481 0.8046715163343385 0.3504984193718045 0.8031746561187338 0.6911139291611429 0.8774603875527112 0.6914403833382864
2 0.7920134675817019 0.705922267525952 0.6185358078125 0.7040879624999998 0.6182958910996357 0.7267778582907048 0.7917735508688375 0.728612163316657
2 0.7675520280272656 0.7961508302938103 0.7674518234375001 0.7782752062499999 0.6553411727764124 0.7789036599325299 0.6554413773661779 0.7967792839763403
0 0.8275198034783061 0.7835928473956477 0.7636755138923348 0.7825319090631855 0.7632811497048434 0.8062636384372238 0.8271254392908147 0.807324576769686
0 0.8284467324818179 0.874752797751808 0.8279400787473209 0.846789794375017 0.7648004442129205 0.8479338035216948 0.7653070979474175 0.8758968068984858
0 0.7005208328125001 0.7968107 0.6660156250000002 0.7968107 0.6660156250000002 0.8477366249999999 0.7005208328125001 0.8477366249999999
0 0.875 0.800411521875 0.83984375 0.800411521875 0.83984375 0.8528806578125 0.875 0.8528806578125
0 0.6569010421875002 0.777263375 0.5885416671875002 0.777263375 0.5885416671875002 0.8034979421875 0.6569010421875002 0.8034979421875
0 0.6544882125101668 0.8686813243341784 0.6541624363750728 0.8435303801505881 0.5897134613881018 0.8443651773585484 0.5900392375231958 0.8695161215421388
0 0.8118489578125001 0.7073045265625002 0.7916666671875 0.7073045265625002 0.7916666671875 0.7217078187500002 0.8118489578125001 0.7217078187500002
0 0.8111979171874999 0.6815843625000002 0.79296875 0.6815843625000002 0.79296875 0.6944444437500001 0.8111979171874999 0.6944444437500001
0 0.810546875 0.6548353906250002 0.7936197921875 0.6548353906250002 0.7936197921875 0.6671810703125002 0.810546875 0.6671810703125002
0 0.8098958328125001 0.6291152265625002 0.794921875 0.6291152265625002 0.794921875 0.6399176953125002 0.8098958328125001 0.6399176953125002
0 0.634765625 0.691872428125 0.623046875 0.691872428125 0.623046875 0.70421810625 0.634765625 0.70421810625
0 0.6529947921875 0.691872428125 0.6412760421875 0.691872428125 0.6412760421875 0.7062757203125 0.6529947921875 0.7062757203125
0 0.669921875 0.69238683125 0.6555989578125 0.69238683125 0.6555989578125 0.7062757203125 0.669921875 0.7062757203125
0 0.419659142308087 0.4174824043342724 0.3728248821244643 0.4066360978471154 0.36451615623073014 0.4425131063718437 0.4113504164143529 0.4533594128590007
2 0.7446216214140386 0.21203455104508334 0.6462958756477682 0.13405602899419938 0.6372767703093041 0.1454285227940993 0.7356025160755745 0.22340704484498325