1 0.58330078125 0.7542314812500002 0.5212380730661592 0.692427694499328 0.5063743159295677 0.7073537220161407 0.5684370241134085 0.7691575087668129
1 0.5120568552483583 0.6894385103440922 0.12562780359074394 0.06483728971297475 -0.07767352549311515 0.19061600612218554 0.3087555261644992 0.8152172267533031
1 0.659290527820852 0.753198978988541 0.1930416769462952 0.40236182821764704 0.14713924360321423 0.4633643667217108 0.613388094477771 0.8142015174926047
1 0.6991594794241965 0.7594089813880176 0.6010590480731881 0.20745583798357417 0.5088897292132142 0.22383739146422293 0.6069901605642226 0.7757905348686663
1 0.6541529296704558 0.617088682221192 0.6264769462026115 0.4924145471816688 0.5934426659418628 0.4997477137127924 0.6211186494097072 0.6244218487523155
1 0.8651379106382443 0.6278524304768639 0.8487548307100713 0.6278476422968373 0.8487155042361803 0.7624058171107952 0.8650985841643533 0.7624106052908217
1 0.8852215563046993 0.6167664273546627 0.8833451192963689 0.19431261006858774 0.8268286679285201 0.19456364238640989 0.8287051049368503 0.6170174596724849
1 0.6965367644034608 0.0749230729628165 0.5344962453302922 0.05877249891964229 0.4931574215631664 0.4735295498574293 0.6551979406363351 0.48968012390060356
1 0.6591646882997872 0.18402051111874024 0.6071819032131393 0.1440453163595198 0.5993962730525396 0.1541695632041013 0.6513790581391878 0.19414475796332176
1 0.599392578125 0.1378086421875 0.5990572921874999 0.07462088437499999 0.5868724074338363 0.07468553962863447 0.5872076933713363 0.1378732974411345
1 0.709416719313616 0.0742827360860654 0.6897592309896496 0.07342496149615943 0.6832433726362911 0.22274788503462012 0.7029008609602575 0.22360565962452608
1 0.2785241253109356 0.3965590746942468 0.2590822976646151 0.3726001676091633 0.20769514053233967 0.4142990751867169 0.22713696817866022 0.43825798227180035
1 0.2804457154203609 0.3041593956171733 0.25616727975886466 0.29581318973181503 0.2358671507431728 0.3548646177695737 0.26014558640466906 0.36321082365493196
1 0.81966015625 0.49772067968750006 0.8102750578148183 0.4857482465750861 0.6755663013900814 0.5913454069230676 0.6849513998252631 0.6033178400354815
1 0.7661672421921385 0.7992234419869628 0.7648622753029721 0.624619720884535 0.69427712969073 0.6251472656430853 0.6955820965798963 0.799750986745513
1 0.7863356893162956 0.6256919439472595 0.6915669487993698 0.6234340950315028 0.6869582472418759 0.8168752234321308 0.7817269877588018 0.8191330723478873
1 0.15213429821723165 0.3440309258913508 0.1292094682539658 0.33583320101466496 0.11100850834571437 0.3867319463789484 0.13393333830898024 0.3949296712556343
1 0.18967559469451117 0.24002648869594562 0.16745637729675925 0.2333717345771591 0.15133640165782022 0.28719389491166686 0.17355561905557215 0.2938486490304533
1 0.19617365867396477 0.1760608230373534 0.17430483617136835 0.17544233347441934 0.1728499274974036 0.22688562606206591 0.19471875 0.22750411562500003
1 0.5242785350097378 0.11752932311585959 0.5036441725531222 0.1167940741954853 0.499520180133836 0.23253168630183 0.5201545425904515 0.23326693522220426
1 0.49704708888981025 0.10370133557078873 0.4424701346901159 0.06701366150441704 0.4347087637973316 0.07855955517366439 0.4892857179970259 0.1152472292400361
2 0.8338504651267569 0.6605541614028505 0.7466294900915178 0.615918934739953 0.6473002599351799 0.810016578046801 0.7345212349704189 0.8546518047096988
2 0.8729530967075337 0.7028485869472394 0.7816915393075797 0.6190045308255815 0.6098860671875002 0.8060092593750001 0.7011476245874542 0.8898533154966579
2 0.61909847760284 0.6264034271658749 0.6090554702280919 0.6118472206117692 0.5192903301252093 0.6737803871065984 0.5293333374999574 0.688336593660704
2 0.6742943733136562 0.6309486437486251 0.6695273792593142 0.5754373001787665 0.07196353287987858 0.6267526371818365 0.07673052693422058 0.6822639807516951
2 0.896204718297301 0.5732878710109872 0.8849156176601332 0.45835496660346975 0.06694263156907097 0.5386990543655347 0.0782317322062387 0.6536319587730521
2 0.8577604058485345 0.563670037298674 0.8575301483956943 0.4885703853764561 0.0757275682157724 0.49096741207536143 0.0759578256686125 0.5660670639975793
2 0.7237072315603703 0.5472781983782251 0.720932089399075 0.4889405852846556 0.07507981754469258 0.5196640203816075 0.07785495970598774 0.578001633475177
2 0.6877871401719079 0.5086820877615686 0.6877065845428711 0.4883884420567367 0.07980225687096316 0.49080151835766805 0.07988281250000001 0.5110951640625
2 0.36565054567825783 0.49728985617843513 0.3656380203124999 0.49026491718749987 0.08018283967344537 0.49077387969231284 0.08019536503920324 0.4977988186832481
2 0.6542126399796352 0.48842629932515 0.6542084864374897 0.4668081782738054 0.08052843972810084 0.466918400815642 0.08053259327024628 0.48853652186698665
2 0.1550162277685221 0.38134803456736904 0.07274414062500005 0.3791995890625 0.07031227352891263 0.47232495863661306 0.1525843606724347 0.4744734041414821
2 0.23398510083575674 0.3651236533474047 0.1666728739158762 0.3362934384964512 0.15804619141862303 0.3564348496105506 0.22535841833850356 0.3852650644615041
2 0.16625065156250002 0.16117644062500006 0.09621480472989852 0.1094243806281838 0.08141982903586051 0.12944635949556518 0.15145567586846204 0.1811984194923814
2 0.6079657067600874 0.27328318030755333 0.5156756792312096 0.27259152708204154 0.5155944015625 0.2834367281250001 0.6078844290913779 0.2841283813505119
2 0.7442165911098272 0.2093357479556289 0.7351259196928975 0.19782255662303286 0.6349921313044986 0.2768869395273725 0.6440828027214281 0.2884001308599685
1 0.8155377609375 0.26398559687499995 0.8139883929310174 0.08482290047972152 0.8010679369766536 0.08493463434780693 0.802617304983136 0.26409733074308533
2 0.703900722032331 0.21394280178650432 0.07255729218750004 0.19684619375 0.07184962647956249 0.22297886838808623 0.7031930563243934 0.24007547642459048
2 0.8931481874566432 0.2103235281672428 0.8925114709811485 0.08092246890281403 0.07258547777196869 0.08495690564954676 0.07322219424746328 0.21435796491397557
2 0.8603893892778745 0.1772382197535797 0.7848361895372401 0.06793951693495819 0.7521098009458477 0.09056177420125242 0.827663000686482 0.19986047701987392
2 0.6580757526062883 0.2026604472281861 0.6574137037276795 0.17900652012649945 0.6041592906708431 0.18049705589646603 0.6048213395494518 0.20415098299815265
2 0.7220918029641693 0.14543220011431401 0.5521649572650176 0.037391422365140634 0.5247592877974687 0.0804951380539121 0.6946861334966205 0.18853591580308549
2 0.7821178390625 0.49229629687500004 0.7820299517490469 0.48248597651197 0.7641026306076366 0.48264658126637405 0.7641905179210897 0.4924569016294041
1 0.09004036406250004 0.447706790625 0.07198552149366355 0.4475718195098647 0.07191015625000005 0.45765329218749995 0.08996499881883654 0.4577882633026353
2 0.12493828609407646 0.4259342291250989 0.12412035058489664 0.40264309090996087 0.07209540445393214 0.4044700969759859 0.07291333996311197 0.4277612351911239
0 0.8620872724365638 0.7562553741394166 0.800738225332395 0.752664758923498 0.7979367375091052 0.8005308203357041 0.859285784613274 0.8041214355516226
0 0.5292293259647092 0.7584803750329188 0.46748745178229323 0.7518280542925928 0.46193644307623993 0.8033483724632182 0.5236783172586559 0.8100006932035442
0 0.7296837001637473 0.7886541121601136 0.7083066233142892 0.7859030184588092 0.7061483493427325 0.8026736535448757 0.7275254261921906 0.80542474724618
0 0.7494317228370941 0.7738582352944228 0.7489875079568926 0.7549582903504208 0.7249962463303947 0.7555221689987912 0.7254404612105962 0.7744221139427931
0 0.7142789584338356 0.7707809383405385 0.7089129557942723 0.7535488407305071 0.6870266392666438 0.7603641475442989 0.6923926419062071 0.7775962451543303
0 0.6948530201887797 0.8047755404222224 0.6940041357653257 0.7854369446063563 0.6689327815521879 0.7865374734280492 0.6697816659756419 0.8058760692439153
0 0.6791334675232477 0.7584450721809695 0.6490176088223516 0.7543067665210258 0.646215435958398 0.774699132131704 0.6763312946592942 0.7788374377916476
0 0.6591305855093466 0.7887896213524119 0.6322288164389906 0.7827165577454869 0.6277458690647558 0.802574610093021 0.6546476381351117 0.8086476736999462
0 0.6422913581833795 0.7758950753702287 0.6411985317742523 0.7537653995056661 0.6109020811715382 0.7552615245065062 0.6119949075806653 0.7773912003710688
0 0.6184895828125001 0.7854938265625 0.5930989578125001 0.7854938265625 0.5930989578125001 0.8045267484374999 0.6184895828125001 0.8045267484374999
0 0.6071614959427131 0.7633932157411477 0.5835960713848674 0.7481590005872003 0.5704410860691446 0.7685081167631596 0.5940065106269903 0.783742331917107
0 0.5359698166374661 0.6877188250364293 0.522140017020162 0.6718066994042541 0.5029527293081111 0.688483059960424 0.5167825289254152 0.7043951855925992
0 0.5773552920923974 0.696074535186427 0.5752995058346168 0.6778615489304219 0.554773405567359 0.6801784273523416 0.5568291918251397 0.6983914136083467
0 0.6323200355014343 0.6149008587757158 0.6119371754616273 0.6139535075193813 0.6112425210828474 0.6288994347919052 0.6316253811226544 0.6298467860482397
0 0.6653645828125 0.613168725 0.6451822921875 0.613168725 0.6451822921875 0.6286008234375 0.6653645828125 0.6286008234375
0 0.703029861767591 0.6137960561740221 0.6768659933390835 0.6122058450367351 0.6756703203563568 0.6318783462977642 0.7018341887848644 0.6334685574350511
0 0.7356770828125 0.6131687250000001 0.7109375 0.613168725 0.7109375 0.6306584359375 0.7356770828125 0.6306584359375002
0 0.765625 0.6136831281250001 0.7467447921875 0.6136831281250001 0.7467447921875 0.6280864203125002 0.765625 0.6280864203125002
0 0.8020833328125001 0.6131687250000002 0.7805989578125 0.6131687250000002 0.7805989578125 0.6286008234375002 0.8020833328125001 0.6286008234375002
0 0.8372395828125001 0.6116255140625002 0.8125 0.6116255140625002 0.8125 0.6291152265625002 0.8372395828125001 0.6291152265625002
0 0.8671875 0.6121399171875002 0.84765625 0.6121399171875002 0.84765625 0.6280864203125002 0.8671875 0.6280864203125002
0 0.8700337065680335 0.4801550783391108 0.847165487658008 0.47789648932531553 0.8455617144802814 0.494134696403394 0.8684299333903068 0.4963932854171893
0 0.835662975821533 0.49516519575976464 0.8349818716451471 0.4787867627556267 0.8101995792745393 0.47981734503598117 0.8108806834509252 0.49619577804011916
0 0.7994791671875 0.48045267500000016 0.7799479171875 0.48045267500000016 0.7799479171875 0.4953703703125002 0.7994791671875 0.4953703703125002
0 0.7649739578125 0.48045267500000016 0.7454427078125 0.48045267500000016 0.7454427078125 0.4953703703125002 0.7649739578125 0.4953703703125002
0 0.7337239578125 0.47993827187500016 0.7115885421875 0.47993827187500004 0.7115885421875 0.4953703703125001 0.7337239578125 0.4953703703125002
0 0.6979166671875 0.48148148125 0.6790364578125 0.48148148125 0.6790364578125 0.49588477343750004 0.6979166671875 0.49588477343750004
0 0.6640625 0.48096707812500006 0.6451822921875 0.48096707812500006 0.6451822921875 0.4953703703125 0.6640625 0.4953703703125
0 0.62890625 0.480452675 0.6106770828125 0.480452675 0.6106770828125 0.49588477343750004 0.62890625 0.49588477343750004
0 0.8216145828125001 0.2644032921875001 0.7884114578125 0.2644032921875001 0.7884114578125 0.2906378593750001 0.8216145828125001 0.2906378593750001
0 0.8764981942961334 0.19644445426652238 0.873696322574944 0.17634977493097742 0.8494285466875097 0.17973351616216443 0.8522304184086991 0.1998281954977094
0 0.744234907777054 0.2056771889413588 0.7420071236381515 0.18594040742131507 0.7159368847184362 0.18888307893560227 0.7181646688573388 0.208619860455646
0 0.7421875 0.1388888890625001 0.716796875 0.1388888890625001 0.716796875 0.1589506171875001 0.7421875 0.1589506171875001
0 0.874271484183082 0.0895637350481045 0.8728052531557176 0.0710067455461205 0.8498766928227376 0.07281838458215142 0.851342923850102 0.0913753740841354
0 0.8255208328125001 0.0699588484375001 0.794921875 0.06995884843750008 0.794921875 0.08230452656250009 0.8255208328125001 0.0823045265625001
0 0.6438802078125 0.06995884843750008 0.61328125 0.06995884843750007 0.61328125 0.08127572031250006 0.6438802078125 0.08127572031250008
0 0.6062657296406722 0.15764298878495023 0.6032269533277471 0.13713124405756322 0.5791273420797375 0.1407015560317257 0.5821661183926625 0.16121330075911272
0 0.6097351377338264 0.20516294206424418 0.6057777334439943 0.1853596351049504 0.5806042883886339 0.1903901837732465 0.5845616926784659 0.21019349073254032
0 0.5266927078125 0.09310699531250007 0.498046875 0.09310699531250007 0.498046875 0.11574074062500003 0.5266927078125 0.11574074062500003
0 0.5279947921875 0.07047325156250006 0.4973958328125 0.07047325156250006 0.4973958328125 0.08693415625000007 0.5279947921875 0.08693415625000007
0 0.521484375 0.23508230468750008 0.4908854171875 0.23508230468750008 0.4908854171875 0.2577160500000001 0.521484375 0.2577160500000001
0 0.5234375 0.2623456796875001 0.4895833328125 0.2623456796875001 0.4895833328125 0.2839506171875001 0.5234375 0.2839506171875001
0 0.523773880191859 0.3088659526562084 0.5218179031098467 0.28906170735193765 0.49220961081177583 0.29198598647910334 0.49416558789378817 0.3117902317833741
0 0.6399739578125 0.2669753093750001 0.6080729171875 0.2669753093750001 0.6080729171875 0.2906378593750001 0.6399739578125 0.2906378593750001
0 0.36675385972268726 0.43699237824246684 0.34448091142818055 0.42616261079821244 0.33522214814786766 0.4452045668582102 0.35749509644237437 0.45603433430246454
0 0.2786458328125001 0.36419753125 0.2636718750000001 0.36419753125 0.2636718750000001 0.3770576125 0.2786458328125001 0.3770576125
0 0.26721676329316535 0.3703635817994971 0.2551802501609721 0.35728687942871407 0.24335746302244465 0.3681692202985315 0.2553939761546379 0.3812459226693145
0 0.24869791718750003 0.3616255140625 0.23111979218750003 0.3616255140625 0.23111979218750006 0.3770576125 0.24869791718750006 0.3770576125
0 0.22833087389875423 0.44915751144053895 0.2257291987552652 0.4286010827443213 0.2002262487806911 0.431828802501241 0.2028279239241801 0.45238523119745866
0 0.2975260421875 0.2824074078125 0.2688802078125 0.2824074078125 0.2688802078125 0.3050411515625 0.2975260421875 0.3050411515625
0 0.13816122171963277 0.3975328737105385 0.11973646481853842 0.39389341746795115 0.1167537271440831 0.40899353487244144 0.13517848404517743 0.4126329911150289
0 0.17017407246980876 0.34377958320944 0.16900855984090166 0.32165304720390764 0.1391975498910421 0.32322333857569524 0.1403630625199492 0.3453498745812277
0 0.16207660539018404 0.2827910524871692 0.13450617453564662 0.2809757160661552 0.13296611385965623 0.3043653951844027 0.16053654471419365 0.3061807316054167
0 0.21223958281250002 0.2237654328125 0.19661458281250005 0.2237654328125 0.19661458281250005 0.23919753125 0.21223958281250002 0.23919753125
0 0.19990316081298715 0.23036765811908957 0.18540878222244117 0.2176428267050623 0.1745272159082994 0.2300376110981536 0.18902159449884537 0.24276244251218088
0 0.17968750000000006 0.22170781874999998 0.16210937500000006 0.22170781874999998 0.16210937500000006 0.23919753125 0.17968750000000006 0.23919753125
0 0.18194803777502563 0.1622140015616306 0.15664536285384695 0.16067613310213774 0.15537540990143403 0.1815707723814238 0.18067808482261274 0.18310864084091666
0 0.08960387728880476 0.11898972126964917 0.0716572737590479 0.11646597816083101 0.06908616541318269 0.1347494008887885 0.08703276894293954 0.13727314399760665
0 0.4134114578125 0.5905349796875 0.3710937500000001 0.5905349796875 0.3710937500000001 0.62397119375 0.4134114578125 0.62397119375
0 0.14831749069376987 0.4514211168029968 0.1157341164666282 0.4501951701405612 0.11486071922870451 0.4734084386490623 0.14744409345584616 0.47463438531149793