1 0.49332582062157426 0.7094230192957692 0.4805673052385594 0.692533867889741 0.41023034866710695 0.7456682806756327 0.4229888640501218 0.7625574320816609
1 1.0839255950952134 0.3257357532280213 0.8790241624969166 0.06439175192057238 0.3351663744480415 0.4907923555061087 0.5400678070463383 0.7521363568135576
1 0.8526486225490106 0.46435013987790763 0.8177083933000983 0.40665990611063574 0.31530318630918497 0.7109428316908137 0.35024341555809746 0.7686330654580856
1 0.42456334795034384 0.21015351739799723 0.3198303277939754 0.2066916552789538 0.30149917033918655 0.7612710744420926 0.4062321904955549 0.7647329365611361
1 0.39308473521307463 0.4956609014660264 0.35623778096191877 0.4927523163752269 0.3463093403132057 0.6185292102765412 0.38315629456436157 0.6214377953673408
1 0.15131993106777047 0.6278571108033185 0.1348644731759485 0.6278523014698385 0.1348251476384307 0.7624072724187505 0.15128060553025266 0.7624120817522306
1 0.17188291293585672 0.6159597706455384 0.12932448142859085 0.19363640177112862 0.07659604854464937 0.19894995902314044 0.11915448005191523 0.6212733278975502
1 0.4954761730805197 0.47833586368518793 0.46618968498497776 0.0630997446410839 0.3066281599537131 0.07435357466457065 0.3359146480492551 0.4895896937086747
1 0.40025807938984465 0.15351627899331563 0.3923146316865411 0.14345284552284282 0.3408389959223547 0.18408450686256878 0.34878244362565824 0.1941479403330416
1 0.4130978398168893 0.07467957368051603 0.40091251557348473 0.07462073859611924 0.4006074218750001 0.13780864218750005 0.4127927461184047 0.13786747727189685
1 0.3103787993980267 0.07358867391117745 0.29059637854930254 0.0733753553419971 0.28897854617103846 0.22340749315581715 0.3087609670197626 0.22362081172499754
1 0.7809721556925651 0.4297031090045243 0.7450092340187382 0.37179873323667073 0.722572525108257 0.3857335973029205 0.7585354467820837 0.443637973070774
1 0.7507506515625 0.35946502031250005 0.750001973894768 0.29968544792918883 0.7199173934510233 0.300062226360739 0.7206660711187554 0.3598417987440502
1 0.32437243098280855 0.5912195285187754 0.18796230815032478 0.4876784674976661 0.1788124800975407 0.4997329042232268 0.31522260293002446 0.603273965244336
1 0.3068173766970211 0.6271824488450364 0.24666655465311732 0.6149376889649838 0.21107748555924574 0.7897644542706066 0.27122830760314953 0.8020092141506593
1 0.3146115770168915 0.813487728449493 0.2691473885464338 0.6229805163573229 0.18356416031313613 0.6434047930845804 0.22902834878359393 0.8339120051767507
1 0.8817436245996909 0.39042812045431924 0.8745957256549547 0.33772259833427104 0.8477446031215733 0.3413641353630511 0.8548925020663095 0.39406965748309924
1 0.8472889107851144 0.28792106295249076 0.8328464656826544 0.2336420673638458 0.8114035180948334 0.2393475633851616 0.8258459631972933 0.29362655897380663
1 0.8270108676216174 0.17795350731046516 0.8064808944682197 0.17349162675199037 0.7952174515082501 0.22531690054686856 0.8157474246616477 0.2297787811053434
1 0.5006063208407875 0.23251584271109463 0.49441582464279427 0.11661577607569376 0.4738582159377575 0.11771380649295575 0.48004871213575073 0.23361387312835663
1 0.5630761718749999 0.07526440312500009 0.5544297242994526 0.06414128088432398 0.5027040255507961 0.104349734307886 0.5113504731263434 0.1154728565485621
2 0.3522202856027363 0.8086283888059977 0.2406737921731509 0.6218941951315149 0.16055293258166875 0.669754743658441 0.2720994260112542 0.8564889373329236
2 0.39011393281250006 0.8060092593750001 0.2142064266907731 0.6224630328178817 0.12682424227870737 0.7062085961439243 0.3027317484004343 0.8897548227010427
2 0.4771907546875001 0.6788806578125001 0.3916417324693321 0.6116265899092446 0.3805087145098618 0.6257880946399329 0.46605773672802975 0.6930421625431883
2 0.9271103825525879 0.6417277124415985 0.3319844886453451 0.5697840814299197 0.3255568440246807 0.6229542883933405 0.9206827379319235 0.6948979194050194
2 0.9259571160595952 0.6262274763933603 0.1193502834232735 0.4501749644629549 0.09602120954200939 0.5570600647399894 0.902628042178331 0.7331125766703948
2 0.9246828704974975 0.5560933957537333 0.14310150770920993 0.4878313684182437 0.13714093189019141 0.5560783155640602 0.918722294678479 0.6243403428995496
2 0.9242208170433942 0.5419932741069735 0.2793717217586944 0.4885781388412912 0.27472633500068916 0.5446591247500132 0.919575430285389 0.5980742600156954
2 0.9203273559717958 0.5014211608691695 0.31243605551836584 0.4882146750865006 0.3119977503863055 0.508389752780009 0.9198890508397355 0.521596238562678
2 0.9198157546875002 0.49156224218750005 0.6343619796875001 0.4902649171875 0.6343300551577398 0.4972893540365552 0.9197838301577399 0.4985866790365553
2 0.9194674484375 0.48831944375 0.9194632956128392 0.46670505702226717 0.34578661280175366 0.46681527891778984 0.3457907656264144 0.4884296656455227
2 0.9288096385963721 0.4723490300640041 0.9273230385774566 0.37919851694168927 0.8450949501731229 0.3805108046970637 0.8465815501920384 0.47366131781937854
2 0.8371195037097927 0.34504633810875907 0.81894457646536 0.32276535427115627 0.7640230530756332 0.3675656511986675 0.7821979803200658 0.3898466350362703
2 0.9174628702553609 0.13094721095230283 0.9079311124112961 0.11173368577552081 0.8287165878587869 0.15103171457658976 0.8382483457028517 0.1702452397533718
2 0.4844055984375001 0.28343672812500004 0.4844010902923703 0.2726522433672476 0.39210616841737017 0.2726908246172476 0.39211067656250004 0.28347530937500004
2 0.3646135921979216 0.27747522133312713 0.2649793498254116 0.1977729147089358 0.25577672843531163 0.20927692568275832 0.35541097080782164 0.28897923230694966
1 0.19792512968750003 0.0849259265625 0.18499627355114412 0.08488737534174291 0.1844622390625 0.26398559687499995 0.19739109519885592 0.2640241480957571
2 0.9275909793662585 0.22574057046704774 0.9274427078124999 0.19684619375000004 0.2961439989806338 0.2000857043773073 0.2962922705343924 0.22898008109435503
2 0.9275351023387935 0.10300758770218336 0.10781962879802935 0.08051552663539147 0.10426948218291268 0.2098994059120714 0.923984955723677 0.23239146697886331
2 0.24892575155064925 0.10494973241144026 0.21877056529650862 0.06763483250028665 0.11733354505519174 0.14960884946737057 0.14748873130933235 0.18692374937852418
2 0.3955045578125 0.19250720156250006 0.344012467404441 0.17730402970663767 0.3386237147667617 0.19555536177317973 0.39011580517482064 0.21075853362904212
2 0.47434178992638454 0.08138399701577441 0.457175651560787 0.043573883500993296 0.27148450515888617 0.12787936730112368 0.2886506435244838 0.1656894808159048
2 0.23589648437500005 0.4827453703124999 0.21802505505091002 0.4824850842354914 0.21788216093750007 0.4922962968750001 0.2357535902615901 0.4925565829520086
1 0.9280898437500001 0.45765329218749995 0.9279480202365749 0.4474565943456068 0.9099596359375001 0.44770679062500013 0.9101014594509254 0.45790348846689327
2 0.9299592312408309 0.41805133531616656 0.8787229171634122 0.4016413521668237 0.87298169144595 0.419566979595699 0.9242180055233687 0.4359769627450419
0 0.2018159351153443 0.8007824924999248 0.19948501720440157 0.752897993737898 0.13813199903713966 0.7558845311901784 0.14046291694808238 0.8037690299522051
0 0.5377500031692287 0.8037165251631357 0.5330542239958709 0.7522096822004694 0.4712034756362035 0.7578484952066254 0.4758992548095614 0.809355338169292
0 0.29405632241572965 0.8021562972253031 0.2912473843770488 0.7853692793481278 0.27004813731508914 0.7889165068485344 0.27285707535377 0.8057035247257096
0 0.27547371867728476 0.7563087688611116 0.2515854657261386 0.7543307436082103 0.2500038393974726 0.7734317585006869 0.27389209234861883 0.7754097837535883
0 0.3127362771361913 0.7597474083412952 0.29028565427107705 0.7541703194802943 0.28596030568844766 0.7715820502611711 0.3084109285535619 0.7771591391221717
0 0.33154443548812385 0.7875318347767196 0.3067337524973171 0.7845159078835919 0.30434008630179304 0.8042075301501275 0.3291507692925998 0.807223457043255
0 0.3533244640426728 0.7752795719469578 0.3520406826686461 0.7549697730230831 0.3211741331637107 0.7569208460732613 0.3224579145377374 0.777230644997136
0 0.36979166718750006 0.7844650203125 0.34244791718750006 0.7844650203125 0.34244791718750006 0.8050411515624999 0.36979166718750006 0.8050411515624999
0 0.38927213753748097 0.776044173083047 0.3881856463680278 0.754042785480314 0.3574330595350966 0.7555614357870641 0.3585195507045497 0.7775628233897972
0 0.40835258722476314 0.7887383718910563 0.38434646554060486 0.7839964201060665 0.3805813670722129 0.8030572237758047 0.4045874887563712 0.8077991755607945
0 0.42955891393085555 0.7685081167631591 0.41640392861513265 0.7481590005872001 0.39283850405728704 0.7633932157411476 0.4059934893730099 0.7837423319171066
0 0.49593081387938476 0.6899692656728973 0.4823016903836172 0.6714878071501709 0.46396249696735403 0.6850120174594203 0.47759162046312154 0.7034934759821466
0 0.44561773420617723 0.6809035869083584 0.4264673209454243 0.6766264259678372 0.42223743860849633 0.6955651556352457 0.4413878518692493 0.6998423165757669
0 0.38877635012229 0.6284459893810291 0.38765278524299523 0.6135148606246585 0.36759110126838224 0.6150244989046023 0.36871466614767706 0.629955627660973
0 0.3548177078125001 0.613168725 0.33463541718750006 0.613168725 0.33463541718750006 0.6286008234375 0.3548177078125001 0.6286008234375
0 0.32475010069541826 0.631313258331655 0.32280669903545556 0.6116363718657791 0.29666440486120854 0.6142183341077005 0.29860780652117125 0.6338952205735763
0 0.2890625000000001 0.613168725 0.26432291718750006 0.613168725 0.26432291718750006 0.6306584359375 0.2890625000000001 0.6306584359375
0 0.2532552078125001 0.613683128125 0.23437500000000008 0.613683128125 0.23437500000000008 0.6280864203125 0.2532552078125001 0.6280864203125
0 0.21940104218750006 0.613168725 0.1979166671875001 0.613168725 0.1979166671875001 0.6286008234375 0.21940104218750006 0.6286008234375
0 0.18750000000000008 0.6116255140625 0.1627604171875001 0.6116255140625 0.1627604171875001 0.6291152265625 0.18750000000000008 0.6291152265625
0 0.15234375000000008 0.6121399171874999 0.13281250000000008 0.6121399171874999 0.13281250000000008 0.6280864203125 0.15234375000000008 0.6280864203125
0 0.15435789049932486 0.4942218956624941 0.1529337752737507 0.4780003278991803 0.13005270829508941 0.48000909032813527 0.13147682352066356 0.49623065809144906
0 0.18945312500000006 0.47942386875 0.16471354218750006 0.47942386875 0.16471354218750006 0.49588477343750004 0.18945312500000006 0.49588477343750004
0 0.2200520828125001 0.480452675 0.2005208328125001 0.480452675 0.2005208328125001 0.4953703703125 0.2200520828125001 0.4953703703125
0 0.25455729218750006 0.480452675 0.23502604218750006 0.480452675 0.23502604218750006 0.4953703703125 0.25455729218750006 0.4953703703125
0 0.2884114578125001 0.47993827187500004 0.26627604218750006 0.47993827187500004 0.26627604218750006 0.4953703703125 0.2884114578125001 0.4953703703125
0 0.32096354218750006 0.48148148125 0.3020833328125001 0.48148148125 0.3020833328125001 0.49588477343750004 0.32096354218750006 0.49588477343750004
0 0.3548177078125001 0.48096707812500006 0.3359375000000001 0.48096707812500006 0.3359375000000001 0.4953703703125 0.3548177078125001 0.4953703703125
0 0.38932291718750006 0.480452675 0.3710937500000001 0.480452675 0.3710937500000001 0.49588477343750004 0.38932291718750006 0.49588477343750004
0 0.21267942759565842 0.26697603360723515 0.18055388440371725 0.2629681695346958 0.1772712506833653 0.2892805367851339 0.20939679387530646 0.29328840085767316
0 0.15084827911278434 0.1810275526096295 0.12742759755235872 0.17546971433971909 0.12259645485176504 0.1958281071659651 0.14601713641219066 0.2013859454358755
0 0.2848527109915261 0.19096270825109263 0.26103786730587747 0.18387078669988274 0.25491172933329354 0.2044425058256975 0.2787265730189422 0.2115344273769074
0 0.28357621122931365 0.14018819153067466 0.25864287602020936 0.1386121590529405 0.25738500537840436 0.15851207279513985 0.28231834058750865 0.160088105272874
0 0.14993741451810724 0.07266728039964532 0.1267190511707754 0.07175001198561677 0.1259956972730602 0.09005991273985453 0.14921406062039205 0.09097718115388308
0 0.205078125 0.06995884843750003 0.1744791671875 0.06995884843750003 0.1744791671875 0.08230452656250002 0.205078125 0.08230452656250002
0 0.38717161875259515 0.0799819724498879 0.386491117650903 0.06878559946679172 0.35600477794841023 0.07063851985319086 0.3566852790501024 0.08183489283628705
0 0.42114733845651753 0.14130973758027865 0.3978771799076762 0.13640118857273928 0.39347877143803633 0.15725290305982645 0.4167489299868777 0.16216145206736582
0 0.41948411191286167 0.1908182813903794 0.3943972583302409 0.18515493774315248 0.3899300985304181 0.20494306836157222 0.41501695211303885 0.2106064120087991
0 0.501953125 0.09310699531250007 0.4733072921875 0.09310699531250007 0.4733072921875 0.11574074062500003 0.501953125 0.11574074062500003
0 0.5026041671875 0.07047325156250006 0.4720052078125 0.07047325156250006 0.4720052078125 0.08693415625000007 0.5026041671875 0.08693415625000007
0 0.5091145828125 0.23508230468750008 0.478515625 0.23508230468750008 0.478515625 0.2577160500000001 0.5091145828125 0.2577160500000001
0 0.5104166671875 0.2623456796875001 0.4765625 0.2623456796875001 0.4765625 0.2839506171875001 0.5104166671875 0.2839506171875001
0 0.5078931498158135 0.292488945186996 0.4784673966320561 0.28881789322387114 0.47599627264778893 0.30862548112453714 0.5054220258315464 0.31229653308766203
0 0.3919270828125 0.2669753093750001 0.3600260421875 0.266975309375 0.3600260421875 0.29063785937500003 0.3919270828125 0.2906378593750001
0 0.664737814123853 0.4453529263452016 0.6556502039806981 0.4262053681240149 0.6332669849551851 0.43682865313524094 0.6423545950983399 0.45597621135642774
0 0.736328125 0.3641975312500001 0.7213541671875 0.3641975312500001 0.7213541671875 0.3770576125000001 0.736328125 0.3770576125000001
0 0.7566103737858034 0.3689324666163819 0.7456104668568605 0.3573440822665913 0.7325109733007482 0.3697783617644169 0.7435108802296913 0.3813667461142075
0 0.7688802078125 0.3616255140625001 0.7513020828125 0.3616255140625001 0.7513020828125 0.3770576125000001 0.7688802078125 0.3770576125000001
0 0.7994538135849939 0.43151755946362275 0.7739059561155917 0.4289943113954978 0.7718807965608154 0.44949902843533607 0.7974286540302177 0.45202227650346105
0 0.7311197921875 0.2824074078125001 0.7024739578125 0.2824074078125001 0.7024739578125 0.3050411515625001 0.7311197921875 0.3050411515625001
0 0.8829710158287188 0.40943820219336524 0.8805574324682798 0.3941819463250235 0.8620588303225949 0.39710847815009975 0.864472413683034 0.4123647340184415
0 0.8600260421874999 0.3225308640625001 0.830078125 0.3225308640625001 0.830078125 0.3446502062500001 0.8600260421874999 0.3446502062500001
0 0.8665364578125001 0.28189300468750006 0.8385416671874999 0.28189300468750006 0.8385416671874999 0.3050411515625001 0.8665364578125001 0.3050411515625001
0 0.8033854171874999 0.2237654328125001 0.7877604171875 0.2237654328125001 0.7877604171875 0.2391975312500001 0.8033854171874999 0.2391975312500001
0 0.8253831724061879 0.2302895216395596 0.8147301794413231 0.21766375243645272 0.800025229594582 0.23007105410227707 0.8106782225594467 0.24269682330538395
0 0.837890625 0.22170781875000006 0.8203125 0.22170781875000006 0.8203125 0.2391975312500001 0.837890625 0.2391975312500001
0 0.8451022009577647 0.18087210809035464 0.8430581763064262 0.160176353839007 0.817500983590372 0.1627005204529018 0.8195450082417105 0.1833962747042494
0 0.9308416509963132 0.13479314322666455 0.9284334705863196 0.11650601729495898 0.9104484506501501 0.11887441421229732 0.9128566310601437 0.1371615401440029
0 0.6295820271649528 0.5914458292478748 0.5872721282835756 0.5901600587200113 0.5862581622128734 0.623525889551309 0.6285680610942507 0.6248116600791724
0 0.8857434316621735 0.47131509110302894 0.8828598993514186 0.4482017952614082 0.8505539314376158 0.4522321725363754 0.8534374637483706 0.4753454683779961