1 0.30757230550067227 0.4787619269338407 0.24576851875 0.41669921875 0.23084249123318729 0.43156297588659154 0.29264627798385956 0.4936256840704322
1 0.9351627102870254 0.8743721964092561 0.31056148965590774 0.4879431447516417 0.18478277324669695 0.6912444738355008 0.8093839938778146 1.0776735254931151
1 0.5954922805490289 0.8130980508112289 0.26988699618188067 0.325403906887198 0.21047184925813797 0.36507197764597804 0.5360771336252863 0.8527661215700089
1 0.7925441620164257 0.39894095192681195 0.2405910186119824 0.3008405205758034 0.22420946513133364 0.3930098394357773 0.776162608535777 0.4911102707867858
1 0.5075854528183312 0.3735230537973885 0.3829113177788081 0.34584707032954415 0.3755781512476845 0.3788813505902928 0.5002522862872076 0.40655733405813715
1 0.3721476985301615 0.13486447317594846 0.2375927275812494 0.1348251476384307 0.23758791824776931 0.15128060553025263 0.3721428891966814 0.1513199310677704
1 0.8063635982288714 0.129324481428591 0.8010500409768596 0.07659604854464946 0.3787266721024498 0.11915448005191523 0.38404022935446164 0.17188291293585672
1 0.9369002553589159 0.46618968498497776 0.9256464253354292 0.30662815995371306 0.5104103062913252 0.3359146480492551 0.521664136314812 0.4954761730805197
1 0.8559546836404802 0.3928180967868609 0.8159794888812598 0.34083531170021264 0.8058552420366784 0.34862094186081205 0.845830436795899 0.4006037269474604
1 0.925379115625 0.40094270781250013 0.8621913578124998 0.4006074218750001 0.8621267025588653 0.41279230662866384 0.9253144603713654 0.4131275925661638
1 0.9264780255716433 0.3103262094905185 0.9262650907236388 0.29057937360665365 0.7764082303524369 0.2921953159263877 0.7766211652004414 0.31194215181025253
1 0.6282012667633293 0.7450092340187381 0.6142664026970797 0.722572525108257 0.556362026929226 0.7585354467820837 0.5702968909954758 0.7809721556925648
1 0.7003145520708113 0.7500019738947681 0.6999377736392612 0.7199173934510233 0.64015820125595 0.7206660711187554 0.6405349796875001 0.7507506515625001
1 0.512321532502334 0.18796230815032472 0.5002670957767733 0.17881248009754064 0.39672603475566415 0.3152226029300244 0.40878047148122487 0.32437243098280855
1 0.3751469893045415 0.23495096167205212 0.20063996542847656 0.23431232163510388 0.20038106974936193 0.3050550121068094 0.37488809362542685 0.30569365214375765
1 0.37701948364267723 0.2691473885464338 0.3565952069154196 0.1835641603131361 0.16608799482324926 0.22902834878359385 0.1865122715505069 0.31461157701689146
1 0.664463739769207 0.8689830030186473 0.6529937984744174 0.8441596819087843 0.6042391437095831 0.8666874099885777 0.6157090850043728 0.8915107310984407
1 0.766357932636154 0.8328464656826544 0.7606524366148383 0.8114035180948334 0.7063734410261934 0.8258459631972933 0.7120789370475092 0.8472889107851145
1 0.8246494835863762 0.8043291630455451 0.7725644718182834 0.802856105401036 0.7719484983194498 0.8246359638167385 0.8240335100875427 0.8261090214612477
1 0.8833842239243064 0.4944158246427944 0.8822861935070444 0.4738582159377575 0.7663861268716434 0.48004871213575073 0.7674841572889055 0.5006063208407876
1 0.9329863384955829 0.5575298653098842 0.8962986644292112 0.5029529111101899 0.8847527707599638 0.5107142820029742 0.9214404448263356 0.5652912362026686
2 0.37810580486848505 0.24067379217315094 0.3302452563415591 0.16055293258166883 0.1435110626670762 0.27209942601125425 0.1913716111940022 0.3522202856027364
2 0.3775369671821185 0.214206426690773 0.2937914038560759 0.1268242422787073 0.11024517729895737 0.3027317484004343 0.193990740625 0.3901139328125
2 0.3883734100907554 0.39164173246933204 0.37421190536006704 0.38050871450986173 0.3069578374568117 0.46605773672802975 0.32111934218750005 0.4771907546875
2 0.43021591857008057 0.331984488645345 0.37704571160665956 0.32555684402468066 0.30510208059498056 0.9206827379319235 0.35827228755840157 0.9271103825525879
2 0.5498250355370452 0.1193502834232735 0.44293993526001074 0.0960212095420094 0.26688742332960547 0.9026280421783313 0.37377252360663993 0.9259571160595952
2 0.5121686315817565 0.14310150770920996 0.4439216844359398 0.13714093189019136 0.3756596571004503 0.9187222946784788 0.44390660424626704 0.9246828704974973
2 0.5114218611587089 0.27937172175869435 0.45534087524998695 0.2747263350006891 0.40192573998430464 0.9195754302853887 0.4580067258930266 0.9242208170433939
2 0.5117853249134996 0.3124360555183658 0.49161024721999114 0.31199775038630545 0.4784037614373221 0.9198890508397355 0.4985788391308306 0.9203273559717957
2 0.5097350828125001 0.6343619796875001 0.5027106459634447 0.6343300551577398 0.5014133209634448 0.9197838301577399 0.5084377578125001 0.9198157546875002
2 0.5331918217261948 0.3457915135625105 0.5115737006748502 0.34578736002036503 0.5114634781330134 0.9194674067297539 0.5330815991843582 0.9194715602718994
2 0.6208014830583106 0.9273230385774566 0.6194891953029361 0.8450949501731231 0.5263386821806214 0.8465815501920384 0.5276509699359958 0.9288096385963719
2 0.6637065615035487 0.8333271260841238 0.6348763466525953 0.7660148991642435 0.6147349355384959 0.7746415816614965 0.6435651503894493 0.8419538085813771
2 0.8896968836945505 0.9057898329572108 0.8432609482950335 0.8309944419846571 0.8233796939817747 0.8433375105741459 0.8698156293812918 0.9181329015466995
2 0.7274084729179585 0.48432432076879045 0.7267168196924467 0.3920342932399127 0.7158716186494882 0.39211557090862215 0.716563271875 0.48440559843750003
2 0.802227085291064 0.26497934982541166 0.7907230743172416 0.2557767284353116 0.7110207676930503 0.3554109708078216 0.7225247786668728 0.36461359219792167
1 0.9151770995202785 0.18601160706898243 0.7360144031249999 0.1844622390625001 0.7359026692569145 0.19738269501686423 0.915065365652193 0.1989320630233466
2 0.8031538062499999 0.9274427078125 0.7860571982134958 0.29609927796766905 0.7599245235754096 0.29680694367560656 0.7770211316119138 0.9281503735204376
2 0.9194844733646088 0.10781962879802946 0.7901005940879285 0.10426948218291274 0.7676085330211365 0.923984955723677 0.8969924122978167 0.9275351023387938
2 0.9320604830650417 0.21516381046275992 0.8227617802464202 0.13961061072212555 0.8001395229801261 0.17233699931351804 0.9094382257987477 0.24789019905415238
2 0.8226959702933625 0.34401246740444125 0.8044446382268203 0.3386237147667618 0.7892414663709579 0.3901158051748208 0.8074927984375 0.3955045578125002
2 0.9626085776348596 0.44783504273498254 0.8545677998856862 0.2779081970358307 0.8114640841969146 0.3053138665033795 0.919504861946088 0.47524071220253133
2 0.5175149157645085 0.21802505505090997 0.507703703125 0.21788216093750004 0.5074434170479916 0.2357535902615901 0.5172546296875 0.23589648437500005
1 0.5524281804901354 0.9280144785063366 0.552293209375 0.9099596359375003 0.5422117366973647 0.9100350011811636 0.5423467078125 0.9280898437499999
2 0.5983586478331767 0.8787229171634122 0.5804330204043013 0.8729816914459502 0.5640230372549584 0.9242180055233689 0.5819486646838338 0.9299592312408309
0 0.2471020062621018 0.19948501720440162 0.24411546880982143 0.13813199903713969 0.19623097004779474 0.14046291694808238 0.19921750750007508 0.2018159351153443
0 0.2481719457074072 0.5325125482177071 0.24151962496708151 0.4707706740352912 0.18999930679645624 0.47632168274134434 0.19665162753678195 0.5380635569237603
0 0.2140969815411911 0.2916933766857109 0.21134588783988648 0.27031629983625277 0.19457525275381998 0.2724745738078096 0.19732634645512462 0.2938516506572677
0 0.24498970869199846 0.25097076494935533 0.2260687813325835 0.2506138042871394 0.22561614535123406 0.27460606290243283 0.244537072710649 0.27496302356464875
0 0.24582968051970572 0.2902856542710771 0.2284179497388291 0.2859603056884475 0.2228408608778282 0.3084109285535617 0.24025259165870483 0.3127362771361913
0 0.21483482770511833 0.30635412799881784 0.19536787889681775 0.30505740074647003 0.19371130536008016 0.32992649498233834 0.21317825416838074 0.33122322223468614
0 0.24569323347897418 0.3509823911776483 0.24155492781903048 0.32086653247675234 0.22116256220835234 0.3236687053407059 0.2253008678682961 0.35378456404160186
0 0.2172834422545132 0.36777118356100924 0.211210378647588 0.34086941449065344 0.19135232630005378 0.3453523618648884 0.19742538990697897 0.3722541309352442
0 0.2465344860531226 0.38759764663639784 0.24336545774406587 0.35684815990104546 0.22161136375769058 0.3590901270686289 0.22478039206674733 0.3898396138039813
0 0.21600357989393362 0.3843464655406049 0.19694277622419523 0.38058136707221285 0.19220082443920536 0.40458748875637107 0.21126162810894375 0.40835258722476314
0 0.2518409994128 0.41640392861513253 0.2366067842588524 0.39283850405728693 0.2162576680828933 0.40599348937301 0.2314918832368409 0.42955891393085555
0 0.3281959363109339 0.4837197620819979 0.31584030592112905 0.4641948087034993 0.2965855019517946 0.4763794852280143 0.3089411323415995 0.49590443860651295
0 0.32349898225143386 0.4267027200826784 0.3045034722014669 0.42219499675288397 0.2999785881500307 0.4412628219465636 0.31897409819999767 0.44577054527635795
0 0.38604649248061856 0.38806282453837276 0.3850991412242842 0.36767996449856566 0.37015321395176015 0.3683746188773455 0.3711005652080946 0.3887574789171526
0 0.386831275 0.33463541718750006 0.3713991765625 0.33463541718750006 0.3713991765625 0.3548177078125001 0.386831275 0.3548177078125001
0 0.3877941549632651 0.32313400666091646 0.3862039438259778 0.2969701382324089 0.3665314425649487 0.2981658112151358 0.368121653702236 0.32432967964364334
0 0.386831275 0.26432291718750006 0.3693415640625 0.26432291718750006 0.3693415640625 0.2890625000000001 0.386831275 0.2890625000000001
0 0.38631687187499997 0.23437500000000008 0.3719135796875 0.23437500000000008 0.3719135796875 0.2532552078125001 0.38631687187499997 0.2532552078125001
0 0.386831275 0.19791666718750006 0.3713991765625 0.19791666718750006 0.3713991765625 0.21940104218750006 0.386831275 0.21940104218750006
0 0.3883744859375 0.16276041718750006 0.3708847734375 0.16276041718750006 0.3708847734375 0.18750000000000006 0.3883744859375 0.18750000000000006
0 0.3878600828125 0.13281250000000006 0.3719135796875 0.13281250000000006 0.3719135796875 0.15234375000000006 0.3878600828125 0.15234375000000006
0 0.5221035106746845 0.1528345123419918 0.5198449216608892 0.12996629343196667 0.5036067145828108 0.13157006660969334 0.5058653035966061 0.15443828551971853
0 0.52057613125 0.16471354218750006 0.5041152265625 0.16471354218750006 0.5041152265625 0.18945312500000006 0.52057613125 0.18945312500000006
0 0.519547325 0.2005208328125001 0.5046296296875 0.2005208328125001 0.5046296296875 0.2200520828125001 0.519547325 0.2200520828125001
0 0.519547325 0.23502604218750006 0.5046296296875 0.23502604218750006 0.5046296296875 0.25455729218750006 0.519547325 0.25455729218750006
0 0.520061728125 0.26627604218750006 0.5046296296875 0.26627604218750006 0.5046296296875 0.2884114578125001 0.520061728125 0.2884114578125001
0 0.51851851875 0.3020833328125001 0.5041152265625 0.3020833328125001 0.5041152265625 0.32096354218750006 0.51851851875 0.32096354218750006
0 0.5190329218749999 0.3359375000000001 0.5046296296875 0.3359375000000001 0.5046296296875 0.3548177078125001 0.5190329218749999 0.3548177078125001
0 0.519547325 0.3710937500000001 0.5041152265625 0.3710937500000001 0.5041152265625 0.38932291718750006 0.519547325 0.38932291718750006
0 0.7370318304653042 0.18055388440371742 0.7107194632148661 0.17727125068336536 0.7067115991423267 0.20939679387530646 0.7330239663927648 0.21267942759565855
0 0.8249793832994688 0.1455207288810934 0.8154140582439051 0.12130850357952756 0.7973932944952822 0.1284278187543269 0.8069586195508458 0.15264004405589274
0 0.8122427984374999 0.25651041718750006 0.7921810703125 0.25651041718750006 0.7921810703125 0.2832031250000001 0.8122427984374999 0.2832031250000001
0 0.8613878409470598 0.25864287602020947 0.8414879272048603 0.2573850053784044 0.839911894727126 0.2823183405875087 0.8598118084693255 0.2835762112293138
0 0.9282499880143833 0.12671905117077548 0.9099400872601455 0.12599569727306034 0.909022818846117 0.14921406062039225 0.9273327196003548 0.14993741451810738
0 0.9300411515624999 0.17447916718750014 0.9176954734375 0.17447916718750014 0.9176954734375 0.20507812500000008 0.9300411515624999 0.20507812500000008
0 0.9300411515624999 0.35611979218750006 0.9187242796874999 0.35611979218750006 0.9187242796874999 0.3867187500000001 0.9300411515624999 0.3867187500000001
0 0.8640038899904712 0.3986489011213009 0.8430195820130436 0.3933372485894469 0.8371963979869289 0.4163424218910555 0.8581807059643565 0.42165407442290953
0 0.8146403648950498 0.39422226655600584 0.7948370579357558 0.39026486226617374 0.7898065092674597 0.41543830732153414 0.8096098162267538 0.4193957116113662
0 0.9068930046875 0.47330729218750023 0.884259259375 0.47330729218750023 0.884259259375 0.5019531250000002 0.9068930046875 0.5019531250000002
0 0.9295267484374999 0.47200520781250016 0.9130658437499999 0.47200520781250016 0.9130658437499999 0.5026041671875002 0.9295267484374999 0.5026041671875002
0 0.7649176953125 0.47851562500000017 0.74228395 0.47851562500000017 0.74228395 0.5091145828125001 0.7649176953125 0.5091145828125001
0 0.7376543203125 0.4765625000000001 0.7160493828125001 0.4765625 0.7160493828125001 0.5104166671875 0.7376543203125 0.5104166671875001
0 0.711182106776129 0.4784673966320561 0.691374518875463 0.47599627264778893 0.687703466912338 0.5054220258315463 0.707511054813004 0.5078931498158135
0 0.733024690625 0.36002604218750006 0.7093621406249999 0.36002604218750006 0.7093621406249999 0.3919270828125001 0.733024690625 0.3919270828125001
0 0.5738373892017876 0.6555190885718197 0.5630076217575333 0.6332461402773129 0.5439656656975356 0.6425049035576257 0.5547954331417898 0.6647778518521326
0 0.6358024687500001 0.7213541671875 0.6229423875000001 0.7213541671875 0.6229423875000002 0.736328125 0.6358024687500002 0.736328125
0 0.6427131205712858 0.7448197498390281 0.629636418200503 0.7327832367068349 0.6187540773306855 0.7446060238453621 0.6318307797014684 0.7566425369775553
0 0.6383744859375001 0.7513020828125 0.6229423875000002 0.7513020828125 0.6229423875000002 0.7688802078125 0.6383744859375001 0.7688802078125
0 0.5710056886045022 0.7739059561155915 0.550500971564664 0.7718807965608154 0.5479777234965392 0.7974286540302178 0.5684824405363773 0.799453813584994
0 0.7175925921874999 0.7024739578125 0.6949588484375 0.7024739578125 0.6949588484375001 0.7311197921875 0.7175925921875 0.7311197921875
0 0.6061065825320491 0.8802635351814615 0.6024671262894615 0.8618387782803673 0.5873670088849712 0.8648215159548227 0.5910064651275586 0.883246272855917
0 0.6774691359375001 0.830078125 0.6553497937500002 0.830078125 0.6553497937500002 0.8600260421874999 0.6774691359375001 0.8600260421874999
0 0.7190242839338448 0.8654938254643533 0.7172089475128308 0.8379233946098157 0.6938192683945832 0.8394634552858061 0.6956346048155971 0.8670338861403437
0 0.7762345671875002 0.7877604171875002 0.7608024687500002 0.7877604171875002 0.7608024687500002 0.8033854171874999 0.7762345671875002 0.8033854171874999
0 0.7823362475635474 0.8147301794413229 0.7699289458977231 0.800025229594582 0.7573031766946163 0.8106782225594469 0.7697104783604406 0.8253831724061877
0 0.7782921812500001 0.8203125 0.7608024687500002 0.8203125 0.7608024687500002 0.837890625 0.7782921812500001 0.837890625
0 0.8393238668978624 0.8433546371461531 0.8377859984383692 0.8180519622249742 0.8168913591590833 0.8193219151773873 0.8184292276185765 0.8446245900985663
0 0.8836078276135735 0.9281629532720392 0.8807692106724581 0.9102201040049284 0.8625013302630713 0.9131101419267988 0.8653399472041867 0.9310529911939097
0 0.4098399412799889 0.5872721282835757 0.3764741104486911 0.5862581622128735 0.3751883399208277 0.6285680610942508 0.4085541707521254 0.6295820271649529
0 0.5498048298594388 0.8842658835333719 0.5485788831970032 0.8516825093062301 0.5253656146885022 0.8525559065441538 0.5265915613509378 0.8851392807712954