1 0.47204903479105803 0.39108361663643265 0.466289173313241 0.3832533210819708 0.42982575850172655 0.4100753250359371 0.4355856199795435 0.41790562059039893
1 0.4744576828125001 0.5072016453125 0.4676458444835361 0.5068545341427476 0.463837250733536 0.5815957903927477 0.4706490890625 0.5819429015625002
1 0.47285237454034557 0.4043207265605945 0.470027036137121 0.4005250339100904 0.43156510468749987 0.42915432031249995 0.43439044309072444 0.4329500129630041
1 0.4821989842627731 0.4219845792149168 0.46661297302688903 0.4113706299223644 0.4305450723744547 0.46433439386441044 0.4461310836103388 0.47494834315696277
1 0.4847674139598797 0.43650499170154866 0.4693426360041917 0.4256258576352064 0.4299449789645566 0.4814850931317901 0.4453697569202446 0.4923642271981324
1 0.47909328368969917 0.4756951004185085 0.4696159614444143 0.466236766841533 0.4294336475672931 0.506499751232535 0.4389109698125779 0.5159580848095106
1 0.43477567633373615 0.4425301536237887 0.29132948598036384 0.44164338118075736 0.2912790723652558 0.4497983944381338 0.4347252627186281 0.45068516688116517
1 0.38792578125 0.451963478125 0.3879024663046957 0.4491186991774091 0.2916837163046957 0.4499072788649093 0.29170703124999997 0.4527520578125001
1 0.33602443227192913 0.39841143910685695 0.32933339616576296 0.38928299253305604 0.28017133321013554 0.425318164085005 0.28686236931630177 0.4344466106588059
1 0.26423145836567774 0.4694631172124864 0.2584311141311636 0.46295460248329834 0.241978210357577 0.4776173188656032 0.24777855459209114 0.4841258335947913
1 0.3338178819180423 0.49121517846811463 0.2504508962419047 0.4854390304510286 0.24855243519654144 0.5128394665733966 0.33191942087267906 0.5186156145904827
1 0.3412278885277971 0.5222153158512617 0.32421243731238947 0.5023055841085936 0.2643134486197338 0.5534970483194297 0.2813288998351415 0.5734067800620977
1 0.3806170985938374 0.5832564465257756 0.2516820766802088 0.5549442635435214 0.2468658619949256 0.5768775332732685 0.37580088390855415 0.6051897162555225
1 0.680349738459298 0.5080107790856141 0.6481470711513689 0.43092887191828994 0.2625313245533675 0.5920283575529441 0.2947339918612965 0.6691102647202684
1 0.5480130338879741 0.5636658883122355 0.5479399093663108 0.5567465877024792 0.5010505793752181 0.5572421233093405 0.5011237038968814 0.5641614239190968
1 0.5665931622120548 0.5641589419811835 0.5629646867370982 0.5515765012655133 0.49544989242564536 0.5710461559129423 0.499078367900602 0.5836285966286126
1 0.5888901913380904 0.5620389789871123 0.583774740258467 0.5517854229322947 0.5326059036078765 0.5773133158201824 0.5377213546874999 0.5875668718750001
1 0.6064401046875001 0.5597829218750002 0.6019666989756554 0.5545095869083707 0.5691196954298209 0.5823739221362223 0.5735931011416656 0.5876472571028518
1 0.6237365242692773 0.5635948746223665 0.6203754545690974 0.5591296363428311 0.6026279161256662 0.5724885457628236 0.605988985825846 0.5769537840423589
1 0.6400501296875001 0.5601075109375001 0.635101498818161 0.5600563021890338 0.6349660764777268 0.5731430343264291 0.6399147073470659 0.5731942430748955
1 0.6564361984375001 0.559627571875 0.6516611850356241 0.5595980809020189 0.6515729171875 0.5738899171875002 0.656347930589376 0.5739194081604813
1 0.6895800781249999 0.5733245890625002 0.6695720855768282 0.5564281904871589 0.6668268234374999 0.5596790125000002 0.6868348159856714 0.5765754110753415
1 0.7205950515625001 0.5765473250000002 0.6928381476478914 0.5558504835384162 0.6882974034056694 0.5619401567799159 0.7160543073202781 0.5826369982414998
1 0.7567430731480417 0.5806051847828779 0.710345832159949 0.5487743179475534 0.7015382378046042 0.5616124250573729 0.7479354787926968 0.5934432918926974
1 0.5264486507772034 0.4822078479668412 0.5254794878483524 0.4765292956411938 0.49803409175864893 0.48121342267435263 0.49900325468749995 0.4868919750000001
1 0.7233518092029663 0.35924735665206764 0.500462969738976 0.35899592084776843 0.5002648058485097 0.5346611157582009 0.7231536453125 0.5349125515625002
1 0.753618608114564 0.3139948160442674 0.7479579116739394 0.30627597905690507 0.70353515625 0.3388539093750001 0.7091958526906245 0.34657274636236235
1 0.7783864475663128 0.3015962706944064 0.2656765065948435 0.2983942740321671 0.26505548762253006 0.3978330412213566 0.7777654285939994 0.4010350378835959
1 0.3785864351665726 0.3168295283410285 0.34978165090252533 0.2891208267968096 0.22918453894721097 0.4144884405479042 0.2579893232112582 0.442197142092123
1 0.31182096406250004 0.30881944375000003 0.3118143862828756 0.3066048422679746 0.26418743315787563 0.3067463032054746 0.26419401093750006 0.30896090468750004
1 0.41632574453966054 0.3106291573309899 0.4162982268138296 0.3004772211900802 0.330725086961669 0.30070917479659026 0.33075260468749995 0.31086111093749996
1 0.5678333328125001 0.3388816875000001 0.567620951771635 0.33106777806960525 0.31954466371189866 0.3378104592769341 0.31975704475276384 0.34562436870732893
1 0.2656795236661086 0.475371848315573 0.2594186203125 0.471193415625 0.2579207372713914 0.4734378219969271 0.26418164062500005 0.4776162546875001
1 0.720548828125 0.32234619375000007 0.7120478862081543 0.3117085980840241 0.6805495698330695 0.33688020324659557 0.6890505117499153 0.3475177989125715
1 0.6873856253360697 0.3225945342385938 0.6833477375532151 0.31855733535872405 0.6651109482093575 0.33679723660739186 0.6691488359922121 0.3408344354872616
1 0.6568033014405092 0.3204798320694244 0.649756775626504 0.3186593308477333 0.6451894266309173 0.3363379471625717 0.6522359524449224 0.3381584483842628
1 0.6360142919351168 0.33659390071527684 0.6359114578125 0.3202530859375 0.63215060253352 0.320276753316279 0.6322534366561368 0.33661756809405585
1 0.4855088503684282 0.32899508842058645 0.48541273000284385 0.3201715096575177 0.42903728090363213 0.3207856401507002 0.42913340126921645 0.329609218913769
1 0.5606009610126994 0.4424211713480428 0.5590155423770587 0.42519360618964913 0.49855513616099356 0.4307576573978169 0.5001405547966342 0.4479852225562107
1 0.5872762539228045 0.41480243376066017 0.5745334518348759 0.3982614780647152 0.4991142289209353 0.45636285073529803 0.5118570310088638 0.4729038064312432
1 0.5899410766811649 0.49751197773438954 0.5894732831788823 0.48617954499550703 0.49974392853517574 0.4898834989508056 0.5002117220374583 0.501215931689688
2 0.7728296125126943 0.5554808967151537 0.7706125536340311 0.4110555908147265 0.5381605583427149 0.41462393887402654 0.5403776172213782 0.5590492447744537
2 0.7659418677559734 0.532552810574336 0.7645213261787018 0.4512785320016007 0.7451106765625 0.4516177984375 0.7465312181397715 0.5328920770102353
2 0.7386709148926105 0.5200585241463614 0.6981898064951472 0.45020802450794467 0.6779885689843919 0.46191543518745287 0.7184696773818552 0.5317659348258696
2 0.7409160156250001 0.5097829218750001 0.7195487564374162 0.49160948570166496 0.7170468527771279 0.49455107712454527 0.7384141119647116 0.5127245132978804
2 0.7307571609374998 0.45096965000000006 0.7069797696532791 0.4329519390293533 0.7052220046875 0.43527160468750015 0.7289993959717207 0.4532893156581469
2 0.7384905167104667 0.49944115237153514 0.7332751637623273 0.47098178163201504 0.7267140415271063 0.47218414722561003 0.7319293944752459 0.5006435179651302
2 0.7412984402334168 0.43262825189807275 0.7350743077205816 0.4311398898465664 0.7305937923195504 0.44987681044568556 0.7368179248323856 0.451365172497192
2 0.7392154953124999 0.4730365218750003 0.7355178725206044 0.4689269030103177 0.7334002128906303 0.4708322637678716 0.7370978356825258 0.47494188263255416
2 0.7379832537432167 0.5240692593946049 0.6946085114659253 0.49525467567170145 0.6863920076480152 0.5076230214701156 0.7297667499253067 0.5364376051930191
2 0.7093048000858876 0.5279376658081332 0.6762237979046255 0.5002814257694465 0.6701206331525772 0.5075817242262392 0.7032016353338394 0.5352379642649259
2 0.7347036359378987 0.5375013816294896 0.5633373316291926 0.49760410049768417 0.556204565051147 0.5282406705421008 0.7275708693598529 0.5681379516739062
1 0.7187546464963945 0.5347234745509863 0.7187271787535071 0.5321296300614078 0.5388214900696127 0.5340347570729216 0.5388489578125001 0.5366286015625
2 0.7399680793143029 0.37889318283957324 0.7352562979375893 0.3729408209151453 0.6818435382863325 0.4152213894354896 0.686555319663046 0.4211737513599175
2 0.6798424484375001 0.40545884843750024 0.6765116510358089 0.4054147499065731 0.6763791154215224 0.4154252711284 0.6797099128232136 0.4154693696593271
2 0.6299329421875 0.46532716093750015 0.6067439665788504 0.44692570773646817 0.6044539346030113 0.4498115393634932 0.6276429102116609 0.4682129925645252
2 0.6879815491174959 0.3683701045572049 0.6525351562500001 0.35405967031250013 0.6494161773477838 0.36178526057921767 0.6848625702152795 0.37609569482392247
1 0.706281429513638 0.37016264498122453 0.6978807752782046 0.3269473168211382 0.30544987290576414 0.4032322014324004 0.3138505271411976 0.4464475295924867
1 0.5528188438559197 0.36476572852070427 0.5478170442940749 0.33588585174370245 0.3445276499316672 0.37109420154037903 0.349529449493512 0.39997407831738085
2 0.7241174057086732 0.3061511430075952 0.6381339755076267 0.14500825679499676 0.14971653019772097 0.4056204892355401 0.23569996039876745 0.5667633754481385
2 0.4030045578124999 0.30477983593750013 0.4010710550514737 0.30258271077169974 0.3947701828125 0.3081275718750001 0.39670368557352614 0.31032469704080046
2 0.6533852671477252 0.3091422722157341 0.6340932046330756 0.29980101915353113 0.6089294360149926 0.35177059904303554 0.6282214985296422 0.36111185210523844
2 0.5935808402064591 0.3234443878525043 0.5626988469905669 0.32320919030001544 0.561952727372611 0.42117645541877435 0.5928347205885032 0.42141165297126315
2 0.5813398995709353 0.395525317012714 0.5777293255599295 0.320270214104409 0.5670875360478776 0.32078078371574315 0.5706981100588835 0.3960358866240482
2 0.5162337053353213 0.32241917581656654 0.5089023461665766 0.3163013481629203 0.4858405980937121 0.3439376216497201 0.49317195726245683 0.35005544930336635
2 0.52201953125 0.35365226406250005 0.5118274734375 0.35365226406250005 0.5118274734375 0.38281018593750005 0.52201953125 0.38281018593750005
2 0.5178092453125 0.38260288125 0.4943416348481848 0.3609276221707503 0.49104918097714645 0.3644923327301374 0.5145167914414617 0.38616759180938715
2 0.47056249999999994 0.39139660468750004 0.46995000102785844 0.3548575704608295 0.4658686213403584 0.3549259860858295 0.4664811203124999 0.39146502031249997
2 0.6286861984375001 0.5051111109375 0.5939961450761453 0.4710327817889324 0.5896129287289765 0.4754946792110378 0.6243029820903313 0.5095730083596054
2 0.5895730612962284 0.48309234434831455 0.5878232160487233 0.47269413349036216 0.5834880974913266 0.47342366155135834 0.5852379427388316 0.48382187240931074
2 0.43644254874281946 0.41897301065220827 0.4330706541862295 0.4134995664248501 0.3932265773063017 0.4380453588661529 0.3965984718628917 0.44351880309351105
1 0.44065213426522565 0.5040550356563356 0.4382431805673937 0.4948656787714027 0.3779560581234775 0.5106697103659359 0.38036501182130944 0.5198590672508688
2 0.472759199298629 0.4809143906630343 0.47006612445891777 0.47464677179501874 0.44307787802400184 0.4862431003166365 0.44577095286371315 0.49251071918465206
2 0.47976562500000003 0.5012752062500001 0.47856927462607013 0.4998109257768081 0.4400136718749999 0.531311728125 0.4412100222489298 0.532776008598192
2 0.47355381300642413 0.5371823964271312 0.47308051352716224 0.5275719776854151 0.4411091950172518 0.5291465197328256 0.4415824944965137 0.5387569384745416
2 0.3197349703517127 0.5340779438253422 0.3183709192870273 0.5252751413839972 0.2590037879978146 0.534474461621155 0.26036783906249994 0.5432772640625
2 0.3197845046875 0.5363127578125001 0.3151928976698452 0.5305581891033287 0.2559728461073452 0.5778102453533287 0.26056445312500004 0.5835648140625
2 0.333899456808365 0.47207848673028074 0.3065527685694114 0.43689702422441856 0.23323599457354635 0.49388643905663787 0.2605826828125 0.5290679015625
2 0.28102148437499996 0.4735293203125 0.2803704421875 0.42936985625 0.2762057543046651 0.4294312561688409 0.27685679649216505 0.47359072023134086
2 0.33712584617965125 0.42709743286940255 0.28122958050287833 0.4268036000757595 0.2812026921357271 0.4319186156438571 0.3370989578125 0.4322124484375001
2 0.2666184890625001 0.41850720156250015 0.2543495608439462 0.4089310098577165 0.2509281274678967 0.413314518645907 0.26319705568645047 0.42289071035069065
2 0.38359969913315023 0.3952981854948253 0.3771874757789624 0.3940505147591634 0.3720307324032433 0.42055285176220114 0.37844295575743114 0.42180052249786304
2 0.37782226562500004 0.43956687187500004 0.3764821772265875 0.4379592148936517 0.35289493816408746 0.4576207383311518 0.3542350265625 0.45922839531250015
2 0.4735788775294626 0.4511379884861476 0.4703669174164021 0.42694132810284835 0.36771187564388313 0.44056816314350006 0.37092383575694365 0.4647648235267994
2 0.4700518697133721 0.4756408752055501 0.46883931070456464 0.466171128508838 0.37039235164585416 0.47877682440752345 0.37160491065466156 0.4882465711042355
1 0.41770156753082527 0.5293709742488809 0.4176728196413527 0.5245760715909384 0.3334341427355273 0.5250811254670575 0.33346289062499995 0.529876028125
2 0.4149763397587087 0.3237029532094104 0.3911157406480405 0.30858047136567235 0.3309245586508416 0.4035515004912348 0.35478515776150976 0.4186739823349729
2 0.4677973778691751 0.3374454697626924 0.4571695713914921 0.32445942357976565 0.4127266130458726 0.3608316306349015 0.42335441952355557 0.3738176768178283
2 0.4827962666550752 0.4106542928641508 0.4790427000974905 0.40598958060207513 0.4387261054971189 0.4384312431753462 0.4424796720547037 0.4430959554374218
2 0.5745084640625 0.46676491718750024 0.5639007228726677 0.45856736686739186 0.5614335647878878 0.46175990285872964 0.5720413059777201 0.46995745317883797
2 0.5476343180394714 0.45527361576636427 0.5132803382165109 0.43622644398427646 0.49958766507275315 0.4609229092802643 0.5339416448957136 0.47997008106235206
2 0.5360356905248105 0.46084998060475524 0.5156078859580882 0.4483228029179168 0.49919723585248754 0.4750833040898833 0.5196250404192099 0.4876104817767217
2 0.5175924484375 0.5115123453125 0.5143415779774942 0.5090039153855908 0.5049904558273697 0.5211227656829965 0.5082413262873754 0.5236311956099058
2 0.5249727797269862 0.5111771954458489 0.5025370678976016 0.5110982357312992 0.5023638890862269 0.5603054793126335 0.5247996009156115 0.5603844390271833
2 0.625761543723926 0.4774483224914075 0.6020107958981595 0.44758940927895663 0.5938329216083347 0.45409435567893003 0.6175836694341013 0.4839532688913808
2 0.7268815198436809 0.4420920776535812 0.6424035772335145 0.36695027017878046 0.5493554567203145 0.47155932935444655 0.633833399330481 0.5467011368292474
2 0.6275462234375 0.5181867281250001 0.5791493868493223 0.45604032728234767 0.5640052644983149 0.4678338922314872 0.6124021010864924 0.5299802930741396
2 0.6566840463776727 0.38753312458390565 0.6160047719351833 0.3874006217664011 0.6157967254198854 0.4512723299458779 0.6564759998623748 0.4514048327633824
2 0.6213868235799521 0.40380845583556707 0.6115230517114972 0.3992642405199526 0.6093284764691149 0.4040278329194228 0.6191922483375698 0.40857204823503734
0 0.7412414527943214 0.5773519332726064 0.7257014249261469 0.575119471919829 0.7239834689751009 0.5870780589396378 0.7395234968432756 0.5893105202924153
0 0.7063802078125 0.5761316875 0.689453125 0.5761316875 0.689453125 0.5889917703124999 0.7063802078125 0.5889917703124999
0 0.67353745974213 0.5770541988463667 0.6559389534318525 0.5750677718584142 0.6544646843856984 0.5881288776876967 0.6720631906959759 0.5901153046756493
0 0.6393229171875 0.575617284375 0.6217447921875 0.575617284375 0.6217447921875 0.5895061734375 0.6393229171875 0.5895061734375
0 0.60546875 0.5766460906249999 0.5872395828125 0.5766460906249999 0.5872395828125 0.5905349796875 0.60546875 0.5905349796875
0 0.5709635421875 0.57716049375 0.552734375 0.57716049375 0.552734375 0.5905349796875 0.5709635421875 0.5905349796875
0 0.5375254129773922 0.5775534481673269 0.5195709117071823 0.5761348211405443 0.5185045618702833 0.5896308134906357 0.5364590631404932 0.5910494405174184
0 0.5042121807267016 0.5779126212967813 0.4859830135441626 0.576883814958878 0.48524505896510756 0.5899594511589143 0.5034742261476465 0.5909882574968177
0 0.46957160497218203 0.5780899621971951 0.4526395427332746 0.5766034716195503 0.45145941921045196 0.5900458204904673 0.4683914814493594 0.5915323110681121
0 0.43624892191501424 0.5786989503275892 0.41974714134703195 0.5754858649883243 0.4167611019279451 0.5908215819264842 0.43326288249592737 0.5940346672657489
0 0.402085755516924 0.5790880459681266 0.3822321955468829 0.5769964781901371 0.3807529070597079 0.5910381664405425 0.400606467029749 0.593129734218532
0 0.4342447921875 0.510288065625 0.4153645828125 0.510288065625 0.4153645828125 0.5241769546875 0.4342447921875 0.5241769546875
0 0.4348958328125 0.4850823046875 0.4166666671875 0.4850823046875 0.4166666671875 0.4974279828125 0.4348958328125 0.4974279828125
0 0.4346938583467496 0.4681996143470393 0.43240602215833324 0.45516967796507785 0.4149155165201785 0.45824071458257576 0.4172033527085949 0.4712706509645372
0 0.43396222739150503 0.43047359209830305 0.4169666949512182 0.42898152937858913 0.41568698298390216 0.4435582532437318 0.432682515424189 0.4450503159634457
0 0.4344946928813546 0.4153891931645243 0.4328975666926841 0.40123966306457276 0.41432440325956704 0.4033361062337767 0.41592152944823757 0.4174856363337282
0 0.3982944375986746 0.3221438644195472 0.39751809113652276 0.3093705364552252 0.3796931646406312 0.3104539125856945 0.38046951110278304 0.3232272405500164
0 0.43268288537285465 0.3086349480513199 0.41441019292826525 0.3070931885162416 0.41314952759138707 0.3220343965660173 0.4314222200359764 0.3235761561010956
0 0.46675684609004164 0.3088769589070449 0.44850132302985485 0.3077674118754795 0.447612358608737 0.3223936602702917 0.4658678816689238 0.3235032073018571
0 0.5006510421875 0.3076131687500001 0.4817708328125 0.3076131687500001 0.4817708328125 0.3220164609375001 0.5006510421875 0.3220164609375001
0 0.533203125 0.3076131687500001 0.5143229171875 0.3076131687500001 0.5143229171875 0.3225308640625001 0.533203125 0.3225308640625001
0 0.568359375 0.30709876562500005 0.548828125 0.30709876562500005 0.548828125 0.32098765468750007 0.568359375 0.32098765468750007
0 0.6032054446836669 0.30801176400270536 0.5835906501422372 0.30660284533383686 0.5824744946327114 0.32214182673807734 0.602089289174141 0.32355074540694584
0 0.6370203364123235 0.3082788614436137 0.6192362726062737 0.3054653677194339 0.6169970997656192 0.3196191553496449 0.634781163571669 0.3224326490738248
0 0.6712239578125 0.30709876562500005 0.6510416671875 0.30709876562500005 0.6510416671875 0.32098765468750007 0.6712239578125 0.32098765468750007
0 0.705078125 0.3060699593750001 0.685546875 0.3060699593750001 0.685546875 0.3220164609375001 0.705078125 0.3220164609375001
0 0.73828125 0.3060699593750001 0.7194010421875 0.3060699593750001 0.7194010421875 0.32047325156250006 0.73828125 0.32047325156250006
0 0.2805989578125001 0.4197530859375 0.2636718750000001 0.4197530859375 0.2636718750000001 0.432098765625 0.2805989578125001 0.432098765625
0 0.2812500000000001 0.471193415625 0.26432291718750006 0.471193415625 0.26432291718750006 0.4840534984375 0.2812500000000001 0.4840534984375
1 0.33054201590005217 0.3146890774315789 0.3303157546875 0.30127674843749996 0.3112750403499478 0.3015979585059211 0.3115013015625 0.3150102875
1 0.2647298171875 0.3018852875 0.243955078125 0.3018852875 0.243955078125 0.3147402265625 0.2647298171875 0.3147402265625
1 0.26550130156249996 0.3472530859375 0.24324869843750002 0.3472530859375 0.24324869843750002 0.3620267484375 0.26550130156249996 0.3620267484375
1 0.3329557296875 0.345805040625 0.31428385468750003 0.345805040625 0.31428385468750003 0.360799896875 0.3329557296875 0.360799896875
1 0.35118164062500007 0.39023405312500004 0.3327246093750001 0.39023405312500004 0.3327246093750001 0.40468364218749997 0.35118164062500007 0.40468364218749997
1 0.2517607681700113 0.4208955279611441 0.2514200602790266 0.4057837778989243 0.22072520400098222 0.40647582082601835 0.22106591189196695 0.4215875708882382
1 0.25019597874821015 0.48301043233099905 0.2203564569636483 0.48272252378968605 0.22022320520763233 0.4965330507658434 0.2500627269921942 0.4968209593071564
1 0.2668340857829024 0.5562726342302596 0.26672070312499996 0.5430267484375001 0.24857216421709763 0.5431820970197404 0.24868554687500005 0.5564279828124999
1 0.3812630203125001 0.5108153296875 0.36384114531250006 0.5108153296875 0.36384114531250006 0.5247916671875 0.3812630203125001 0.5247916671875
1 0.3533072921875001 0.5102031890625 0.3365234375000001 0.5102031890625 0.3365234375000001 0.525352365625 0.3533072921875001 0.525352365625
2 0.44113932343749995 0.5313091562500001 0.3194596359375001 0.5313091562500001 0.3194596359375001 0.538526234375 0.44113932343749995 0.538526234375
1 0.4975911453125 0.3863065843750001 0.47027343750000006 0.3863065843750001 0.47027343750000006 0.39313785937500006 0.4975911453125 0.39313785937500006
1 0.49758463593749996 0.39864454687500006 0.4703190109375 0.39864454687500006 0.4703190109375 0.40753857968749996 0.49758463593749996 0.40753857968749996
1 0.4981673171875 0.41235082343749996 0.4699186203125 0.41235082343749996 0.4699186203125 0.4203652265625 0.4981673171875 0.4203652265625
1 0.4979720046875 0.42514917656250006 0.47118164062499995 0.42514917656250006 0.47118164062499995 0.43375 0.4979720046875 0.43375
1 0.5011848953125 0.46684670781250004 0.47252604218750005 0.46684670781250004 0.47252604218750005 0.47526234531249995 0.5011848953125 0.47526234531249995
1 0.4991276046875 0.480293209375 0.47242187500000005 0.480293209375 0.47242187500000005 0.4880709875 0.4991276046875 0.4880709875
1 0.49990234375 0.4940020578125 0.47261067656250005 0.4940020578125 0.47261067656250005 0.5013786015624999 0.49990234375 0.5013786015624999
1 0.4999186203125 0.5062268515625 0.4742610671875 0.5062268515625 0.4742610671875 0.5144110078125 0.4999186203125 0.5144110078125
1 0.4994498703125 0.44004886875000004 0.47213867187499997 0.44004886875000004 0.47213867187499997 0.44830504062500004 0.4994498703125 0.44830504062500004
1 0.5004817703125 0.45306841562500005 0.4715625 0.45306841562500005 0.4715625 0.4620138890625 0.5004817703125 0.4620138890625
2 0.3707025287436169 0.4858371857487057 0.3702767586401669 0.4562031148250504 0.33220173165309536 0.45675016110232064 0.3326275017565454 0.486384232025976
1 0.26621744843750006 0.5897505140625 0.2486263015625001 0.5897505140625 0.2486263015625001 0.6016177984375 0.26621744843750006 0.6016177984375
2 0.2609375000000001 0.5736213984375 0.24835937500000008 0.5736213984375 0.24835937500000008 0.5845884781249999 0.2609375000000001 0.5845884781249999
2 0.25979166718750013 0.5197916671875 0.24914062500000006 0.5197916671875 0.24914062500000006 0.5300231484375 0.25979166718750013 0.5300231484375
2 0.2611686203125001 0.532659465625 0.2487662765625001 0.532659465625 0.2487662765625001 0.5444598765625 0.2611686203125001 0.5444598765625
2 0.26301562500000003 0.5710859046875001 0.2627683763972969 0.5557601017259379 0.2480372560847969 0.555997756413438 0.24828450468750002 0.5713235593750001
1 0.29026367187500013 0.43502829218750005 0.2606477859375001 0.43502829218750005 0.2606477859375001 0.440516975 0.29026367187500013 0.440516975
1 0.2914941406250001 0.44192644062499997 0.2604720046875001 0.44192644062499997 0.2604720046875001 0.4475282921875 0.2914941406250001 0.4475282921875
1 0.2917187500000001 0.44889403281250007 0.2608203125000001 0.44889403281250007 0.2608203125000001 0.4546759265625 0.2917187500000001 0.4546759265625
1 0.29128580781250013 0.45616255156249996 0.2609016921875001 0.45616255156249996 0.2609016921875001 0.46127572031249997 0.29128580781250013 0.46127572031249997
1 0.2893424484375001 0.46324331250000006 0.2606445312500001 0.46324331250000006 0.2606445312500001 0.46855709843750004 0.2893424484375001 0.46855709843750004
1 0.37170679552238883 0.4404431460367741 0.3712095621776956 0.4171426494806889 0.3363479655893439 0.4178865970713013 0.33684519893403714 0.4411870936273865
1 0.38921292542205127 0.3909476249950552 0.3627571609375001 0.38946913593750004 0.36187661219834444 0.4052254852599577 0.3883323766828956 0.4067039743175129
2 0.3857128906250001 0.42120370312500005 0.3757324218750001 0.42120370312500005 0.3757324218750001 0.43968107031250003 0.3857128906250001 0.43968107031250003
0 0.398972875869041 0.4504400839988308 0.39363579484703837 0.44425052258484826 0.38586493425584345 0.4509511124670656 0.3912020152778461 0.45714067388104807
2 0.4889518234375 0.5223559671875 0.4729622390625 0.5223559671875 0.4729622390625 0.5376543203125 0.4889518234375 0.5376543203125
2 0.5134765625 0.5227494859374999 0.49874999999999997 0.5227494859374999 0.49874999999999997 0.5377443421875 0.5134765625 0.5377443421875
2 0.5118098953125 0.3480349796875001 0.4908072921875 0.3480349796875001 0.4908072921875 0.36206790156250007 0.5118098953125 0.36206790156250007
2 0.48689453125000004 0.3476491765625001 0.4687434890625 0.3476491765625001 0.4687434890625 0.3621244859375001 0.48689453125000004 0.3621244859375001
1 0.554228515625 0.34028549375000006 0.543935546875 0.34028549375000006 0.543935546875 0.3618441359375001 0.554228515625 0.3618441359375001
1 0.5375065109375 0.3400488687500001 0.5259309890625 0.3400488687500001 0.5259309890625 0.3626260281250001 0.5375065109375 0.3626260281250001
1 0.5724381515625 0.33888117343750007 0.5611295578125 0.33888117343750007 0.5611295578125 0.3619110078125001 0.5724381515625 0.3619110078125001
1 0.5887141921875 0.3391152265625001 0.5789680984375 0.3391152265625001 0.5789680984375 0.3613580250000001 0.5887141921875 0.3613580250000001
1 0.6058854171875 0.3309310703125001 0.5963802078125 0.3309310703125001 0.5963802078125 0.3610956796875001 0.6058854171875 0.3610956796875001
1 0.6229036453125001 0.3306970171875001 0.612421875 0.3306970171875001 0.612421875 0.3617103906250001 0.6229036453125001 0.3617103906250001
1 0.6400683593750001 0.3371244859375001 0.6289811203125 0.3371244859375001 0.6289811203125 0.3622273656250001 0.6400683593750001 0.3622273656250001
1 0.6557584640624999 0.3370087453125001 0.6461165359375001 0.3370087453125001 0.6461165359375001 0.3620550406250001 0.6557584640624999 0.3620550406250001
1 0.6735188796875 0.3381815843750001 0.6635123703125 0.3381815843750001 0.6635123703125 0.3612114203125001 0.6735188796875 0.3612114203125001
1 0.69142578125 0.33899948593750007 0.68064453125 0.33899948593750007 0.68064453125 0.36082561718750006 0.69142578125 0.36082561718750006
1 0.7071158859375 0.3386471187500001 0.6963476562500001 0.3386471187500001 0.6963476562500001 0.3613323046875001 0.7071158859375 0.3613323046875001
1 0.723984375 0.3381764406250001 0.7132421875 0.3381764406250001 0.7132421875 0.36116512343750007 0.723984375 0.36116512343750007
2 0.762843032198671 0.39871942802929816 0.7623612163957592 0.3576087792685177 0.72406125523544 0.3580576538811596 0.7245430710383519 0.39916830264194014
2 0.758466796875 0.4178112140625002 0.738720703125 0.4178112140625002 0.738720703125 0.43380401250000017 0.758466796875 0.43380401250000017
2 0.7540266921875001 0.4732381687500002 0.7361165359374999 0.4732381687500002 0.7361165359374999 0.4815869343750002 0.7540266921875001 0.4815869343750002
2 0.7549153640624999 0.49405607031250015 0.73759765625 0.49405607031250015 0.73759765625 0.5012011312500002 0.7549153640624999 0.5012011312500002
2 0.7660716540066039 0.5411891043500365 0.7652688930254317 0.5318602767349322 0.7327239663261218 0.5346608212799959 0.7335267273072941 0.5439896488951002
2 0.7613062699382118 0.5263677080517537 0.7607116892510348 0.508580985953817 0.7347669272677697 0.5094482764148536 0.7353615079549466 0.5272349985127903
2 0.7272395828125 0.4845807609375001 0.709921875 0.4845807609375 0.709921875 0.4929192390625001 0.7272395828125 0.49291923906250024
2 0.7571354171875 0.4378086421875002 0.7377994796875 0.4378086421875002 0.7377994796875 0.4511522640625002 0.7571354171875 0.4511522640625002
2 0.7428279780253575 0.45090430229676537 0.728383877731253 0.4508723249406533 0.7283347114293344 0.47308063364243685 0.7427788117234388 0.4731126109985489
2 0.705910910849566 0.3771825332517865 0.7055419416919443 0.3614278963795547 0.6864513433423782 0.3618749928152682 0.6868203125 0.3776296296875
2 0.7065752754644036 0.38306078507558516 0.6866586043400937 0.38259531506237066 0.6862552078124999 0.39985596718750005 0.7061718789368098 0.40032143720071456
0 0.6839479379845748 0.40181006359161675 0.6781042454210056 0.3963868339348795 0.6726419842318446 0.40227258414494454 0.6784856767954139 0.4076958138016818
2 0.7072827248887872 0.41561547853705844 0.6769622839644924 0.4155952495880541 0.6769042953640837 0.5025122679956403 0.7072247362883785 0.5025324969446446
0 0.6878488229020961 0.5039767743561275 0.67922024788178 0.5039424612111036 0.6791937685231397 0.5106011085708306 0.6878223435434558 0.5106354217158544
2 0.652839704953615 0.3511558140755133 0.6001163278031065 0.35087586648718144 0.5995936590925869 0.4493116476764608 0.6523170362430952 0.4495915952647926
2 0.65578125 0.3998971187500001 0.62015625 0.3998971187500001 0.62015625 0.4112757203125 0.65578125 0.4112757203125
2 0.6020093305201526 0.4647338839988202 0.51351044027401 0.3730651283301659 0.49096233333625017 0.3948335316054974 0.5794612235823928 0.4865022872741516
0 0.5832242329866016 0.40151177037395 0.5777358695577213 0.39478994721415983 0.5714702501635947 0.39990582062001134 0.576958613592475 0.4066276437798016
2 0.5677506515624999 0.4529835390625 0.5461946609375 0.4529835390625 0.5461946609375 0.459146090625 0.5677506515624999 0.459146090625
2 0.5679264328125 0.4673148140625 0.5457063796875 0.4673148140625 0.5457063796875 0.47236625468750004 0.5679264328125 0.47236625468750004
2 0.5677018234375 0.4795164609375 0.5452408859375 0.4795164609375 0.5452408859375 0.4861213984375 0.5677018234375 0.4861213984375
2 0.5683984375 0.49359310624999997 0.5462239578125 0.49359310624999997 0.5462239578125 0.498855453125 0.5683984375 0.498855453125
2 0.5685351562500001 0.5066846703125 0.5446028640625 0.5066846703125 0.5446028640625 0.5117412546875 0.5685351562500001 0.5117412546875
2 0.5689615890625 0.51988683125 0.544697265625 0.51988683125 0.544697265625 0.525164609375 0.5689615890625 0.525164609375
2 0.5681184890625001 0.5330838484375 0.5444856765625 0.5330838484375 0.5444856765625 0.538016975 0.5681184890625001 0.538016975
2 0.5696516921875 0.5470601859374999 0.5443457031250001 0.5470601859374999 0.5443457031250001 0.552384259375 0.5696516921875 0.552384259375
2 0.6453971359375 0.45123971249999995 0.6221158859375 0.45123971249999995 0.6221158859375 0.4584413578125 0.6453971359375 0.4584413578125
2 0.64771484375 0.46555041093750005 0.6239908859375001 0.46555041093750005 0.6239908859375001 0.47186728437500003 0.64771484375 0.47186728437500003
2 0.64626953125 0.47802983593750004 0.6233268234375 0.47802983593750004 0.6233268234375 0.485509259375 0.64626953125 0.485509259375
2 0.647138671875 0.49268775781249996 0.6229785156250001 0.49268775781249996 0.6229785156250001 0.49873199531249995 0.647138671875 0.49873199531249995
2 0.64626953125 0.50528549375 0.62349609375 0.50528549375 0.62349609375 0.5116280859375 0.64626953125 0.5116280859375
2 0.64873046875 0.519135803125 0.6226236984375 0.519135803125 0.6226236984375 0.5248662546875 0.64873046875 0.5248662546875
2 0.6465787765625 0.5325128593749999 0.6227962234375 0.5325128593749999 0.6227962234375 0.5390612140625 0.6465787765625 0.5390612140625
2 0.6466634109375 0.54601851875 0.622216796875 0.54601851875 0.622216796875 0.5525720171875 0.6466634109375 0.5525720171875
1 0.7274576828125 0.5352469140625 0.7167220046875 0.5352469140625 0.7167220046875 0.5583744859375 0.7274576828125 0.5583744859375002
1 0.71044921875 0.535578703125 0.6994466140625 0.535578703125 0.6994466140625 0.558865740625 0.71044921875 0.558865740625
1 0.6938541671875 0.5363966046875001 0.6829427078125 0.5363966046875001 0.6829427078125 0.5595807609375 0.6938541671875 0.5595807609375
1 0.6766341140625001 0.5365612140625 0.6653841140625001 0.5365612140625 0.6653841140625001 0.559200103125 0.6766341140625001 0.559200103125
1 0.66025390625 0.5373791156250001 0.6489908859375 0.5373791156250001 0.6489908859375 0.5592772640625 0.66025390625 0.5592772640625
1 0.6428287765625 0.5363966046875001 0.632587890625 0.5363966046875001 0.632587890625 0.5596939296875 0.6428287765625 0.5596939296875
1 0.6266471359375 0.5373791156250001 0.6161783859375001 0.5373791156250001 0.6161783859375001 0.5603472218750001 0.6266471359375 0.5603472218750001
1 0.6090201828125 0.5377031890625 0.596904296875 0.5377031890625 0.596904296875 0.559611625 0.6090201828125 0.559611625
1 0.5915950515625 0.5378677984375 0.58126953125 0.5378677984375 0.58126953125 0.5603009265625001 0.5915950515625 0.5603009265625001
1 0.5750032546875 0.538364196875 0.5644498703124999 0.538364196875 0.5644498703124999 0.5592798359375 0.5750032546875 0.5592798359375
1 0.5579915359375 0.5363966046875001 0.5456673171875 0.5363966046875001 0.5456673171875 0.5591692390625 0.5579915359375 0.5591692390625
1 0.53974609375 0.53459105 0.52861328125 0.53459105 0.52861328125 0.5601826125 0.53974609375 0.5601826125
2 0.5246028640625 0.48149434218750004 0.5158007812500001 0.48149434218750004 0.5158007812500001 0.511149690625 0.5246028640625 0.511149690625
2 0.5156608078125 0.48148919687499997 0.4937923171875 0.48148919687499997 0.4937923171875 0.49813014375 0.5156608078125 0.49813014375
2 0.5673502609375001 0.3619855968750001 0.5372330734374999 0.3619855968750001 0.5372330734374999 0.40029835468749997 0.5673502609375001 0.40029835468749997
2 0.41626953125000005 0.5824022640625001 0.40121744843749996 0.5824022640625001 0.40121744843749996 0.5868467078124999 0.41626953125000005 0.5868467078124999
2 0.4866634109375 0.3873405343750001 0.4709537765625 0.3873405343750001 0.4709537765625 0.4074228390625 0.4866634109375 0.4074228390625
2 0.5135579421875 0.43824331250000004 0.4968977859375 0.43824331250000004 0.4968977859375 0.45721965000000003 0.5135579421875 0.45721965000000003
2 0.49810304382342335 0.45657225650080296 0.49752408431901696 0.4384160028061914 0.47204343580809355 0.43922851974288835 0.47262239531249994 0.4573847734374999
0 0.44411985877418836 0.44251479554814177 0.43473235180137804 0.44028940753863005 0.43293039753923124 0.4478907148739296 0.4423179045120416 0.45011610288344117
0 0.7784212234375001 0.5731250000000002 0.755810546875 0.5731250000000002 0.755810546875 0.5896322015625002 0.7784212234375001 0.5896322015625002
0 0.7738053390624999 0.3048791156250001 0.752900390625 0.3048791156250001 0.752900390625 0.3210673875000001 0.7738053390624999 0.3210673875000001
0 0.7369791671875 0.30709876562500005 0.7220052078125 0.30709876562500005 0.7220052078125 0.3189300406250001 0.7369791671875 0.3189300406250001
0 0.7037760421875 0.30709876562500005 0.6875 0.30709876562500005 0.6875 0.3189300406250001 0.7037760421875 0.3189300406250001
0 0.6692708328125 0.3076131687500001 0.6536458328125 0.3076131687500001 0.6536458328125 0.3194444437500001 0.6692708328125 0.3194444437500001
0 0.6360614053322933 0.30928373443475793 0.6207297893815428 0.30625526685932636 0.6183582668923342 0.3182610985605064 0.6336898828430847 0.32128956613593795
0 0.6009114578125 0.3086419750000001 0.5846354171875 0.3086419750000001 0.5846354171875 0.3199588484375001 0.6009114578125 0.3199588484375001
0 0.56640625 0.3086419750000001 0.5514322921875 0.3086419750000001 0.5514322921875 0.32047325156250006 0.56640625 0.32047325156250006
0 0.5319010421875 0.3091563781250001 0.5162760421875 0.3091563781250001 0.5162760421875 0.32098765468750007 0.5319010421875 0.32098765468750007
0 0.4992136403380143 0.31010751910965223 0.48353832573184363 0.3085593407020837 0.48239996144576835 0.3200852851497152 0.498075276051939 0.3216334635572838
0 0.4641927078125 0.3096707812500001 0.4498697921875 0.3096707812500001 0.4498697921875 0.3215020578125001 0.4641927078125 0.3215020578125001
0 0.4303385421875 0.3101851859375001 0.4147135421875 0.3101851859375001 0.4147135421875 0.32098765468750007 0.4303385421875 0.32098765468750007
0 0.43599283906249997 0.3728935187500001 0.41326497343749996 0.3728935187500001 0.41326497343749996 0.3918904328125001 0.43599283906249997 0.3918904328125001
0 0.431640625 0.37602880625000007 0.4166666671875 0.37602880625000007 0.4166666671875 0.3878600828125001 0.431640625 0.3878600828125001
0 0.534548859995185 0.4767741596499703 0.5267578272440006 0.47660649636664865 0.5266193765829709 0.4830400673497272 0.5344104093341553 0.4832077306330489
0 0.5958697629331219 0.48201915297725934 0.5886044944344312 0.4817991026607265 0.5884006966245463 0.4885277719559534 0.595665965123237 0.48874782227248625
0 0.4473636833964772 0.49103903809433 0.43901185500306605 0.4885429945102747 0.4365248002537709 0.49686474602287617 0.444876628647182 0.49936078960693137
0 0.38964928608440524 0.397415043480499 0.3882380166306206 0.39064447505625227 0.3804551228074229 0.3922667554360492 0.38186639226120755 0.39903732386029594
0 0.3114120634666258 0.4320434633425994 0.30353738734314784 0.4317267525450498 0.3032576419900732 0.4386823223252854 0.31113231811355113 0.43899903312283506
0 0.5655196535138132 0.4264804860665484 0.5641232719518137 0.41938205182739335 0.5553003857935046 0.42111766212397467 0.5566967673555041 0.42821609636312974