1 0.5697546533781898 0.40898425406969763 0.5306045118325315 0.38698407745072205 0.526263961423751 0.3947082501168294 0.5654141029694092 0.41670842673580505
1 0.5327764422853217 0.5073319193507272 0.5255423171874999 0.5072016453125 0.5241980279430186 0.5818501070825697 0.5314321530408405 0.5819803811207969
1 0.5684348953124999 0.4291543203125001 0.5299042968750001 0.4006172843750001 0.5270910877183498 0.4044156687823012 0.5656216861558497 0.43295270471980113
1 0.5682327370350374 0.46532188562037413 0.5337335312558212 0.4113028156370996 0.5183918723254024 0.4211007453052509 0.5528910781046186 0.4751198152885254
1 0.5671356797325604 0.48388491541051304 0.5310518994595818 0.4255410872574782 0.5160968936722741 0.43479027710143026 0.5521806739452527 0.4931341052544651
1 0.5671157954808879 0.5103833825408861 0.531006267040447 0.4663018867141934 0.5213650457100577 0.4741995305963112 0.5574745741504987 0.5182810264230038
1 0.7086953125 0.44565483593750005 0.7083530780134958 0.43774594064130223 0.5650768468730155 0.44394580365076636 0.5654190813595197 0.4518546989469641
1 0.7083039068811418 0.44990675304625516 0.612083547351811 0.4495368556196193 0.6120726092206694 0.4523821603858643 0.7082929687500001 0.4527520578125001
1 0.7197369003295917 0.4250740063427143 0.66688671875 0.39443981406250006 0.6618261918216144 0.4031702471879176 0.714676373401206 0.43380443946813185
1 0.7539329018832707 0.48229277029323575 0.7428921986332534 0.4631229033046413 0.736778619334206 0.46664396137334824 0.7478193225842231 0.4858138283619427
1 0.7519569320950354 0.4934479462001041 0.7464770261246265 0.4755877269230031 0.6633019545129486 0.5011076583663094 0.6687818604833575 0.5189678776434105
1 0.7355053668236169 0.5528468084691582 0.6647932488514705 0.5146002081154851 0.6551959367341725 0.5323441712488961 0.7259080547063188 0.5705907716025692
1 0.7487507705843504 0.5862966750318657 0.7485787765624999 0.5561322015625 0.6195667502618719 0.5568678118589319 0.6197387442837223 0.5870322853282975
1 0.7366542025555542 0.5913588679032928 0.3294504155590795 0.4749372037587876 0.3124827559609617 0.5342843647497582 0.7196865429574364 0.6507060288942634
1 0.49908576117224746 0.561386019884851 0.4523096800427517 0.5564855670607075 0.45162126182269197 0.5630566958253566 0.49839734295218785 0.5679571486495001
1 0.5044486277404749 0.5688117820251632 0.43542852142862287 0.5563190681685015 0.4328307617287709 0.5706712459829981 0.501850868040623 0.5831639598396599
1 0.46573570524147245 0.5825237470009266 0.41890093848832066 0.5504185345645929 0.41125829406371894 0.5615675487539031 0.4580930608168707 0.5936727611902367
1 0.43069723671154014 0.5817199933875982 0.39562761244284683 0.556865391251924 0.3917527667754996 0.562332764292589 0.4268223910441929 0.5871873664282632
1 0.39598502656250006 0.574331275 0.3800630592001942 0.5590502226288181 0.37618669793962567 0.5630891654958469 0.39210866530193156 0.5783702178670288
1 0.36489973906250006 0.5601759265624999 0.359951782743264 0.5600386032888929 0.359591757743264 0.5730108251638929 0.3645397140625001 0.5731481484375001
1 0.34842708281249996 0.5738899171874999 0.34819667620594813 0.559553116982006 0.3434240672490684 0.5596298175440835 0.34365447385562026 0.5739666177495775
1 0.3331731765625 0.5596790125000001 0.3304717206722629 0.556435525088924 0.3103273746689762 0.5732134727941377 0.31302883055921327 0.5764569602052138
1 0.31169082794207187 0.5620191704288696 0.30791632830468957 0.5559914114781411 0.27818934276266283 0.5746060404083986 0.28196384240004513 0.5806337993591271
1 0.298184974505428 0.5620717044171157 0.2933926721128672 0.5510468903703492 0.24091721832810903 0.5738570930328752 0.24570952072066982 0.5848819070796418
1 0.5011747186036088 0.480379179811839 0.47399023437500015 0.4796363171875001 0.4738122610838914 0.4861491123756613 0.5009967453125002 0.48689197500000014
1 0.4997905467079165 0.3594817307633397 0.2766487037718337 0.35923000955160755 0.2764505208162216 0.5349121050313591 0.49959236375230437 0.5351638262430913
1 0.29678662359687663 0.3383005083870584 0.24874846204419207 0.3103682990027679 0.24459321985728727 0.31751453626308745 0.2926313814099718 0.345446745647378
1 0.7349633678252483 0.30479285026219427 0.22190212009939372 0.3015886596049394 0.22128852512396846 0.3998386819552655 0.734349772849823 0.4030428726125204
1 0.7708082411071802 0.4124638744834089 0.6454851325900013 0.29190957424410735 0.616886924003859 0.3216390520887276 0.742210032521038 0.44219335232802914
1 0.7358169916718961 0.30685300075280547 0.6881905977542806 0.3066044056434215 0.6881790359375 0.30881944375000003 0.7358054298551154 0.30906803885938394
1 0.6692580590991248 0.30069034659339317 0.5836885005390121 0.30060062909693014 0.5836778367523873 0.31077139344103705 0.6692473953125 0.3108611109375001
1 0.6802943931819077 0.3376144053880083 0.4321826106267245 0.33616064228718734 0.4321361759477715 0.3440855861524471 0.6802479585029547 0.345539349253268
1 0.7420200504568486 0.4732254184674973 0.7404934637125062 0.47106924162015174 0.7342917726306576 0.4754600778401544 0.7358183593749998 0.47761625468749996
1 0.3191091287278368 0.33573208750947414 0.2804805196114036 0.319843608601116 0.27696848789234585 0.3283821793014634 0.3155970970087791 0.3442706582098215
1 0.3348721349427615 0.3364183227572785 0.31494335937500006 0.3202659468750001 0.31142406891580343 0.32460804182315206 0.3313528444835649 0.34076041770543053
1 0.35188402546826286 0.3371787269525374 0.3515820272827904 0.319352495367038 0.3434633430800179 0.31949003581611735 0.34376534126549035 0.3373162674016167
1 0.3678701192419524 0.32031114141337785 0.3640885421875001 0.32025308593750007 0.3638382151330477 0.3365587148366222 0.36761979218750007 0.3366167703125
1 0.5709570736370897 0.3207800129119085 0.5145828674882315 0.32030104263295484 0.5145080485484635 0.32910713879308306 0.5708822546973218 0.3295861090720367
1 0.5008773138201043 0.4421650479725627 0.44139994441080815 0.4249331542289352 0.43780478223212393 0.4373421669682932 0.49728215164142 0.4545740607119207
1 0.5008123837461778 0.4561497297236041 0.42126006582043773 0.4035031442930611 0.41064456935514687 0.41954383036681475 0.4901968872808869 0.47219041579735765
1 0.5002236821144433 0.49524941333385836 0.4107095603002441 0.48610878722429945 0.4095998330716382 0.49697634237110505 0.49911395488583743 0.5061169684806639
2 0.46199488397845234 0.41502911778681223 0.22941143034365868 0.4109625828819409 0.22688572452538458 0.5554190786016745 0.45946917816017824 0.5594856135065458
2 0.2548893234375001 0.4516177984375 0.23857482139437564 0.44833162232072965 0.22212441782890807 0.5300010560462719 0.23843891987203247 0.5332872321630423
2 0.32380938327345893 0.4782259864130605 0.30357503622637577 0.4499923994691585 0.2433672154529168 0.49314192711859794 0.2636015625 0.5213755140624999
2 0.28290155557583185 0.49478212224488055 0.2806060390088086 0.4916411540213101 0.25793456614895105 0.5082101664545091 0.26023008271597425 0.5113511346780796
2 0.2947779953125001 0.4352716046875001 0.29303336864043417 0.432944713523778 0.2691528095809635 0.4508495734194824 0.27089743625302937 0.4531764645832045
2 0.2718162522953458 0.47187956453303465 0.2652887561470062 0.4710422547446183 0.2616401473490176 0.4994860639597409 0.26816764349735717 0.5003233737481573
2 0.2659453125000001 0.43202211874999996 0.2589654953125001 0.43202211874999996 0.2589654953125001 0.45071810625 0.2659453125000001 0.45071810625
2 0.26608528593749997 0.47036934218750004 0.2636431796427157 0.46874326144582545 0.26078450468750003 0.473036521875 0.26322661098228434 0.4746626026166746
2 0.3132730726559211 0.5081625716744288 0.3093549382561469 0.49797244092107623 0.25964708258185537 0.5170852535012656 0.2635652169816295 0.5272753842546181
2 0.32975123206370033 0.5078298521787975 0.3238545307727252 0.5003323330722529 0.290008527434241 0.5269517746160799 0.29590522872521613 0.5344492937226244
2 0.44444588635211046 0.5200107191907322 0.4302181743365713 0.4796112701957978 0.265089146706674 0.537765732916781 0.27931685872221307 0.5781651819117154
1 0.46116693336714565 0.5340339123635114 0.2812643234375001 0.5329320984375 0.2812484322578544 0.5355267876364886 0.46115104218749997 0.5366286015625
2 0.31919076071674846 0.4135264302345261 0.2620826828125 0.3763024687500002 0.2582860167762234 0.38212721955913226 0.31539409468047197 0.4193511810436582
2 0.32353255156250005 0.415426440625 0.3234888690181922 0.405444270402952 0.32015755156250003 0.4054588484375 0.3202012341068079 0.4154410186595481
2 0.3951653640625 0.44933179062499995 0.3927396123811246 0.44642255342778947 0.37006705781250004 0.4653271609375002 0.3724928094938754 0.46823639813471074
2 0.34922099736092566 0.3565584749977192 0.3426293942701638 0.34717938162921896 0.3118171270494257 0.36883416507851463 0.31840873014018756 0.3782132584470149
1 0.6911445066415938 0.38019717999281744 0.29539256663306224 0.3592897749450558 0.29230183845913055 0.41779352842753087 0.688053778467662 0.4387009334752925
1 0.6511415078567764 0.3647240112249902 0.4477259109375001 0.3616203703125001 0.44720093901822383 0.39602753252501005 0.6506165359375001 0.39913117343750015
2 0.8482639108209653 0.4370508805156044 0.40129419180105697 0.12591126181567572 0.27603261033462073 0.3058566320195224 0.723002329354529 0.6169962507194511
2 0.6052298171875001 0.30812757187500006 0.598580506997948 0.3028011128297649 0.5967762867739742 0.3050534196282554 0.6034255969635264 0.31037987867349054
2 0.3888555980736991 0.3529597138381074 0.366012913294865 0.299829577606451 0.3471884014862977 0.3079229577454302 0.3700310862651318 0.3610530939770865
2 0.4384107050518805 0.4202746330471788 0.4112681113512571 0.3224072612118059 0.3875468004115987 0.32898614335410314 0.41468939411222216 0.42685351518947606
2 0.43300933001269704 0.3209352646744253 0.42281179101065736 0.3197147335453627 0.4138288374976963 0.394767320587762 0.42402637649973596 0.3959878517168246
2 0.5142335984931292 0.34258900957693633 0.4879693469935149 0.3181030408827347 0.4809984808206802 0.32558016317346283 0.5072627323202945 0.35006613186766444
2 0.4887019264456174 0.353790022839641 0.47984465339232446 0.3514852110262344 0.4721168585484342 0.3811827284695345 0.4809741316017272 0.383487540282941
2 0.508888304308181 0.3648219406440987 0.5058986645104635 0.36096819852990913 0.4806203130688848 0.38057853135736286 0.4836099528666023 0.3844322734715524
2 0.5339867285446884 0.35492205406533917 0.5299051419619814 0.35486979871186514 0.529437293104793 0.39141276495902605 0.5335188796875001 0.3914650203125001
2 0.4110082236767421 0.4768224528144696 0.4069216400367054 0.47163597983857086 0.3686796734680017 0.5017680167100077 0.37276625710803835 0.5069544896859065
2 0.4152522317509417 0.48344174792609784 0.4150305984374999 0.4731743828125 0.41050967366689484 0.47327197236207236 0.4107313069803367 0.4835393374756702
2 0.6044427078125 0.4418287031250001 0.5686989862894049 0.4120122041928262 0.563647881899126 0.4180674177549856 0.5993916034222211 0.44788391668715954
1 0.621850768311285 0.5094599507097917 0.5611803240078687 0.4968192373618942 0.5590599964969537 0.5069959741183973 0.6197304408003701 0.5196366874662947
2 0.55509765625 0.49048919687500003 0.5324508154715405 0.47317617062722234 0.5269534916671095 0.4803671154756174 0.5496003324455689 0.49768014172339503
2 0.559986328125 0.5313117281250002 0.5213274444827074 0.4999287182578108 0.5201367452735982 0.5013954705665512 0.5587956289158909 0.5327784804337405
2 0.5589785042047711 0.5360776530529782 0.5272642608644319 0.5273161095237592 0.5254409468118423 0.5339159769280408 0.5571551901521815 0.5426775204572596
2 0.7397190991135351 0.5328888934932056 0.6803638270323522 0.5323921612041156 0.6802768888563172 0.5427805317734102 0.7396321609375001 0.5432772640625002
2 0.7440236985433153 0.5777936580819432 0.6847202182168803 0.5306465417826557 0.6801320665485648 0.5364176977632126 0.7394355468749998 0.5835648140625
2 0.7429503193394346 0.5271725540397072 0.6946917532107765 0.4372166932112983 0.6693599770491007 0.4508064158129915 0.7176185431777587 0.5407622766414004
2 0.7232052203865138 0.47350870571175696 0.7229898652428187 0.429353467266156 0.718763160481305 0.429374081866899 0.7189785156249999 0.4735293203125
2 0.7187982875470007 0.43190672282094084 0.7187703175945778 0.4267928455120324 0.6628730722350771 0.4270985711285916 0.6629010421875 0.4322124484375
2 0.7488879860246971 0.4136866731478991 0.7464023726776228 0.4092519182203002 0.7325467241113047 0.41701780056804455 0.7350323374583791 0.42145255549564337
2 0.6240897049538939 0.4213285427319941 0.623698832286194 0.3947800701114832 0.6167204323378858 0.39488281296388983 0.6171113050055856 0.4214312855844008
2 0.6471029581335536 0.45761273797243646 0.6234528052578846 0.4380271848837289 0.622114820561831 0.43964284222379246 0.6457649734375 0.45922839531250004
2 0.6311453459255096 0.43964112045732084 0.5281202146704072 0.43206449712997125 0.5262731133153722 0.45718094430202844 0.6292982445704747 0.4647575676293781
2 0.6295232567430411 0.4804154746490189 0.5316187763826483 0.4647468838866935 0.5298779303458927 0.47562448157249315 0.6277824107062855 0.4912930723348186
1 0.666621812405041 0.5270747354422995 0.5823590712247109 0.5245268726139656 0.5822157457964579 0.5292669211484262 0.666478486976788 0.5318147839767601
2 0.6707932258379735 0.3886568774058804 0.5879880453462982 0.3206047322509388 0.563249587573124 0.3507062442066514 0.6460547680647994 0.418758389361593
2 0.5785091140625 0.3715406375 0.5436079971539426 0.3244919546382541 0.5324465444291813 0.332771616102124 0.5673476613377385 0.37982029896386993
2 0.55898046875 0.44128137812499996 0.521183695954433 0.4059545439172032 0.5171232939209931 0.4102988361969433 0.5549200667165601 0.44562567040474005
2 0.4380078125000001 0.46103703750000014 0.4348927780664626 0.4577782864011694 0.4254915359375001 0.46676491718750013 0.4286065703710376 0.47002366828633085
2 0.48845598692743736 0.43834745676142894 0.4653240218058158 0.4281149223745998 0.44769005057227035 0.467978791100523 0.4708220156938919 0.478211325487352
2 0.5008206483288495 0.4750513406189139 0.48393317240549233 0.4484451521203862 0.46377494089915156 0.4612399817608523 0.48066241682250876 0.48784617025938
2 0.49503761237874205 0.5203203172054172 0.48346169693551877 0.5102951401112092 0.48056371916470403 0.5136413897899978 0.4921396346079273 0.5236665668842058
2 0.4976704714904715 0.559282872969232 0.47874133053256906 0.5099992142944865 0.46448533171902684 0.5154747373845673 0.4834144726769292 0.5647583960593128
2 0.4063589989225611 0.45577603147452733 0.39865452577988414 0.4475432481601322 0.370925072814052 0.47349326014002047 0.378629545956729 0.4817260434544156
2 0.4492039043080278 0.46797872558946996 0.34444813498061355 0.3748001086929936 0.2708009800056107 0.45759769289359653 0.3755567493330249 0.5507763097900729
2 0.4359705558063 0.47414731740359867 0.42169152579558383 0.4559739002329278 0.36102463568607474 0.5036404637853521 0.37530366569679097 0.521813880956023
2 0.38402577640528274 0.38837569117521265 0.3492553774489777 0.3779559923251449 0.3299503562360298 0.44237659594266354 0.3647207551923348 0.4527962947927314
2 0.38988020781250005 0.4023101859375 0.3864646405798813 0.39804495937701195 0.37815629577559867 0.4046982308664303 0.3815718630082174 0.40896345742691836
0 0.27611954110388093 0.586921850003516 0.27423201209066234 0.5749773284958954 0.25867117523013583 0.5774363245323182 0.2605587042433545 0.5893808460399389
0 0.3105468750000001 0.5761316875 0.29361979218750006 0.5761316875 0.29361979218750006 0.5889917703124999 0.3105468750000001 0.5889917703124999
0 0.3455592555818955 0.5880200196993226 0.34397137799026595 0.5749572602392385 0.3264389826305959 0.5770884560102606 0.32802686022222544 0.5901512154703447
0 0.3782552078125001 0.575617284375 0.3606770828125001 0.575617284375 0.3606770828125001 0.5895061734375 0.3782552078125001 0.5895061734375
0 0.4127604171875 0.5766460906249999 0.3945312500000001 0.5766460906249999 0.3945312500000001 0.5905349796875 0.4127604171875 0.5905349796875
0 0.447265625 0.57716049375 0.4290364578125 0.57716049375 0.4290364578125 0.5905349796875 0.447265625 0.5905349796875
0 0.48166357486655065 0.5890058948110799 0.479887957968801 0.5755222996116248 0.46223586629277474 0.5778468541385839 0.4640114831905244 0.5913304493380391
0 0.5156672131252684 0.5878339907553631 0.5124608848864541 0.5746454682812712 0.49501286342517903 0.5788873448093372 0.4982191916639932 0.5920758672834293
0 0.5487287235740753 0.5889307559712008 0.5463056944574847 0.5756419505232652 0.5296509404230576 0.5786787136178246 0.5320739695396483 0.5919675190657603
0 0.5831233001144802 0.5910327918911485 0.5809577540257409 0.5759585571112464 0.5638936373749664 0.5784099671901277 0.5660591834637057 0.5934842019700298
0 0.6199036414384684 0.5865322377134283 0.6126919431840354 0.5728412800572525 0.5963864705234545 0.5814301714757409 0.6035981687778876 0.5951211291319167
0 0.5846354171875 0.510288065625 0.5657552078125 0.510288065625 0.5657552078125 0.5241769546875 0.5846354171875 0.5241769546875
0 0.5833333328125 0.4850823046875 0.5651041671875 0.4850823046875 0.5651041671875 0.4974279828125 0.5833333328125 0.4974279828125
0 0.5851703075656837 0.4584154561585098 0.5677517629126285 0.4550238655781804 0.5651992913712 0.46813285926919024 0.5826178360242551 0.47152444984951963
0 0.5843130170160977 0.44355825324373194 0.5830333050487819 0.42898152937858924 0.5660377726084951 0.43047359209830277 0.5673174845758109 0.44505031596344546
0 0.5855599452773681 0.40319059160889414 0.5670037341129748 0.401357879807487 0.565594929391756 0.4156220308192598 0.5841511405561495 0.41745474262066684
0 0.6199665847804428 0.32180798222750895 0.6191854460534938 0.3089558065155251 0.6019835135953956 0.310001317868817 0.6027646523223447 0.32285349358080084
0 0.5868886877413566 0.3217790794254361 0.5853307897355664 0.30699121464254453 0.5670873297533122 0.3089131587732447 0.5686452277591024 0.3237010235561363
0 0.5520833328125 0.3081275718750001 0.5338541671875 0.3081275718750001 0.5338541671875 0.3230452671875001 0.5520833328125 0.3230452671875001
0 0.5182291671875 0.3076131687500001 0.4993489578125 0.3076131687500001 0.4993489578125 0.3220164609375001 0.5182291671875 0.3220164609375001
0 0.4856770828125 0.3076131687500001 0.466796875 0.3076131687500001 0.466796875 0.3225308640625001 0.4856770828125 0.3225308640625001
0 0.451171875 0.30709876562500005 0.431640625 0.30709876562500005 0.431640625 0.32098765468750007 0.451171875 0.32098765468750007
0 0.4174563698270708 0.3221787986739042 0.4164334097771274 0.30664258786612175 0.39681784990841423 0.3079341469438935 0.39784080995835763 0.3234703577516759
0 0.383001406242447 0.3196203548720798 0.38076492267906037 0.30546760159065905 0.3629798797222842 0.30827807637645016 0.36521636328567075 0.3224308296578709
0 0.3489583328125 0.307098765625 0.3287760421875 0.307098765625 0.3287760421875 0.3209876546875 0.3489583328125 0.3209876546875
0 0.314453125 0.306069959375 0.294921875 0.306069959375 0.294921875 0.32201646093749997 0.314453125 0.32201646093749997
0 0.2805989578125 0.306069959375 0.26171875 0.306069959375 0.26171875 0.3204732515625 0.2805989578125 0.3204732515625
0 0.736328125 0.41975308593750016 0.7194010421875 0.4197530859375001 0.7194010421875 0.43209876562500005 0.736328125 0.43209876562500016
0 0.7356770828125 0.47119341562500006 0.71875 0.471193415625 0.71875 0.4840534984375001 0.7356770828125 0.4840534984375002
1 0.6887437621008856 0.30162571705212315 0.6696842453125 0.3012767484375001 0.6694386938867798 0.314687958858192 0.6884982106751653 0.3150369274728151
1 0.7560449218749999 0.3018852875000001 0.7352701828125 0.3018852875000001 0.7352701828125 0.31474022656250006 0.7560449218749999 0.31474022656250006
1 0.7567513015625 0.3472530859375001 0.7344986984374999 0.3472530859375001 0.7344986984374999 0.36202674843750005 0.7567513015625 0.36202674843750005
1 0.6857161453125 0.34580504062500006 0.6670442703125 0.34580504062500006 0.6670442703125 0.3607998968750001 0.6857161453125 0.3607998968750001
1 0.667275390625 0.3902340531250001 0.648818359375 0.3902340531250001 0.648818359375 0.40468364218749997 0.667275390625 0.40468364218749997
1 0.7792337590615058 0.40642729931147253 0.7485491763337435 0.40587862724610424 0.7482790756243558 0.42098405740222616 0.778963658352118 0.42153272946759446
1 0.779766689734924 0.48284965189914 0.7498578675290772 0.48256107470826376 0.749723753877866 0.49646093053981294 0.7796325760837128 0.4967495077306891
1 0.7514930297961281 0.5432740158824596 0.7332792968749999 0.5430267484375 0.7331007202038717 0.5561807153675404 0.7513144531249999 0.5564279828125
1 0.6361588546875 0.5108153296875 0.6187369796875 0.5108153296875 0.6187369796875 0.5247916671875 0.6361588546875 0.5247916671875
1 0.6634765625 0.5102031890625 0.6466927078125 0.5102031890625 0.6466927078125 0.525352365625 0.6634765625 0.525352365625
2 0.6805403640625001 0.5313091562500001 0.5588606765625 0.5313091562500001 0.5588606765625 0.538526234375 0.6805403640625001 0.538526234375
1 0.5297265624999999 0.3863065843750001 0.5024088546875001 0.3863065843750001 0.5024088546875001 0.39313785937500006 0.5297265624999999 0.39313785937500006
1 0.5296809890625 0.39864454687500006 0.5024153640625 0.39864454687500006 0.5024153640625 0.40753857968749996 0.5296809890625 0.40753857968749996
1 0.5300813796875 0.41235082343749996 0.5018326828124999 0.41235082343749996 0.5018326828124999 0.4203652265625 0.5300813796875 0.4203652265625
1 0.528818359375 0.42514917656250006 0.5020279953125 0.42514917656250006 0.5020279953125 0.43375 0.528818359375 0.43375
1 0.5274739578125 0.46684670781250004 0.4988151046875 0.46684670781250004 0.4988151046875 0.47526234531249995 0.5274739578125 0.47526234531249995
1 0.527578125 0.480293209375 0.5008723953125 0.480293209375 0.5008723953125 0.4880709875 0.527578125 0.4880709875
1 0.5273893234375 0.4940020578125 0.50009765625 0.4940020578125 0.50009765625 0.5013786015624999 0.5273893234375 0.5013786015624999
1 0.5257389328125 0.5062268515625 0.5000813796875 0.5062268515625 0.5000813796875 0.5144110078125 0.5257389328125 0.5144110078125
1 0.527861328125 0.44004886875000004 0.5005501296875 0.44004886875000004 0.5005501296875 0.44830504062500004 0.527861328125 0.44830504062500004
1 0.5284375 0.45306841562500005 0.4995182296875 0.45306841562500005 0.4995182296875 0.4620138890625 0.5284375 0.4620138890625
2 0.6677977315914243 0.45680236229053683 0.629736083303159 0.4561654502722927 0.6292395824617268 0.48583617379469723 0.6673012307499921 0.48647308581294124
1 0.7513736984375 0.5897505140625002 0.7337825515625 0.5897505140625002 0.7337825515625 0.6016177984375002 0.7513736984375 0.6016177984375002
2 0.7516406250000001 0.5736213984375003 0.7390625 0.5736213984375003 0.7390625 0.5845884781250001 0.7516406250000001 0.5845884781250001
2 0.750859375 0.5197916671875003 0.7402083328125 0.5197916671875003 0.7402083328125 0.5300231484375002 0.750859375 0.5300231484375002
2 0.7512337234375 0.5326594656250002 0.7388313796875 0.5326594656250002 0.7388313796875 0.5444598765625002 0.7512337234375 0.5444598765625002
2 0.7517154953125 0.571323559375 0.7516666651144949 0.5558556035786734 0.7369364418430948 0.5559021048570889 0.7369852720410999 0.5713700606534156
1 0.7393522140625 0.4350282921875001 0.709736328125 0.43502829218750005 0.709736328125 0.4405169750000001 0.7393522140625 0.44051697500000014
1 0.7395279953125 0.4419264406250001 0.708505859375 0.44192644062499997 0.708505859375 0.4475282921875001 0.7395279953125 0.44752829218750023
1 0.7391796875 0.4488940328125001 0.70828125 0.44889403281250007 0.70828125 0.4546759265625001 0.7391796875 0.45467592656250017
1 0.7390983078125 0.4561625515625001 0.7087141921875 0.45616255156249996 0.7087141921875 0.4612757203125001 0.7390983078125 0.46127572031250014
1 0.73935546875 0.4632433125000001 0.7106575515625 0.46324331250000006 0.7106575515625 0.46855709843750015 0.73935546875 0.4685570984375002
1 0.6635058728787941 0.41778707395090225 0.628770559760717 0.4172771657347564 0.6284270940932916 0.4406742931501758 0.6631624072113687 0.44118420136632164
1 0.6374361984375 0.40526388906250005 0.6372428390625 0.38946913593750004 0.6109880015454843 0.3897905476704242 0.6111813609204841 0.40558530079542426
2 0.624267578125 0.42120370312500005 0.614287109375 0.42120370312500005 0.614287109375 0.43968107031250003 0.624267578125 0.43968107031250003
0 0.6141081342219986 0.4508324276904987 0.6061638796732648 0.4443545956961824 0.6010167631680499 0.45066689335152355 0.6089610177167837 0.45714472534583983
2 0.5270377609375 0.5223559671875 0.5110481765625 0.5223559671875 0.5110481765625 0.5376543203125 0.5270377609375 0.5376543203125
2 0.50125 0.5227494859374999 0.4865234375 0.5227494859374999 0.4865234375 0.5377443421875 0.50125 0.5377443421875
2 0.5091927078125 0.3480349796875001 0.4881901046875 0.3480349796875001 0.4881901046875 0.36206790156250007 0.5091927078125 0.36206790156250007
2 0.5312565109375 0.3476491765625001 0.51310546875 0.3476491765625001 0.51310546875 0.3621244859375001 0.5312565109375 0.3621244859375001
1 0.45606445312500005 0.34028549375000006 0.44577148437499997 0.34028549375000006 0.44577148437499997 0.3618441359375001 0.45606445312500005 0.3618441359375001
1 0.4740690109375 0.3400488687500001 0.4624934890625 0.3400488687500001 0.4624934890625 0.3626260281250001 0.4740690109375 0.3626260281250001
1 0.43887044218750004 0.33888117343750007 0.4275618484375 0.33888117343750007 0.4275618484375 0.3619110078125001 0.43887044218750004 0.3619110078125001
1 0.42103190156250003 0.3391152265625001 0.4112858078125 0.3391152265625001 0.4112858078125 0.3613580250000001 0.42103190156250003 0.3613580250000001
1 0.4036197921875 0.3309310703125001 0.3941145828125 0.3309310703125001 0.3941145828125 0.3610956796875001 0.4036197921875 0.3610956796875001
1 0.387578125 0.3306970171875001 0.3770963546875 0.3306970171875001 0.3770963546875 0.3617103906250001 0.387578125 0.3617103906250001
1 0.37101887968749997 0.33712448593750005 0.359931640625 0.3371244859375 0.359931640625 0.362227365625 0.37101887968749997 0.3622273656250001
1 0.35388346406250004 0.3370087453125 0.3442415359375 0.3370087453125 0.3442415359375 0.362055040625 0.35388346406250004 0.362055040625
1 0.3364876296875 0.338181584375 0.3264811203125 0.338181584375 0.3264811203125 0.3612114203125 0.3364876296875 0.3612114203125
1 0.31935546875 0.33899948593749996 0.30857421875 0.33899948593749996 0.30857421875 0.3608256171875 0.31935546875 0.3608256171875
1 0.30365234375 0.33864711875000003 0.2928841140625 0.33864711875000003 0.2928841140625 0.3613323046875 0.30365234375 0.3613323046875
1 0.2867578125 0.33817644062499996 0.276015625 0.33817644062499996 0.276015625 0.3611651234375 0.2867578125 0.3611651234375
2 0.2759381491635331 0.35805760228487604 0.237638671875 0.3576183125 0.2371671786685688 0.39872544490578865 0.27546665595710185 0.3991647346906647
2 0.26127929687500007 0.4178112140625 0.2415332031250001 0.4178112140625 0.2415332031250001 0.4338040125 0.26127929687500007 0.4338040125
2 0.2638834640625001 0.47323816875 0.2459733078125001 0.47323816875 0.2459733078125001 0.481586934375 0.2638834640625001 0.481586934375
2 0.2624023437500001 0.4940560703125 0.24508463593750007 0.4940560703125 0.24508463593750007 0.50120113125 0.2624023437500001 0.50120113125
2 0.26724547847447844 0.5346164171254482 0.23464097353976793 0.5324552526249601 0.23404605956549526 0.5414304489163673 0.2666505645002058 0.5435916134168555
2 0.26576550783476366 0.5104669749265676 0.23947475219753867 0.5083813600458753 0.23806493864496386 0.5261531279537118 0.26435569428218886 0.5282387428344041
2 0.2900781250000001 0.4845807609375 0.2727604171875001 0.4845807609375 0.2727604171875001 0.4929192390625 0.2900781250000001 0.4929192390625
2 0.2622005203125001 0.43780864218750004 0.2428645828125001 0.43780864218750004 0.2428645828125001 0.45115226406250003 0.2622005203125001 0.45115226406250003
2 0.27167638449147985 0.4728990589065015 0.27124482121796023 0.4507264434529629 0.256804860529499 0.4510074999082677 0.25723642380301864 0.4731801153618063
2 0.31353472227582185 0.3618738031970431 0.29445768281250007 0.36144392968750005 0.2941026480366783 0.37719975617795704 0.3131796875 0.3776296296875
2 0.3137447921875 0.39985596718750005 0.31317764315237767 0.3824193366134237 0.29327708636065775 0.3830666280459555 0.2938442353957801 0.40050325862003183
0 0.3273263266188152 0.4022014444538408 0.32175940313822016 0.3963815074270738 0.31602409495797096 0.4018674811807819 0.3215910184385661 0.407687418207549
2 0.32303779634421564 0.41560948171552586 0.29274758612243057 0.41558927293559955 0.292689606965715 0.5024921365325739 0.32297981718750013 0.5025123453125001
0 0.32085388042796564 0.5041045534348819 0.312214591995142 0.5038238959538132 0.3119998214817425 0.5104350306545815 0.3206391099145661 0.5107156881356503
2 0.400197265625 0.44931275781249996 0.39988962097345826 0.3509226526252952 0.34717501297058984 0.35108747984221245 0.3474826576221316 0.44947758502941726
2 0.3798437500000001 0.39989711875000006 0.34421875000000013 0.39989711875 0.34421875000000013 0.4112757203125 0.3798437500000001 0.4112757203125
2 0.5090010269150692 0.3958730120582065 0.48839017849899163 0.37269113979418594 0.3928236951596155 0.45765866438979746 0.4134345435756931 0.4808405366538181
0 0.4285284198440754 0.3999172507383646 0.42227506526826736 0.3947860163979291 0.4167689516832603 0.4014962304122049 0.42302230625906834 0.4066274647526404
2 0.4538053390625 0.4529835390625 0.4322493484375 0.4529835390625 0.4322493484375 0.459146090625 0.4538053390625 0.459146090625
2 0.4542936203125 0.4673148140625 0.4320735671875 0.4673148140625 0.4320735671875 0.47236625468750004 0.4542936203125 0.47236625468750004
2 0.4547591140625 0.4795164609375 0.4322981765625 0.4795164609375 0.4322981765625 0.4861213984375 0.4547591140625 0.4861213984375
2 0.4537760421875 0.49359310624999997 0.43160156250000004 0.49359310624999997 0.43160156250000004 0.498855453125 0.4537760421875 0.498855453125
2 0.4553971359375 0.5066846703125 0.43146484375 0.5066846703125 0.43146484375 0.5117412546875 0.4553971359375 0.5117412546875
2 0.455302734375 0.51988683125 0.43103841093749995 0.51988683125 0.43103841093749995 0.525164609375 0.455302734375 0.525164609375
2 0.4555143234375 0.5330838484375 0.43188151093749994 0.5330838484375 0.43188151093749994 0.538016975 0.4555143234375 0.538016975
2 0.455654296875 0.5470601859374999 0.4303483078125 0.5470601859374999 0.4303483078125 0.552384259375 0.455654296875 0.552384259375
2 0.3778841140625001 0.45123971249999995 0.3546028640625001 0.45123971249999995 0.3546028640625001 0.4584413578125 0.3778841140625001 0.4584413578125
2 0.3760091140625001 0.46555041093750005 0.3522851562500001 0.46555041093750005 0.3522851562500001 0.47186728437500003 0.3760091140625001 0.47186728437500003
2 0.3766731765625001 0.47802983593750004 0.3537304687500001 0.47802983593750004 0.3537304687500001 0.485509259375 0.3766731765625001 0.485509259375
2 0.37702148437500005 0.49268775781249996 0.3528613281250001 0.49268775781249996 0.3528613281250001 0.49873199531249995 0.37702148437500005 0.49873199531249995
2 0.3765039062500001 0.50528549375 0.3537304687500001 0.50528549375 0.3537304687500001 0.5116280859375 0.3765039062500001 0.5116280859375
2 0.3773763015625001 0.519135803125 0.3512695312500001 0.519135803125 0.3512695312500001 0.5248662546875 0.3773763015625001 0.5248662546875
2 0.3772037765625001 0.5325128593749999 0.3534212234375001 0.5325128593749999 0.3534212234375001 0.5390612140625 0.3772037765625001 0.5390612140625
2 0.3777832031250001 0.54601851875 0.3533365890625001 0.54601851875 0.3533365890625001 0.5525720171875 0.3777832031250001 0.5525720171875
1 0.2832779953125001 0.5352469140625 0.2725423171875001 0.5352469140625 0.2725423171875001 0.5583744859374999 0.2832779953125001 0.5583744859374999
1 0.3005533859375001 0.535578703125 0.2895507812500001 0.535578703125 0.2895507812500001 0.558865740625 0.3005533859375001 0.558865740625
1 0.31705729218750006 0.5363966046875001 0.3061458328125001 0.5363966046875001 0.3061458328125001 0.5595807609375 0.31705729218750006 0.5595807609375
1 0.3346158859375001 0.5365612140625 0.3233658859375001 0.5365612140625 0.3233658859375001 0.559200103125 0.3346158859375001 0.559200103125
1 0.3510091140625001 0.5373791156250001 0.3397460937500001 0.5373791156250001 0.3397460937500001 0.5592772640625 0.3510091140625001 0.5592772640625
1 0.36741210937500013 0.5363966046875001 0.3571712234375001 0.5363966046875001 0.3571712234375001 0.5596939296875 0.36741210937500013 0.5596939296875
1 0.3838216140625001 0.5373791156250001 0.37335286406250007 0.5373791156250001 0.37335286406250007 0.5603472218750001 0.3838216140625001 0.5603472218750001
1 0.403095703125 0.5377031890625 0.3909798171875001 0.5377031890625 0.3909798171875001 0.559611625 0.403095703125 0.559611625
1 0.41873046875000003 0.5378677984375 0.40840494843749997 0.5378677984375 0.40840494843749997 0.5603009265625001 0.41873046875000003 0.5603009265625001
1 0.43555012968750006 0.538364196875 0.4249967453125 0.538364196875 0.4249967453125 0.5592798359375 0.43555012968750006 0.5592798359375
1 0.4543326828125 0.5363966046875001 0.44200846406250005 0.5363966046875001 0.44200846406250005 0.5591692390625 0.4543326828125 0.5591692390625
1 0.47138671875 0.53459105 0.46025390625 0.53459105 0.46025390625 0.5601826125 0.47138671875 0.5601826125
2 0.48419921875 0.48149434218750004 0.4753971359375 0.48149434218750004 0.4753971359375 0.511149690625 0.48419921875 0.511149690625
2 0.5062076828125 0.48148919687499997 0.4843391921875 0.48148919687499997 0.4843391921875 0.49813014375 0.5062076828125 0.49813014375
2 0.4627669265625 0.3619855968750001 0.4326497390625 0.3619855968750001 0.4326497390625 0.40029835468749997 0.4627669265625 0.40029835468749997
2 0.5987825515625 0.5824022640625001 0.58373046875 0.5824022640625001 0.58373046875 0.5868467078124999 0.5987825515625 0.5868467078124999
2 0.5290462234375 0.3873405343750001 0.5133365890625 0.3873405343750001 0.5133365890625 0.4074228390625 0.5290462234375 0.4074228390625
2 0.5031022140625 0.43824331250000004 0.48644205781250005 0.43824331250000004 0.48644205781250005 0.45721965000000003 0.5031022140625 0.45721965000000003
2 0.5279543768524336 0.4392253899346413 0.5024759109375001 0.43841615156250013 0.5018991387725665 0.4565755350653589 0.5273776046875001 0.45738477343750006
0 0.5664278439579276 0.4488714100683433 0.5663695773856842 0.4411528232950198 0.5565934474751673 0.4412266219833575 0.5566517140474108 0.448945208756681
0 0.2441894531250001 0.573125 0.22157877656250008 0.573125 0.22157877656250008 0.5896322015625 0.2441894531250001 0.5896322015625
0 0.24709960937500003 0.30487911562500003 0.2261946609375 0.30487911562500003 0.2261946609375 0.32106738749999997 0.24709960937500003 0.32106738749999997
0 0.2779947921875 0.307098765625 0.2630208328125 0.307098765625 0.2630208328125 0.318930040625 0.2779947921875 0.318930040625
0 0.3125 0.307098765625 0.2962239578125 0.307098765625 0.2962239578125 0.318930040625 0.3125 0.318930040625
0 0.3463541671875 0.30761316875 0.3307291671875 0.30761316875 0.3307291671875 0.31944444375000003 0.3463541671875 0.31944444375000003
0 0.38164173415630953 0.31826109421510224 0.37927020602270806 0.30625526320338875 0.3639385921636214 0.3092837377475386 0.3663101202972229 0.3212895687592521
0 0.4153645828125 0.3086419750000001 0.3990885421875 0.3086419750000001 0.3990885421875 0.3199588484375001 0.4153645828125 0.3199588484375001
0 0.4485677078125 0.3086419750000001 0.43359375 0.3086419750000001 0.43359375 0.32047325156250006 0.4485677078125 0.32047325156250006
0 0.4837239578125 0.3091563781250001 0.4680989578125 0.3091563781250001 0.4680989578125 0.32098765468750007 0.4837239578125 0.32098765468750007
0 0.5176805983008699 0.319947281611004 0.5163783270053333 0.30840997073958293 0.5007205653477977 0.3101773369643651 0.5020228366433344 0.3217146478357862
0 0.5501302078125 0.3096707812500001 0.5358072921875 0.3096707812500001 0.5358072921875 0.3215020578125001 0.5501302078125 0.3215020578125001
0 0.5852864578125 0.3101851859375001 0.5696614578125 0.3101851859375001 0.5696614578125 0.32098765468750007 0.5852864578125 0.32098765468750007
0 0.5867350265625 0.3728935187500001 0.5640071609375 0.3728935187500001 0.5640071609375 0.3918904328125001 0.5867350265625 0.3918904328125001
0 0.5833333328125 0.37602880625000007 0.568359375 0.37602880625000007 0.568359375 0.3878600828125001 0.5833333328125 0.3878600828125001
0 0.4733771639829517 0.47686965864903463 0.4655556364704613 0.47670133911743784 0.46541976730608353 0.4830149522626142 0.47324129481857397 0.48318327179421094
0 0.411475141012876 0.48189981246121355 0.4042159742987733 0.4816799469554184 0.40400936009709254 0.48850160335885395 0.4112685268111952 0.4887214688646491
0 0.5631461879302921 0.4970625952914222 0.5612074295389838 0.48882824434821986 0.5526666957227292 0.4908391398600105 0.5546054541140375 0.4990734908032127
0 0.6195166617281381 0.39223474843169476 0.6116643754125384 0.39072508321242627 0.6103674962197669 0.39747059646159566 0.6182197825353666 0.39898026168086415
0 0.6969159219074268 0.4384838282749973 0.6963406223522697 0.4315004984725954 0.6884235192098289 0.43215272399320775 0.688998818764986 0.4391360537956096
0 0.4445558281993877 0.42106340394449593 0.435655967214872 0.41956685287367923 0.43446984426477087 0.426620624423676 0.44336970524928665 0.4281171754944927