1 0.41790562059039893 0.5644143800204566 0.3910836166364327 0.527950965208942 0.38325332108197085 0.533710826686759 0.4100753250359371 0.5701742414982736
1 0.5819429015625002 0.5293509109375001 0.5072016453125 0.5255423171875001 0.5068545341427476 0.5323541555164641 0.5815957903927477 0.5361627492664641
1 0.43295001296300406 0.5656095569092755 0.4043207265605944 0.5271476254596544 0.4005250339100903 0.529972963862879 0.42915432031249995 0.5684348953125
1 0.47494834315696266 0.5538689163896613 0.4219845792149168 0.517801015737227 0.41137062992236445 0.533387026973111 0.46433439386441033 0.5694549276255453
1 0.4923642271981324 0.5546302430797554 0.43650499170154855 0.5152325860401203 0.4256258576352063 0.5306573639958083 0.4814850931317901 0.5700550210354434
1 0.5159033507831656 0.5611579321128177 0.47572651525331383 0.5209004370674833 0.4662367131949413 0.5303712254531175 0.506413548724793 0.5706287204984519
1 0.4518546989469642 0.5654190813595197 0.44394580365076647 0.5650768468730155 0.43774594064130234 0.7083530780134959 0.44565483593750005 0.7086953125000001
1 0.45275205781250005 0.70829296875 0.451963478125 0.6120742187500001 0.4491186991774091 0.6120975336953044 0.44990727886490917 0.7083162836953043
1 0.4344466106588059 0.7131376306836985 0.39841143910685684 0.663975567728071 0.389282992533056 0.670666603834237 0.425318164085005 0.7198286667898646
1 0.4857412386162972 0.7481359153501118 0.4668205757827666 0.7366467941029728 0.46308254528752035 0.7428027056945249 0.4820032081210511 0.7542918269416637
1 0.5189678776434103 0.6687818604833577 0.5011076583663093 0.6633019545129487 0.4755877269230031 0.7464770261246266 0.4934479462001041 0.7519569320950357
1 0.5734067800620977 0.7186711001648586 0.5222153158512616 0.658772111472203 0.5023055841085935 0.6757875626876106 0.5534970483194296 0.7356865513802663
1 0.5949980354419347 0.6208501124019791 0.5681395726106476 0.6182737813194779 0.5556448747793383 0.7485320309558479 0.5825033376106254 0.7511083620383491
1 0.6691102647202684 0.7052660081387035 0.5080107790856141 0.3196502615407021 0.43092887191828994 0.35185292884863106 0.592028357552944 0.7374686754466325
1 0.5637929539306177 0.4520846892422723 0.5568115445655831 0.4520109083431401 0.5563169453224653 0.49881163628836794 0.5632983546875 0.4988854171875001
1 0.5836285966286127 0.5009216320993981 0.5641589419811837 0.4334068377879451 0.5515765012655133 0.4370353132629017 0.5710461559129423 0.5045501075743547
1 0.5875668718750001 0.4622786453125 0.5620389789871123 0.4111098086619096 0.5517854229322947 0.416225259741533 0.5773133158201824 0.4673940963921234
1 0.5876472571028517 0.4264068988583345 0.559782921875 0.3935598953125 0.5545095869083706 0.3980333010243446 0.5823739221362223 0.4308803045701791
1 0.5769537840423589 0.3940110141741539 0.5635948746223663 0.3762634757307226 0.5591296363428311 0.3796245454309025 0.5724885457628236 0.3973720838743338
1 0.5731481484375 0.3645397140625 0.5730108251638928 0.3595917577432639 0.5600386032888928 0.3599517827432639 0.5601759265624999 0.3648997390625
1 0.5739194081604813 0.3436520694106241 0.559627571875 0.34356380156250005 0.5595980809020188 0.3483388149643759 0.5738899171875 0.3484270828125
1 0.5764569602052138 0.3130288305592133 0.5732134727941377 0.3103273746689762 0.5564355250889239 0.33047172067226294 0.5596790125 0.3331731765625
1 0.580633799359127 0.28196384240004524 0.5746060404083985 0.27818934276266294 0.555991411478141 0.3079163283046896 0.5620191704288695 0.3116908279420719
1 0.5848819070796416 0.24570952072066987 0.5738570930328752 0.2409172183281091 0.5510468903703492 0.2933926721128673 0.5620717044171155 0.298184974505428
1 0.4868919750000001 0.5009967453125002 0.4822078479668412 0.4735513492227967 0.4765292956411938 0.47452051215164764 0.48121342267435263 0.501965908241351
1 0.5349125515625002 0.2768463546875001 0.35924735665206764 0.27664819079703384 0.3589959208477685 0.49953703026102414 0.534661115758201 0.49973519415149026
1 0.3465727463623625 0.29080414730937554 0.31399481604426743 0.24638139188543598 0.30627597905690507 0.25204208832606045 0.33885390937500015 0.29646484375000004
1 0.4010350378835958 0.22223457140600072 0.3015962706944063 0.2216135524336873 0.2983942740321671 0.7343234934051566 0.3978330412213566 0.73494451237747
1 0.44219714209212313 0.7420106767887418 0.3168295283410285 0.6214135648334275 0.28912082679680967 0.6502183490974748 0.41448844054790435 0.7708154610527891
1 0.30896090468750004 0.7358059890625 0.30881944375000003 0.6881790359375 0.3066048422679746 0.6881856137171243 0.3067463032054746 0.7358125668421244
1 0.31086111093749996 0.6692473953125 0.3106291573309899 0.5836742554603395 0.3004772211900802 0.5837017731861704 0.30070917479659026 0.669274913038331
1 0.3456243687073289 0.6802429552472363 0.33888168750000003 0.43216666718749996 0.3310677780696052 0.4323790482283651 0.33781045927693404 0.6804553362881014
1 0.47761625468749996 0.735818359375 0.4754600778401544 0.7342917726306577 0.47106924162015174 0.7404934637125062 0.4732254184674973 0.7420200504568486
1 0.34751779891257134 0.3109494882500847 0.32234619375 0.279451171875 0.31170859808402407 0.2879521137918457 0.3368802032465954 0.3194504301669304
1 0.34083443548726156 0.33085116400778797 0.32259453423859374 0.3126143746639303 0.3185573353587241 0.3166522624467848 0.33679723660739186 0.33488905179064254
1 0.33815844838426273 0.34776404755507767 0.3204798320694243 0.343196698559491 0.31865933084773324 0.350243224373496 0.33633794716257165 0.35481057336908267
1 0.3366167703125 0.36761979218749996 0.33655871483662214 0.36383821513304765 0.3202530859375 0.3640885421875001 0.32031114141337785 0.36787011924195234
1 0.329609218913769 0.5708665987307836 0.32899508842058645 0.5144911496315718 0.3201715096575177 0.5145872699971561 0.3207856401507002 0.570962719096368
1 0.4479852225562106 0.4998594452033659 0.4424211713480427 0.43939903898730065 0.425193606189649 0.44098445762294125 0.4307576573978169 0.5014448638390065
1 0.4729038064312431 0.4881429689911361 0.41480243376066017 0.4127237460771956 0.39826147806471507 0.4254665481651242 0.456362850735298 0.5008857710790646
1 0.501215931689688 0.49978827796254155 0.49751197773438954 0.4100589233188351 0.48617954499550686 0.4105267168211177 0.4898834989508054 0.5002560714648242
2 0.5590492447744537 0.45962238277862183 0.5554808967151537 0.22717038748730561 0.4110555908147265 0.22938744636596894 0.4146239388740266 0.46183944165728513
2 0.5332872321630422 0.23843891987203242 0.5300010560462718 0.22212441782890807 0.44833162232072954 0.23857482139437564 0.4516177984375 0.2548893234375
2 0.5213755140624998 0.2636015625 0.49314192711859783 0.24336721545291687 0.4499923994691585 0.3035750362263758 0.4782259864130605 0.323809383273459
2 0.5113511346780795 0.26023008271597436 0.5082101664545091 0.2579345661489511 0.4916411540213101 0.28060603900880865 0.49478212224488044 0.28290155557583185
2 0.45317646458320426 0.27089743625302937 0.4508495734194823 0.26915280958096355 0.432944713523778 0.29303336864043417 0.4352716046875 0.2947779953125
2 0.5003233737481573 0.2681676434973571 0.4994860639597409 0.2616401473490175 0.4710422547446182 0.26528875614700614 0.4718795645330346 0.2718162522953457
2 0.451365172497192 0.2631820751676145 0.43262825189807275 0.25870155976658327 0.4311398898465663 0.2649256922794185 0.44987681044568556 0.26940620768044976
2 0.4746626026166746 0.2632266109822843 0.473036521875 0.26078450468750003 0.46874326144582545 0.2636431796427157 0.47036934218750004 0.26608528593749997
2 0.5272753842546181 0.26356521698162955 0.5170852535012657 0.2596470825818554 0.49797244092107623 0.3093549382561469 0.5081625716744287 0.3132730726559211
2 0.5344492937226243 0.2959052287252162 0.5269517746160798 0.29000852743424105 0.5003323330722529 0.32385453077272525 0.5078298521787974 0.3297512320637004
2 0.5781651819117154 0.2793168587222132 0.537765732916781 0.26508914670667405 0.4796112701957978 0.4302181743365714 0.5200107191907322 0.44444588635211046
1 0.5366286015624999 0.46115104218749997 0.5347234745509862 0.2812453535036054 0.5321296300614077 0.2812728212464929 0.5340347570729215 0.46117850993038745
2 0.4211737513599173 0.31344468033695405 0.3788931828395731 0.26003192068569725 0.37294082091514513 0.2647437020624107 0.41522138943548936 0.3181564617136675
2 0.4154693696593269 0.32029008717678653 0.4054588484375 0.32015755156250003 0.40541474990657295 0.3234883489641912 0.41542527112839983 0.3236208845784777
2 0.46823639813471063 0.3724928094938755 0.46532716093750015 0.3700670578125001 0.44642255342778947 0.39273961238112465 0.44933179062499995 0.3951653640625
2 0.37821325844701487 0.3184087301401876 0.36883416507851463 0.31181712704942577 0.3471793816292189 0.34262939427016387 0.3565584749977192 0.34922099736092577
1 0.4464475295924866 0.6861494728588026 0.3701626449812245 0.2937185704863618 0.3269473168211382 0.30211922472179525 0.4032322014324003 0.694550127094236
1 0.39997407831738074 0.650470550506488 0.36476572852070416 0.4471811561440804 0.33588585174370233 0.45218295570592526 0.371094201540379 0.6554723500683328
2 0.5667633754481385 0.7643000396012327 0.3061511430075951 0.2758825942913268 0.14500825679499668 0.36186602449237326 0.40562048923554006 0.8502834698022792
2 0.3103246970408004 0.6032963144264738 0.3047798359375 0.5969954421875001 0.30258271077169957 0.5989289449485263 0.30812757187499995 0.6052298171875
2 0.36111185210523844 0.37177850147035807 0.3091422722157343 0.3466147328522748 0.29980101915353113 0.3659067953669245 0.35177059904303526 0.3910705639850078
2 0.4214072918648923 0.4071617415599339 0.3234434934722514 0.4064310471926091 0.3232131264872512 0.43731622420239147 0.4211769248798921 0.4380469185697162
2 0.39598785171682455 0.42402637649973585 0.3947673205877619 0.4138288374976963 0.3197147335453626 0.42281179101065725 0.3209352646744252 0.4330093300126969
2 0.3500554493033663 0.5068280427375433 0.3224191758165665 0.48376629466467885 0.31630134816292027 0.4910976538334234 0.3439376216497201 0.5141594019062878
2 0.38348754028294096 0.4809741316017271 0.3811827284695344 0.47211685854843416 0.35148521102623437 0.47984465339232435 0.35379002283964095 0.4887019264456173
2 0.38443227347155245 0.48360995286660236 0.3805785313573628 0.4806203130688848 0.36096819852990913 0.5058986645104635 0.3648219406440988 0.5088883043081811
2 0.39146502031249997 0.5335188796875 0.3913966046875 0.5294374999999999 0.35485757046082944 0.5300499989721413 0.3549259860858294 0.5341313786596416
2 0.5069544896859065 0.37276625710803846 0.5017680167100077 0.3686796734680018 0.47163597983857075 0.4069216400367055 0.4768224528144695 0.4110082236767421
2 0.483544796506016 0.4151530969476391 0.4834475265576229 0.41064697799275696 0.4730845858944175 0.41087067441835157 0.4731818558428106 0.4153767933732337
2 0.44351880309351105 0.6034015281371083 0.41897301065220816 0.5635574512571806 0.4134995664248501 0.5669293458137706 0.43804535886615287 0.6067734226936984
1 0.519859067250869 0.6196349881786906 0.5040550356563356 0.5593478657347742 0.49486567877140253 0.5617568194326064 0.5106697103659358 0.6220439418765226
2 0.49251071918465195 0.554229047136287 0.4809143906630343 0.527240800701371 0.47464677179501874 0.5299338755410823 0.4862431003166364 0.5569221219759981
2 0.5327760085981919 0.5587899777510702 0.5012752062499999 0.520234375 0.4998109257768081 0.5214307253739299 0.531311728125 0.559986328125
2 0.5387569384745418 0.5584175055034863 0.5371823964271313 0.5264461869935759 0.5275719776854151 0.5269194864728377 0.5291465197328256 0.5588908049827481
2 0.5432772640624999 0.7396321609374998 0.5340779438253422 0.6802650296482873 0.5252751413839972 0.6816290807129726 0.5344744616211549 0.7409962120021852
2 0.5835648140624999 0.739435546875 0.5363127578125 0.6802154953125 0.5305581891033285 0.684807102330155 0.5778102453533285 0.7440271538926548
2 0.5290679015625 0.7394173171875 0.47207848673028074 0.666100543191635 0.4368970242244187 0.6934472314305886 0.493886439056638 0.7667640054264536
2 0.47354978649063406 0.7231747886281811 0.4735293203124999 0.7189785156249998 0.4293677314562233 0.7191939017410925 0.4293881976343575 0.7233901747442738
2 0.4322124484375001 0.6629010421875 0.4270985711285917 0.6628730722350771 0.4267928455120325 0.7187703175945779 0.4319067228209409 0.7187982875470007
2 0.42145255549564337 0.7350323374583791 0.41701780056804455 0.7325467241113047 0.4092519182203002 0.746402372677623 0.4136866731478991 0.7488879860246973
2 0.4218005224978631 0.6215570442425691 0.3952981854948254 0.6164003008668499 0.39405051475916353 0.6228125242210377 0.4205528517622012 0.6279692675967569
2 0.4592283953124999 0.6457649734375 0.4395668718749999 0.622177734375 0.43795921489365164 0.6235178227734126 0.4576207383311517 0.6471050618359125
2 0.46476482352679926 0.6290761642430563 0.45113798848614756 0.5264211224705375 0.42694132810284835 0.529633082583598 0.44056816314350006 0.6322881243561169
2 0.48824657110423547 0.6283950893453384 0.47564087520555 0.5299481302866279 0.466171128508838 0.5311606892954354 0.47877682440752345 0.6296076483541458
1 0.529876028125 0.666537109375 0.5293709742488808 0.5822984324691747 0.5245760715909384 0.5823271803586472 0.5250811254670577 0.6665658572644726
2 0.4186739823349728 0.64521484223849 0.32370295320941034 0.5850236602412913 0.30858047136567224 0.6088842593519597 0.4035515004912347 0.6690754413491584
2 0.37381767681782835 0.5766455804764443 0.3374454697626924 0.5322026221308248 0.32445942357976565 0.5428304286085078 0.3608316306349016 0.5872733869541273
2 0.44309595543742175 0.5575203279452964 0.4106542928641506 0.5172037333449249 0.40598958060207496 0.5209572999025096 0.4384312431753461 0.5612738945028812
2 0.47002366828633074 0.42860657037103767 0.4667649171875 0.4254915359375002 0.45777828640116935 0.4348927780664627 0.4610370375 0.43800781250000015
2 0.478211325487352 0.47082201569389204 0.4679787911005229 0.44769005057227035 0.4281149223745997 0.46532402180581567 0.43834745676142894 0.48845598692743736
2 0.4845403861089056 0.4777850952377233 0.4557196413736609 0.4661975123153038 0.4465669266603955 0.4889622300438964 0.47538767139564025 0.500549812966316
2 0.5236311956099057 0.49175867371262455 0.5115123453124999 0.48240755156250004 0.5090039153855906 0.48565842202250575 0.5211227656829964 0.49500954417263027
2 0.5648447773800649 0.4843824388175225 0.5163170459066612 0.4636463816943226 0.5099055167610493 0.47865101651296627 0.5584332482344531 0.4993870736361662
2 0.48277560953505 0.3803486621331965 0.4753065031029431 0.37236738506610234 0.44753990964610846 0.39835215417544567 0.45500901607821537 0.40633343124253984
2 0.5426759698883723 0.36036781722646916 0.431920321988399 0.2767818628084012 0.36341969057049783 0.36754868920964345 0.4741753384704711 0.4511346436277114
2 0.521813880956023 0.375303665696791 0.5036404637853521 0.3610246356860748 0.45597390023292766 0.42169152579558383 0.47414731740359856 0.4359705558063001
2 0.4527962947927313 0.3647207551923348 0.44237659594266354 0.3299503562360298 0.3779559923251448 0.34925537744897767 0.38837569117521253 0.3840257764052827
2 0.40896345742691836 0.3815718630082175 0.4046982308664303 0.3781562957755988 0.39804495937701195 0.3864646405798814 0.4023101859375 0.3898802078125001
0 0.589380846039939 0.2605587042433545 0.5774363245323183 0.2586711752301359 0.5749773284958956 0.2742320120906624 0.5869218500035162 0.27611954110388104
0 0.5889917703124999 0.29361979218750006 0.5761316875 0.29361979218750006 0.5761316875 0.3105468750000001 0.5889917703124999 0.3105468750000001
0 0.5901512154703448 0.3280268602222255 0.5770884560102607 0.32643898263059595 0.5749572602392385 0.343971377990266 0.5880200196993226 0.34555925558189554
0 0.5895061734375 0.3606770828125001 0.575617284375 0.3606770828125001 0.575617284375 0.3782552078125001 0.5895061734375 0.3782552078125001
0 0.5905349796875 0.3945312500000001 0.5766460906249999 0.3945312500000001 0.5766460906249999 0.4127604171875 0.5905349796875 0.4127604171875
0 0.5905349796875 0.4290364578125 0.57716049375 0.4290364578125 0.57716049375 0.447265625 0.5905349796875 0.447265625
0 0.5913304493380391 0.4640114831905245 0.5778468541385839 0.46223586629277474 0.5755222996116247 0.479887957968801 0.5890058948110799 0.4816635748665507
0 0.5920758672834294 0.4982191916639934 0.5788873448093372 0.4950128634251792 0.574645468281271 0.5124608848864544 0.5878339907553632 0.5156672131252686
0 0.5919675190657603 0.5320739695396484 0.5786787136178247 0.5296509404230576 0.5756419505232653 0.5463056944574849 0.5889307559712009 0.5487287235740755
0 0.5934842019700297 0.5660591834637059 0.5784099671901277 0.5638936373749666 0.5759585571112464 0.5809577540257411 0.5910327918911484 0.5831233001144803
0 0.5945468156362017 0.6025481773588559 0.58022056944884 0.5973677070436667 0.5738854204965136 0.61488714022303 0.5882116666838753 0.6200676105382193
0 0.5241769546875 0.5657552078125 0.510288065625 0.5657552078125 0.510288065625 0.5846354171875 0.5241769546875 0.5846354171875
0 0.4974279828125 0.5651041671875 0.4850823046875 0.5651041671875 0.4850823046875 0.5833333328125 0.4974279828125 0.5833333328125
0 0.4712706509645372 0.582796647291405 0.4681996143470393 0.5653061416532503 0.4551696779650779 0.5675939778416667 0.45824071458257587 0.5850844834798214
0 0.4450503159634455 0.5673174845758109 0.4304735920983028 0.5660377726084952 0.42898152937858924 0.5830333050487821 0.44355825324373194 0.584313017016098
0 0.41748563633372815 0.5840784705517625 0.41538919316452416 0.5655053071186453 0.4012396630645728 0.5671024333073158 0.4033361062337767 0.585675596740433
0 0.3228534935808009 0.6027646523223448 0.3100013178688171 0.6019835135953957 0.30895580651552523 0.6191854460534938 0.321807982227509 0.6199665847804428
0 0.3237010235561363 0.5686452277591025 0.3089131587732449 0.5670873297533123 0.3069912146425447 0.5853307897355666 0.32177907942543615 0.5868886877413567
0 0.3230452671875001 0.5338541671875 0.3081275718750001 0.5338541671875 0.3081275718750001 0.5520833328125 0.3230452671875001 0.5520833328125
0 0.3220164609375001 0.4993489578125 0.3076131687500001 0.4993489578125 0.3076131687500001 0.5182291671875 0.3220164609375001 0.5182291671875
0 0.3225308640625001 0.466796875 0.3076131687500001 0.466796875 0.3076131687500001 0.4856770828125 0.3225308640625001 0.4856770828125
0 0.32098765468750007 0.431640625 0.30709876562500005 0.431640625 0.30709876562500005 0.451171875 0.32098765468750007 0.451171875
0 0.323470357751676 0.3978408099583577 0.30793414694389354 0.3968178499084143 0.3066425878661218 0.4164334097771274 0.32217879867390425 0.4174563698270708
0 0.32243082965787095 0.3652163632856708 0.3082780763764502 0.3629798797222842 0.3054676015906591 0.3807649226790604 0.31962035487207985 0.38300140624244705
0 0.3209876546875 0.3287760421875 0.307098765625 0.3287760421875 0.307098765625 0.3489583328125 0.3209876546875 0.3489583328125
0 0.32201646093749997 0.294921875 0.306069959375 0.294921875 0.306069959375 0.314453125 0.32201646093749997 0.314453125
0 0.3204732515625 0.26171875 0.306069959375 0.26171875 0.306069959375 0.2805989578125 0.3204732515625 0.2805989578125
0 0.43209876562500005 0.7194010421875 0.4197530859375001 0.7194010421875 0.41975308593750016 0.736328125 0.43209876562500016 0.736328125
0 0.4840534984375001 0.71875 0.471193415625 0.71875 0.47119341562500006 0.7356770828125 0.4840534984375002 0.7356770828125
1 0.3150102875 0.6884986984374999 0.31468907743157887 0.6694579840999477 0.30127674843749996 0.6696842453124999 0.3015979585059211 0.6887249596500521
1 0.31474022656250006 0.7352701828125 0.3018852875000001 0.7352701828125 0.3018852875000001 0.7560449218749999 0.31474022656250006 0.7560449218749999
1 0.36202674843750005 0.7344986984374999 0.3472530859375001 0.7344986984374999 0.3472530859375001 0.7567513015625 0.36202674843750005 0.7567513015625
1 0.3607998968750001 0.6670442703125 0.34580504062500006 0.6670442703125 0.34580504062500006 0.6857161453125 0.3607998968750001 0.6857161453125
1 0.40468364218749997 0.648818359375 0.3902340531250001 0.648818359375 0.3902340531250001 0.667275390625 0.40468364218749997 0.667275390625
1 0.4215875708882382 0.7789340881080331 0.42089552796114404 0.7482392318299887 0.4057837778989243 0.7485799397209736 0.40647582082601835 0.7792747959990178
1 0.49674950773068904 0.7796325760837128 0.49646093053981283 0.7497237538778659 0.4825610747082637 0.7498578675290771 0.48284965189913986 0.779766689734924
1 0.5564279828125 0.7513144531250001 0.5562726342302596 0.7331659142170978 0.5430267484375001 0.7332792968750002 0.5431820970197405 0.7514278357829025
1 0.5247916671875 0.6187369796875 0.5108153296875 0.6187369796875 0.5108153296875 0.6361588546875 0.5247916671875 0.6361588546875
1 0.525352365625 0.6466927078125 0.5102031890625 0.6466927078125 0.5102031890625 0.6634765625 0.525352365625 0.6634765625
2 0.538526234375 0.5588606765625 0.5313091562500001 0.5588606765625 0.5313091562500001 0.6805403640625001 0.538526234375 0.6805403640625001
1 0.39313785937500006 0.5024088546875001 0.3863065843750001 0.5024088546875001 0.3863065843750001 0.5297265624999999 0.39313785937500006 0.5297265624999999
1 0.40753857968749996 0.5024153640625 0.39864454687500006 0.5024153640625 0.39864454687500006 0.5296809890625 0.40753857968749996 0.5296809890625
1 0.4203652265625 0.5018326828124999 0.41235082343749996 0.5018326828124999 0.41235082343749996 0.5300813796875 0.4203652265625 0.5300813796875
1 0.43375 0.5020279953125 0.42514917656250006 0.5020279953125 0.42514917656250006 0.528818359375 0.43375 0.528818359375
1 0.47526234531249995 0.4988151046875 0.46684670781250004 0.4988151046875 0.46684670781250004 0.5274739578125 0.47526234531249995 0.5274739578125
1 0.4880709875 0.5008723953125 0.480293209375 0.5008723953125 0.480293209375 0.527578125 0.4880709875 0.527578125
1 0.5013786015624999 0.50009765625 0.4940020578125 0.50009765625 0.4940020578125 0.5273893234375 0.5013786015624999 0.5273893234375
1 0.5144110078125 0.5000813796875 0.5062268515625 0.5000813796875 0.5062268515625 0.5257389328125 0.5144110078125 0.5257389328125
1 0.44830504062500004 0.5005501296875 0.44004886875000004 0.5005501296875 0.44004886875000004 0.527861328125 0.44830504062500004 0.527861328125
1 0.4620138890625 0.4995182296875 0.45306841562500005 0.4995182296875 0.45306841562500005 0.5284375 0.4620138890625 0.5284375
2 0.486384232025976 0.6673724982434546 0.4858371857487058 0.629297471256383 0.45620311482505044 0.629723241359833 0.45675016110232064 0.6677982683469046
1 0.6016177984375002 0.7337825515625 0.5897505140625002 0.7337825515625 0.5897505140625002 0.7513736984375 0.6016177984375002 0.7513736984375
2 0.5845884781250001 0.7390625 0.5736213984375003 0.7390625 0.5736213984375003 0.7516406250000001 0.5845884781250001 0.7516406250000001
2 0.5300231484375002 0.7402083328125 0.5197916671875003 0.7402083328125 0.5197916671875003 0.750859375 0.5300231484375002 0.750859375
2 0.5444598765625002 0.7388313796875 0.5326594656250002 0.7388313796875 0.5326594656250002 0.7512337234375 0.5444598765625002 0.7512337234375
2 0.5713235593750001 0.7517154953125 0.5710859046875001 0.7369843750000001 0.5557601017259379 0.7372316236027032 0.555997756413438 0.7519627439152031
1 0.4405169750000001 0.709736328125 0.43502829218750005 0.709736328125 0.4350282921875001 0.7393522140625 0.44051697500000014 0.7393522140625
1 0.4475282921875001 0.708505859375 0.44192644062499997 0.708505859375 0.4419264406250001 0.7395279953125 0.44752829218750023 0.7395279953125
1 0.4546759265625001 0.70828125 0.44889403281250007 0.70828125 0.4488940328125001 0.7391796875 0.45467592656250017 0.7391796875
1 0.4612757203125001 0.7087141921875 0.45616255156249996 0.7087141921875 0.4561625515625001 0.7390983078125 0.46127572031250014 0.7390983078125
1 0.46855709843750015 0.7106575515625 0.46324331250000006 0.7106575515625 0.4632433125000001 0.73935546875 0.4685570984375002 0.73935546875
1 0.4411870936273865 0.6631548010659629 0.44044314603677404 0.6282932044776113 0.417142649480689 0.6287904378223044 0.4178865970713015 0.6636520344106561
1 0.40526388906250005 0.6374361984375 0.4049396638980804 0.6109515429667092 0.3891496442748015 0.6111448443941789 0.38947386943922113 0.6376294998649696
2 0.43968107031250003 0.614287109375 0.42120370312500005 0.614287109375 0.42120370312500005 0.624267578125 0.43968107031250003 0.624267578125
0 0.45714067388104807 0.608797984722154 0.4504400839988308 0.601027124130959 0.4442505225848482 0.6063642051529617 0.4509511124670655 0.6141350657441567
2 0.5376543203125 0.5110481765625 0.5223559671875 0.5110481765625 0.5223559671875 0.5270377609375 0.5376543203125 0.5270377609375
2 0.5377443421875 0.4865234375 0.5227494859374999 0.4865234375 0.5227494859374999 0.50125 0.5377443421875 0.50125
2 0.36206790156250007 0.4881901046875 0.3480349796875001 0.4881901046875 0.3480349796875001 0.5091927078125 0.36206790156250007 0.5091927078125
2 0.3621244859375001 0.51310546875 0.3476491765625001 0.51310546875 0.3476491765625001 0.5312565109375 0.3621244859375001 0.5312565109375
1 0.3618441359375001 0.44577148437499997 0.34028549375000006 0.44577148437499997 0.34028549375000006 0.45606445312500005 0.3618441359375001 0.45606445312500005
1 0.3626260281250001 0.4624934890625 0.3400488687500001 0.4624934890625 0.3400488687500001 0.4740690109375 0.3626260281250001 0.4740690109375
1 0.3619110078125001 0.4275618484375 0.33888117343750007 0.4275618484375 0.33888117343750007 0.43887044218750004 0.3619110078125001 0.43887044218750004
1 0.3613580250000001 0.4112858078125 0.3391152265625001 0.4112858078125 0.3391152265625001 0.42103190156250003 0.3613580250000001 0.42103190156250003
1 0.3610956796875001 0.3941145828125 0.3309310703125001 0.3941145828125 0.3309310703125001 0.4036197921875 0.3610956796875001 0.4036197921875
1 0.3617103906250001 0.3770963546875 0.3306970171875001 0.3770963546875 0.3306970171875001 0.387578125 0.3617103906250001 0.387578125
1 0.362227365625 0.359931640625 0.3371244859375 0.359931640625 0.33712448593750005 0.37101887968749997 0.3622273656250001 0.37101887968749997
1 0.362055040625 0.3442415359375 0.3370087453125 0.3442415359375 0.3370087453125 0.35388346406250004 0.362055040625 0.35388346406250004
1 0.3612114203125 0.3264811203125 0.338181584375 0.3264811203125 0.338181584375 0.3364876296875 0.3612114203125 0.3364876296875
1 0.3608256171875 0.30857421875 0.33899948593749996 0.30857421875 0.33899948593749996 0.31935546875 0.3608256171875 0.31935546875
1 0.3613323046875 0.2928841140625 0.33864711875000003 0.2928841140625 0.33864711875000003 0.30365234375 0.3613323046875 0.30365234375
1 0.3611651234375 0.276015625 0.33817644062499996 0.276015625 0.33817644062499996 0.2867578125 0.3611651234375 0.2867578125
2 0.39916830264194003 0.2754569289616481 0.39871942802929816 0.23715696780132905 0.3576087792685177 0.23763878360424093 0.3580576538811596 0.27593874476455993
2 0.4338040125 0.2415332031250001 0.4178112140625 0.2415332031250001 0.4178112140625 0.26127929687500007 0.4338040125 0.26127929687500007
2 0.481586934375 0.2459733078125001 0.47323816875 0.2459733078125001 0.47323816875 0.2638834640625001 0.481586934375 0.2638834640625001
2 0.50120113125 0.24508463593750007 0.4940560703125 0.24508463593750007 0.4940560703125 0.2624023437500001 0.50120113125 0.2624023437500001
2 0.542358859178263 0.2670871466402417 0.5421247969801251 0.2344551874192889 0.5324567058708578 0.23452453460869638 0.5326907680689957 0.2671564938296492
2 0.5272349985127904 0.2646384920450534 0.5263677080517538 0.23869373006178823 0.5085809859538171 0.2392883107489651 0.5094482764148537 0.26523307273223024
2 0.4929192390625 0.2727604171875001 0.4845807609375 0.2727604171875001 0.4845807609375 0.2900781250000001 0.4929192390625 0.2900781250000001
2 0.45115226406250003 0.2428645828125001 0.43780864218750004 0.2428645828125001 0.43780864218750004 0.2622005203125001 0.45115226406250003 0.2622005203125001
2 0.4731126109985489 0.2572211882765612 0.45090430229676537 0.25717202197464256 0.45087232494065327 0.27161612226874726 0.4730806336424368 0.2716652885706659
2 0.3776296296875 0.3131796875 0.3771825332517865 0.2940890891504339 0.3614278963795547 0.2944580583080557 0.3618749928152682 0.31354865665762177
2 0.40018131742371565 0.2938179857759383 0.38292080516406285 0.2935361688292135 0.3825954549278472 0.31346297524077527 0.3998559671875 0.3137447921875
0 0.40768728365522816 0.3215920950768864 0.4018682945700836 0.31602371405265506 0.3963810369493317 0.3217579287307786 0.4022000260344763 0.3273263097550099
2 0.5025123453125001 0.3229798171875001 0.5024921365325737 0.2926896069657149 0.4155892729355995 0.29274758612243046 0.41560948171552586 0.3230377963442156
0 0.5106354217158543 0.31217765645654416 0.5039767743561274 0.31215117709790413 0.5039424612111038 0.32077975211822024 0.5106011085708306 0.32080623147686027
2 0.45009911283060944 0.34860029802393216 0.3511798391432843 0.3470927352568101 0.3503758060706551 0.39984965476928963 0.4492950797579803 0.4013572175364117
2 0.4112757203125 0.34421875000000013 0.39989711875 0.34421875000000013 0.39989711875000006 0.3798437500000001 0.4112757203125 0.3798437500000001
2 0.4808405366538181 0.41343454357569315 0.45765866438979746 0.39282369515961557 0.37269113979418594 0.48839017849899163 0.3958730120582065 0.5090010269150692
0 0.40662746475264033 0.42302230625906845 0.40149623041220484 0.41676895168326034 0.39478601639792904 0.42227506526826747 0.39991725073836454 0.4285284198440755
2 0.459146090625 0.4322493484375 0.4529835390625 0.4322493484375 0.4529835390625 0.4538053390625 0.459146090625 0.4538053390625
2 0.47236625468750004 0.4320735671875 0.4673148140625 0.4320735671875 0.4673148140625 0.4542936203125 0.47236625468750004 0.4542936203125
2 0.4861213984375 0.4322981765625 0.4795164609375 0.4322981765625 0.4795164609375 0.4547591140625 0.4861213984375 0.4547591140625
2 0.498855453125 0.43160156250000004 0.49359310624999997 0.43160156250000004 0.49359310624999997 0.4537760421875 0.498855453125 0.4537760421875
2 0.5117412546875 0.43146484375 0.5066846703125 0.43146484375 0.5066846703125 0.4553971359375 0.5117412546875 0.4553971359375
2 0.525164609375 0.43103841093749995 0.51988683125 0.43103841093749995 0.51988683125 0.455302734375 0.525164609375 0.455302734375
2 0.538016975 0.43188151093749994 0.5330838484375 0.43188151093749994 0.5330838484375 0.4555143234375 0.538016975 0.4555143234375
2 0.552384259375 0.4303483078125 0.5470601859374999 0.4303483078125 0.5470601859374999 0.455654296875 0.552384259375 0.455654296875
2 0.4584413578125 0.3546028640625001 0.45123971249999995 0.3546028640625001 0.45123971249999995 0.3778841140625001 0.4584413578125 0.3778841140625001
2 0.47186728437500003 0.3522851562500001 0.46555041093750005 0.3522851562500001 0.46555041093750005 0.3760091140625001 0.47186728437500003 0.3760091140625001
2 0.485509259375 0.3537304687500001 0.47802983593750004 0.3537304687500001 0.47802983593750004 0.3766731765625001 0.485509259375 0.3766731765625001
2 0.49873199531249995 0.3528613281250001 0.49268775781249996 0.3528613281250001 0.49268775781249996 0.37702148437500005 0.49873199531249995 0.37702148437500005
2 0.5116280859375 0.3537304687500001 0.50528549375 0.3537304687500001 0.50528549375 0.3765039062500001 0.5116280859375 0.3765039062500001
2 0.5248662546875 0.3512695312500001 0.519135803125 0.3512695312500001 0.519135803125 0.3773763015625001 0.5248662546875 0.3773763015625001
2 0.5390612140625 0.3534212234375001 0.5325128593749999 0.3534212234375001 0.5325128593749999 0.3772037765625001 0.5390612140625 0.3772037765625001
2 0.5525720171875 0.3533365890625001 0.54601851875 0.3533365890625001 0.54601851875 0.3777832031250001 0.5525720171875 0.3777832031250001
1 0.5583744859374999 0.2725423171875001 0.5352469140625 0.2725423171875001 0.5352469140625 0.2832779953125001 0.5583744859374999 0.2832779953125001
1 0.558865740625 0.2895507812500001 0.535578703125 0.2895507812500001 0.535578703125 0.3005533859375001 0.558865740625 0.3005533859375001
1 0.5595807609375 0.3061458328125001 0.5363966046875001 0.3061458328125001 0.5363966046875001 0.31705729218750006 0.5595807609375 0.31705729218750006
1 0.559200103125 0.3233658859375001 0.5365612140625 0.3233658859375001 0.5365612140625 0.3346158859375001 0.559200103125 0.3346158859375001
1 0.5592772640625 0.3397460937500001 0.5373791156250001 0.3397460937500001 0.5373791156250001 0.3510091140625001 0.5592772640625 0.3510091140625001
1 0.5596939296875 0.3571712234375001 0.5363966046875001 0.3571712234375001 0.5363966046875001 0.36741210937500013 0.5596939296875 0.36741210937500013
1 0.5603472218750001 0.37335286406250007 0.5373791156250001 0.37335286406250007 0.5373791156250001 0.3838216140625001 0.5603472218750001 0.3838216140625001
1 0.559611625 0.3909798171875001 0.5377031890625 0.3909798171875001 0.5377031890625 0.403095703125 0.559611625 0.403095703125
1 0.5603009265625001 0.40840494843749997 0.5378677984375 0.40840494843749997 0.5378677984375 0.41873046875000003 0.5603009265625001 0.41873046875000003
1 0.5592798359375 0.4249967453125 0.538364196875 0.4249967453125 0.538364196875 0.43555012968750006 0.5592798359375 0.43555012968750006
1 0.5591692390625 0.44200846406250005 0.5363966046875001 0.44200846406250005 0.5363966046875001 0.4543326828125 0.5591692390625 0.4543326828125
1 0.5601826125 0.46025390625 0.53459105 0.46025390625 0.53459105 0.47138671875 0.5601826125 0.47138671875
2 0.511149690625 0.4753971359375 0.48149434218750004 0.4753971359375 0.48149434218750004 0.48419921875 0.511149690625 0.48419921875
2 0.49813014375 0.4843391921875 0.48148919687499997 0.4843391921875 0.48148919687499997 0.5062076828125 0.49813014375 0.5062076828125
2 0.40029835468749997 0.4326497390625 0.3619855968750001 0.4326497390625 0.3619855968750001 0.4627669265625 0.40029835468749997 0.4627669265625
2 0.5868467078124999 0.58373046875 0.5824022640625001 0.58373046875 0.5824022640625001 0.5987825515625 0.5868467078124999 0.5987825515625
2 0.4074228390625 0.5133365890625 0.3873405343750001 0.5133365890625 0.3873405343750001 0.5290462234375 0.4074228390625 0.5290462234375
2 0.45721965000000003 0.48644205781250005 0.43824331250000004 0.48644205781250005 0.43824331250000004 0.5031022140625 0.45721965000000003 0.5031022140625
2 0.45738477343750006 0.5273776046875 0.4565722565008031 0.5018969561765765 0.43841600280619153 0.5024759156809828 0.4392285197428884 0.5279565641919064
0 0.4501491485582342 0.5577288034431116 0.44254679170520783 0.5558606918488722 0.4402479128491358 0.5652160737648289 0.44785026970216213 0.5670841853590682
0 0.5896322015625 0.22157877656250008 0.573125 0.22157877656250008 0.573125 0.2441894531250001 0.5896322015625 0.2441894531250001
0 0.32106738749999997 0.2261946609375 0.30487911562500003 0.2261946609375 0.30487911562500003 0.24709960937500003 0.32106738749999997 0.24709960937500003
0 0.318930040625 0.2630208328125 0.307098765625 0.2630208328125 0.307098765625 0.2779947921875 0.318930040625 0.2779947921875
0 0.318930040625 0.2962239578125 0.307098765625 0.2962239578125 0.307098765625 0.3125 0.318930040625 0.3125
0 0.31944444375000003 0.3307291671875 0.30761316875 0.3307291671875 0.30761316875 0.3463541671875 0.31944444375000003 0.3463541671875
0 0.32128956875925213 0.36631012029722293 0.30928373774753865 0.36393859216362145 0.30625526320338875 0.3792702060227081 0.3182610942151023 0.38164173415630964
0 0.3199588484375001 0.3990885421875 0.3086419750000001 0.3990885421875 0.3086419750000001 0.4153645828125 0.3199588484375001 0.4153645828125
0 0.32047325156250006 0.43359375 0.3086419750000001 0.43359375 0.3086419750000001 0.4485677078125 0.32047325156250006 0.4485677078125
0 0.32098765468750007 0.4680989578125 0.3091563781250001 0.4680989578125 0.3091563781250001 0.4837239578125 0.32098765468750007 0.4837239578125
0 0.32171464783578624 0.5020228366433345 0.3101773369643651 0.5007205653477979 0.308409970739583 0.5163783270053334 0.319947281611004 0.51768059830087
0 0.3215020578125001 0.5358072921875 0.3096707812500001 0.5358072921875 0.3096707812500001 0.5501302078125 0.3215020578125001 0.5501302078125
0 0.32098765468750007 0.5696614578125 0.3101851859375001 0.5696614578125 0.3101851859375001 0.5852864578125 0.32098765468750007 0.5852864578125
0 0.3918904328125001 0.5640071609375 0.3728935187500001 0.5640071609375 0.3728935187500001 0.5867350265625 0.3918904328125001 0.5867350265625
0 0.3878600828125001 0.568359375 0.37602880625000007 0.568359375 0.37602880625000007 0.5833333328125 0.3878600828125001 0.5833333328125
0 0.4832077306330489 0.4655895906658449 0.4767741596499702 0.46545114000481513 0.47660649636664854 0.4732421727559994 0.4830400673497272 0.47338062341702913
0 0.4890033945687236 0.40479039573810827 0.48220837552947265 0.40405337039954414 0.4814279480491407 0.41124853630515973 0.48822296708839164 0.41198556164372385
0 0.4987260506810343 0.5541238602816752 0.49064371716310673 0.5527206393922304 0.48909280114273457 0.5616536738340887 0.4971751346606622 0.5630568947235334
0 0.3995440721286062 0.6166803788185465 0.39634171903806203 0.6098658059310279 0.38962996280315576 0.6130198426808876 0.39283231589369993 0.6198344155684061
0 0.43900496338260603 0.6888784763337205 0.4320476786838568 0.6885859935870997 0.43171675263286396 0.6964577288521409 0.43867403733161325 0.6967502115987616
0 0.42745781875000005 0.4345703125 0.42001388906250003 0.4345703125 0.42001388906250003 0.443646484375 0.42745781875000005 0.443646484375