0 0.1622460937500001 0.594475309375 0.13897916718750009 0.594475309375 0.13897916718750009 0.611141975 0.1622460937500001 0.611141975
0 0.1638307296875001 0.620664609375 0.1421582031250001 0.620664609375 0.1421582031250001 0.6380267484375 0.1638307296875001 0.6380267484375
0 0.16385596741128142 0.6479892970596183 0.14242528877888222 0.6470870106444361 0.14172281558939617 0.6637718203882607 0.16315349422179534 0.6646741068034429
0 0.16472851562500007 0.673391975 0.14368684843750007 0.673391975 0.14368684843750007 0.6907546296875 0.16472851562500007 0.6907546296875
0 0.474446301815947 0.6461214219862932 0.44546678837334747 0.644773783070675 0.44442460694116914 0.6671847645831709 0.47340412038376867 0.6685324034987891
0 0.4796500080079852 0.7329329160666596 0.4702084695639117 0.7113849522245673 0.44440452952782356 0.7226913055136601 0.45384606797189714 0.7442392693557524
0 0.43380251826788185 0.747824158158126 0.4278638892846057 0.7273489123771566 0.4026939301046074 0.7346491934430447 0.40863255908788343 0.7551244392240141
0 0.3878045917422271 0.7398597525954538 0.38729388038929197 0.7178677481674478 0.3589772150990309 0.7185253345410929 0.35948792645196603 0.7405173389690989
0 0.3874059379036837 0.6460368703751195 0.35871323052373844 0.642238895554648 0.3557560521917703 0.6645796051591797 0.38444875957171565 0.6683775799796512
0 0.8952877609375001 0.2896574078125001 0.8710737985812586 0.2896267598037157 0.8710481765625 0.3098698562500001 0.8952621389187415 0.30990050425878446
0 0.8959577252171449 0.7360590784023854 0.8788468281261531 0.7359343934285978 0.878750868833072 0.749103178238501 0.8958617659240637 0.7492278632122887
0 0.8985316008147347 0.7630443180989972 0.8792356702431761 0.7616488015547465 0.878167375317904 0.7764202098858936 0.8974633058894627 0.7778157264301442
0 0.8999155120943362 0.8023733046481791 0.8956451174117198 0.7867354368014847 0.8787074020736277 0.7913607943134263 0.8829777967562441 0.8069986621601206
0 0.9011536745719162 0.8324736158772833 0.9008887030564001 0.814672666721054 0.8802475908561025 0.8149799147634843 0.8805125623716187 0.8327808639197135
1 0.8511740961368315 0.10894463092255627 0.7954601546028683 0.06747856477067429 0.7922132444633233 0.07184112380914338 0.8479271859972863 0.11330718996102536
1 0.8853401935498892 0.31366859050698676 0.8652026770804518 0.12042852661598494 0.84366727892319 0.12267272704903989 0.8638047953926276 0.3159127909400417
1 0.8757376296875001 0.3715843625 0.5981351247249436 0.06726132839624119 0.5493067225917638 0.11180244170831521 0.8269092275543205 0.416125475812074
1 0.8895210986822113 0.7357898735231748 0.7995238782720304 0.317491351994437 0.7290385538304602 0.3326563190047622 0.8190357742406411 0.7509548405335
1 0.648872588192348 0.8272123804923573 0.6440594369003801 0.5714185968836119 0.6331925618335125 0.5716230737595931 0.6380057131254804 0.8274168573683387
1 0.6612877609375001 0.8432623453125 0.41639554798612427 0.6503593337804972 0.32857577168181773 0.7618473773794874 0.5734679846331936 0.9547503889114901
1 0.6738041162940527 0.8655143629409991 0.6696245144110986 0.8622428661527703 0.6612208007609233 0.8729792903860021 0.6654004026438773 0.8762507871742311
1 0.6377672504725791 0.8567104594375218 0.41777967329204346 0.7501229645165393 0.37754797299104353 0.8331577922102719 0.5975355501715793 0.9397452871312545
0 0.4316032432536974 0.6523774455695898 0.43126380884293203 0.6313406701270949 0.4022928298514993 0.6318081251897842 0.4026322642622646 0.6528449006322791
1 0.4960942655153794 0.8376480060390762 0.2596959357985365 0.09722024620979117 0.010635338431209906 0.1767384820326756 0.2470336681480528 0.9171662418619606
1 0.18511029282958702 0.6969065043883933 0.14283750539849516 0.39426815531945697 0.09133148068762761 0.40146256158264704 0.13360426811871945 0.7041009106515833
0 0.16472851562500007 0.7005262343750001 0.14368684843750007 0.7005262343750001 0.14368684843750007 0.71783950625 0.16472851562500007 0.71783950625
0 0.1666807500181578 0.7442534367088761 0.1662689366110662 0.7268455100702296 0.14430551005169734 0.7273650913914617 0.1447173234587889 0.7447730180301082
0 0.1670194163074242 0.7549965975343893 0.1458762528957972 0.753783230157931 0.14493429442175704 0.7701970404597456 0.16607745783338407 0.771410407836204
0 0.1678806244395904 0.7971855306811189 0.16705057396257844 0.7795702208887237 0.14562721186130595 0.7805797104827721 0.1464572623383179 0.7981950202751672
0 0.1679153640625001 0.80654218125 0.14590625000000007 0.80654218125 0.14590625000000007 0.8239048359375 0.1679153640625001 0.8239048359375
0 0.16901822968750008 0.8329007203125001 0.14663997343750007 0.8329007203125001 0.14663997343750007 0.8502633749999999 0.16901822968750008 0.8502633749999999
1 0.22071542154095755 0.6238532781204308 0.21455300998434948 0.32725314621929447 0.11582850357331705 0.3293043288513729 0.12199091512992515 0.6259044607525092
1 0.25604570588595305 0.5660957836982985 0.24888576846387583 0.34063075983175123 0.23426724513653124 0.3410949902051901 0.24142718255860846 0.5665600140717373
1 0.2318802210821501 0.099203676461421 0.18921650837076875 0.0889552821690332 0.13922648456028316 0.297062030742302 0.18189019727166453 0.30731042503468975
1 0.2584797618299393 0.07966467032037393 0.1977483507983617 0.05642298459718124 0.11046593667003882 0.28449526091085425 0.17119734770161638 0.30773694663404694
1 0.16874362212941554 0.3070410205818046 0.15418951775333617 0.09987606377554212 0.12049980118043538 0.10224289095983792 0.1350539055565147 0.3094078477661004
2 0.8702683635802406 0.32027073580889476 0.8698600265624998 0.29744238749999996 0.7995376343539772 0.2987002636952584 0.799945971371718 0.3215286120041531
2 0.8690858419045148 0.29621328552369225 0.12714696075253967 0.2786694129087665 0.12623610712706962 0.3171898544673511 0.8681749882790447 0.33473372708227683
2 0.8692096912826663 0.35175722504258233 0.09502710872003757 0.2768938715423689 0.09024929301127387 0.3263025812979161 0.8644318755739027 0.4011659347981296
2 0.9166384648694897 0.7436253733108484 0.20321918076956957 0.20558777083875507 0.11966194878285166 0.316381775479773 0.8330812328827719 0.8544193779518665
1 0.904228005539157 0.8162932838285138 0.8919134109375 0.388081790625 0.8836848210646904 0.38831843011281214 0.8959994156663476 0.816529923316326
2 0.894609560654035 0.6693672127941579 0.44513988940818416 0.5745999937265397 0.42928248753412007 0.6498097685545146 0.8787521587799709 0.7445769876221326
2 0.6346095411587054 0.5733334940679595 0.1212035926577548 0.3825373855791275 0.08807780319475549 0.47167430505717556 0.601483751695706 0.6624704135460077
2 0.4053821609375 0.6333847734375 0.1071693950696444 0.40870486965424335 0.08897655079975622 0.43285183748435346 0.3871893166676118 0.6575317412676102
1 0.14222001427259168 0.5951311363628962 0.12413216093750001 0.0737139921875 0.07062272772481981 0.07557022340430339 0.08871058105991149 0.5969873675796996
2 0.17496240094713691 0.3363727413724086 0.08946918976379148 0.32864384874842306 0.05869516705060325 0.6690509614847063 0.14418837823394867 0.6767798541086919
2 0.6593459939653675 0.8797402329331581 0.1828942197148165 0.6951454560930215 0.16225895211624208 0.7484064964527397 0.638710726366793 0.9330012732928763
2 0.45566945791548213 0.8218394427216211 0.16113796257782695 0.6885253913545807 0.14009432933185031 0.7350172105118149 0.43462582466950545 0.8683312618788553
2 0.4456511118876268 0.6563334769091608 0.26343692346868586 0.5493975356607619 0.253111162641674 0.5669921825768214 0.4353253510606149 0.6739281238252203
0 0.46389214451199834 0.8253543272535431 0.4635500549585025 0.8191918818808623 0.45581131611987136 0.8196214746080717 0.4561534056733672 0.8257839199807524
0 0.6672055639543668 0.8823024083273419 0.6665079778695775 0.8764591672168697 0.6592671755774002 0.877323598929722 0.6599647616621895 0.8831668400401942
1 0.676470703125 0.8282860078125 0.6604609598476726 0.8282726328311696 0.6604490911964496 0.8424793112883495 0.676458834473777 0.8424926862696799
1 0.6775026046874999 0.8650586421875 0.67690268230654 0.8501521562704356 0.6609869796875 0.8507926953125002 0.6615869020684599 0.8656991812295646
1 0.65288022481211 0.841802145673433 0.6524544144707713 0.8276022308034559 0.6373307005961614 0.8280557429425232 0.6377565109375001 0.8422556578125002
1 0.6534015255738943 0.8660128712984456 0.6527044594634954 0.8504199725564087 0.6364455120146011 0.8511468137579632 0.637142578125 0.8667397125
1 0.2623600265625 0.08260030937500003 0.2510123703125 0.08260030937500003 0.2510123703125 0.09925154375000003 0.2623600265625 0.09925154375000003
1 0.28918294218749996 0.08186985625000004 0.2760774734375 0.08186985625000004 0.2760774734375 0.09894290156250005 0.28918294218749996 0.09894290156250005
1 0.3160026046875 0.08114711875000005 0.3038541671875 0.08114711875000005 0.3038541671875 0.09862654375000005 0.3160026046875 0.09862654375000005
1 0.2357194015625 0.08361368281250002 0.2236555984375 0.08361368281250002 0.2236555984375 0.09920524687500001 0.2357194015625 0.09920524687500001
1 0.20962890625 0.08405092656250002 0.1954752609375 0.08405092656250002 0.1954752609375 0.09983796250000002 0.20962890625 0.09983796250000002
1 0.1826204421875 0.08375771562500002 0.1701399734375 0.08375771562500002 0.1701399734375 0.09992541093750003 0.1826204421875 0.09992541093750003
1 0.1589225265625 0.08346707812500002 0.14290039062499998 0.08346707812500002 0.14290039062499998 0.10150205781249999 0.1589225265625 0.10150205781249999
1 0.1297102859375 0.08448559687500003 0.1163444015625 0.08448559687500003 0.1163444015625 0.1018107 0.1297102859375 0.1018107
1 0.23649088593749998 0.3319521609375 0.21257161406249997 0.3319521609375 0.21257161406249997 0.3369161515625 0.23649088593749998 0.3369161515625
1 0.236328125 0.3399819953125 0.2127994796875 0.3399819953125 0.2127994796875 0.3451414609375 0.236328125 0.3451414609375
1 0.23616536406250002 0.34840792187499997 0.21306640625 0.34840792187499997 0.21306640625 0.3536085390625 0.23616536406250002 0.3536085390625
1 0.23666015625 0.357088478125 0.21287109375000002 0.357088478125 0.21287109375000002 0.3614917703125 0.23666015625 0.3614917703125
1 0.2371516921875001 0.3657664609375 0.2137076828125001 0.3657664609375 0.2137076828125001 0.3706635796875 0.2371516921875001 0.3706635796875
1 0.2368196609375001 0.373413065625 0.21459960937500008 0.373413065625 0.21459960937500008 0.3788811734375 0.2368196609375001 0.3788811734375
1 0.23780598906250008 0.38209619375 0.21533203125000008 0.38209619375 0.21533203125000008 0.38790380625 0.23780598906250008 0.38790380625
1 0.23780598906250008 0.3911651234375 0.2152669265625001 0.3911651234375 0.2152669265625001 0.396036521875 0.23780598906250008 0.396036521875
1 0.2085286453125001 0.4025823046875 0.2023828125000001 0.4025823046875 0.2023828125000001 0.4186316875 0.2085286453125001 0.4186316875
1 0.19833658906250004 0.40268261250000004 0.19237955781250005 0.40268261250000004 0.19237955781250005 0.42005401249999996 0.19833658906250004 0.42005401249999996
1 0.18661458281250004 0.4031455765625 0.17992187500000006 0.4031455765625 0.17992187500000006 0.4201877578125 0.18661458281250004 0.4201877578125
1 0.17732096406250003 0.40250514375 0.16942382812500006 0.40250514375 0.16942382812500006 0.420056584375 0.17732096406250003 0.420056584375
1 0.16641276093750004 0.40243312812500004 0.15876953125000004 0.40243312812500004 0.15876953125000004 0.42070473281250004 0.16641276093750004 0.42070473281250004
1 0.15501953125000006 0.40245370312500006 0.14860026093750006 0.40245370312500006 0.14860026093750006 0.4210956796875 0.15501953125000006 0.4210956796875
1 0.14445637968750005 0.4024588484375 0.13793945312500006 0.4024588484375 0.13793945312500006 0.42109053437500005 0.14445637968750005 0.42109053437500005
1 0.13507161406250004 0.4028575109375 0.12826171875000006 0.4028575109375 0.12826171875000006 0.42109310625 0.13507161406250004 0.42109310625
1 0.12045572968750004 0.39345421875 0.09889322968750004 0.39345421875 0.09889322968750004 0.3980272640625 0.12045572968750004 0.3980272640625
1 0.11976562500000006 0.38532921875000004 0.09846354218750004 0.38532921875000004 0.09846354218750004 0.3899074078125 0.11976562500000006 0.3899074078125
1 0.11949544218750004 0.3765509265625 0.09913737031250004 0.3765509265625 0.09913737031250004 0.3814326125 0.11949544218750004 0.3814326125
1 0.11812500000000004 0.36750514375 0.09846354218750004 0.36750514375 0.09846354218750004 0.37245370312500004 0.11812500000000004 0.37245370312500004
1 0.11901041718750005 0.359763375 0.09901041718750005 0.359763375 0.09901041718750005 0.3633333328125 0.11901041718750005 0.3633333328125
1 0.11791015625000005 0.3518955765625 0.09809244843750005 0.3518955765625 0.09809244843750005 0.355799896875 0.11791015625000005 0.355799896875
1 0.11904622343750004 0.3426440328125 0.09919596406250004 0.3426440328125 0.09919596406250004 0.3468209875 0.11904622343750004 0.3468209875
1 0.11935872343750005 0.3339429015625 0.09864908906250004 0.3339429015625 0.09864908906250004 0.33827932031249996 0.11935872343750005 0.33827932031249996
1 0.13084309843750003 0.30778549375 0.12445637968750005 0.30778549375 0.12445637968750005 0.3290560703125 0.13084309843750003 0.3290560703125
1 0.2058658859375 0.307561728125 0.19919921875000005 0.307561728125 0.19919921875000005 0.3284876546875 0.2058658859375 0.3284876546875
1 0.19575520781250005 0.30760288125 0.18933593750000005 0.30760288125 0.18933593750000005 0.32841563749999997 0.19575520781250005 0.32841563749999997
1 0.18515625000000005 0.307561728125 0.17851562500000004 0.307561728125 0.17851562500000004 0.3285390953125 0.18515625000000005 0.3285390953125
1 0.17414713593750003 0.3076414609375 0.16728515625000004 0.3076414609375 0.16728515625000004 0.3282433125 0.17414713593750003 0.3282433125
1 0.16319987031250005 0.3076877578125 0.15711262968750003 0.3076877578125 0.15711262968750003 0.32868055625000003 0.16319987031250005 0.32868055625000003
1 0.15332356718750004 0.30780864218750004 0.14629882812500003 0.30780864218750004 0.14629882812500003 0.328683128125 0.15332356718750004 0.328683128125
1 0.14280924531250005 0.3078112140625 0.13492512968750003 0.3078112140625 0.13492512968750003 0.3286085390625 0.14280924531250005 0.3286085390625
0 0.18462038731460292 0.3353397506189205 0.1763422778010267 0.33315164566528876 0.17477679730440515 0.3390742221719102 0.18305490681798137 0.34126232712554194
0 0.8938802078125001 0.3184156375000001 0.8726035156249999 0.3184156375000001 0.8726035156249999 0.3349706796875001 0.8938802078125001 0.3349706796875001
0 0.8956812803415831 0.37356885696623365 0.8754087777465236 0.3697071714357085 0.8721408324963089 0.3868627445764555 0.8924133350913686 0.3907244301069806
0 0.8958834640625 0.3442052468750001 0.8723958328125001 0.3442052468750001 0.8723958328125001 0.36261574062500007 0.8958834640625 0.36261574062500007