0 0.6112245922173327 0.8378217811373071 0.5945751699241598 0.8376802357129204 0.5943774186026103 0.86094093294687 0.6110268408957832 0.8610824783712567
0 0.6382141750043705 0.8363834115687393 0.6209097735014234 0.8360039991145223 0.6204339519519955 0.8577054668537633 0.6377383534549426 0.8580848793079803
0 0.664678997699472 0.83685327917845 0.6479958716296046 0.8361400185536594 0.6470797171169349 0.857568821298561 0.6637628431868025 0.8582820819233516
0 0.6907546296875002 0.835271484375 0.6733919750000001 0.835271484375 0.6733919750000001 0.8563131515625001 0.6907546296875002 0.8563131515625001
0 0.668252524877396 0.5263857296710708 0.6458028231474989 0.5258212349325108 0.6450741933874723 0.55479851260537 0.6675238951173693 0.5553630073439301
0 0.7445105073137906 0.54556833889492 0.7325788816365454 0.5202712418755727 0.711207803059918 0.5303511221756836 0.7231394287371634 0.5556482191950309
0 0.7547308508072087 0.5918476739934009 0.7482179683126456 0.5663623982987044 0.727600479439976 0.5716312948948907 0.734113361934539 0.5971165705895872
0 0.7405969154766173 0.640452227210087 0.7397672323023665 0.6121201415967447 0.7177902085805543 0.6127637217076811 0.718619891754805 0.6410958073210236
0 0.6674065373762386 0.6146956315534065 0.6449706026513414 0.6131595789368888 0.6429959035968764 0.6420024835424188 0.6654318383217734 0.6435385361589365
0 0.30986985624999996 0.1289518234375 0.30983914347910024 0.10468669470908547 0.28959670790974357 0.10471231589136121 0.28962742068064334 0.12897744461977573
0 0.7491152265625 0.10408463593750009 0.7359465015625 0.10408463593750009 0.7359465015625 0.12120963593750009 0.7491152265625 0.12120963593750009
0 0.7778157264301442 0.1025366941105377 0.7630443180989971 0.10146839918526548 0.7616488015547463 0.12076432975682386 0.7764202098858933 0.12183262468209603
0 0.8066244094358831 0.11759713692181469 0.8027598853306875 0.10029424551068197 0.78712921315042 0.10378528686242905 0.7909937372556156 0.12108817827356175
0 0.8327776691346556 0.11949071103702462 0.8325124032090828 0.09884591996571428 0.8147141575119271 0.09907461049118968 0.8149794234374997 0.11971940156250002
1 0.11335657159788379 0.1521403373925565 0.10899561839861338 0.1488071783945232 0.0668324624257296 0.2039715285019667 0.071193415625 0.20730468750000003
1 0.31485728795515927 0.13641483420956327 0.31380079282032647 0.1148042194871896 0.12027055169953042 0.12426548474103989 0.12132704683436321 0.14587609946341357
1 0.39715273037859766 0.147585754267994 0.3440752723408537 0.09916866565780684 0.06727264213134262 0.40261483335222736 0.12035010016908654 0.45103192196241454
1 0.7436978563064882 0.19086927754181884 0.7358912861370175 0.11087150566485612 0.3132462070168827 0.1521152602035121 0.32105277718635344 0.2321130320804748
1 0.8274433157470765 0.35894599361273716 0.8271430555432744 0.3492118965981515 0.571379336852396 0.35710124331251747 0.5716795970561982 0.3668353403271032
1 0.9052188877705187 0.5208554456892747 0.8450193615022765 0.3381333733517674 0.5980878169581619 0.41948732152056606 0.6582873432264041 0.6022093938580734
1 0.876250787174231 0.3345995973561229 0.8655143629409991 0.3261958837059471 0.8622428661527701 0.3303754855889013 0.872979290386002 0.33877919923907707
1 0.9470390882830879 0.4168692391531407 0.8569658749155519 0.36208175987659025 0.730479920847366 0.5700306649771827 0.820553134214902 0.6248181442537332
0 0.6528449006322791 0.5973677357377356 0.6523774455695899 0.5683967567463026 0.631340670127095 0.568736191157068 0.6318081251897842 0.5977071701485009
1 0.8895594485278766 0.7980103108415293 0.8432344316351872 0.5153633309358782 0.08156840851822225 0.6401981740297582 0.12789342541091175 0.9228451539354093
1 0.7048738273961226 0.854990970287648 0.6949794958321511 0.807145105565074 0.39443107338841493 0.8692973053409487 0.40432540495238634 0.9171431700635226
0 0.7178395062500001 0.835271484375 0.7005262343750002 0.835271484375 0.7005262343750002 0.8563131515625001 0.7178395062500001 0.8563131515625001
0 0.7447730180301085 0.855282676541211 0.744253436708876 0.8333192499818418 0.7268455100702294 0.8337310633889338 0.7273650913914619 0.855694489948303
0 0.7713315711955302 0.8338726500929031 0.7548905313923014 0.83304736668932 0.7538294763967246 0.8541853749661801 0.7702705161999532 0.8550106583697632
0 0.7981950202751673 0.8535427376616822 0.797185530681119 0.8321193755604097 0.7795702208887239 0.8329494260374217 0.7805797104827722 0.8543727881386941
0 0.8239048359375 0.8320846359375 0.80654218125 0.8320846359375 0.80654218125 0.85409375 0.8239048359375 0.85409375
0 0.8502633749999999 0.8309817703125001 0.8329007203125001 0.8309817703125001 0.8329007203125001 0.8533600265624999 0.8502633749999999 0.8533600265624999
1 0.6255031784371297 0.8400918653555743 0.6093388254251753 0.7432798111792087 0.3199557226731974 0.7915970446928798 0.3361200756851518 0.8884090988692457
1 0.5664966175624999 0.7527312642104926 0.5656560365968196 0.7383120263203681 0.34026959231906073 0.7514511087341491 0.341110173284741 0.7658703466242736
1 0.30731042503468986 0.8181098027283357 0.09920367646142106 0.76811977891785 0.08895528216903328 0.8107834916292314 0.2970620307423021 0.8607735154397169
1 0.30773694663404694 0.8288026522983836 0.07966467032037387 0.7415202381700607 0.05642298459718127 0.8022516492016383 0.2844952609108543 0.8895340633299611
1 0.3081482941863429 0.8416152796240169 0.3025085516507252 0.8112654216725443 0.09677925607545199 0.8494949336832336 0.10241899861106969 0.8798447916347062
2 0.331603317739755 0.19653912056279496 0.3123975489583726 0.12606439364299296 0.2967157018739979 0.13033800976512752 0.3159214706553803 0.2008127366849295
2 0.3390289411421238 0.13221119689295127 0.3016753811313057 0.13044677614633907 0.26665852887402774 0.8717688755909478 0.3040120888848458 0.8735332963375602
2 0.4005854864434892 0.1354765554874599 0.35138966856254494 0.1307569037159427 0.27710896767491155 0.9050300937403384 0.3263047855558558 0.9097497455118555
2 0.7682100999698935 0.10083259129480622 0.6672361991171758 0.04232970223001029 0.215657605993791 0.8217382548358128 0.3166315068465087 0.8802411439006086
1 0.8164984533883832 0.10402152777814917 0.8163597286775983 0.09581813395861488 0.38799682204789004 0.10306202857594363 0.38813554675867484 0.1112654223954779
2 0.7446198101416346 0.12126749916027935 0.6719483342323912 0.104821241293895 0.5705410164740773 0.5529121996970945 0.6432124923833207 0.5693584575634787
2 0.6914329276829713 0.4363515178570337 0.5737991335952914 0.36508699663228517 0.29502531892956796 0.8252489530706653 0.4126591130172478 0.8965134742954138
2 0.6356256119430483 0.5960588149259415 0.6123280929495232 0.5810772968626731 0.4098741983569233 0.8959101085086797 0.43317171735044846 0.9108916265719482
1 0.5964968205706527 0.9117127391097363 0.595154806834684 0.8577964891451375 0.07358731926045131 0.8707786741639201 0.0749293329964201 0.9246949241285188
2 0.6767798541086921 0.8558116217660515 0.33637274137240863 0.8250375990528633 0.3286438487484232 0.9105308102362087 0.6690509614847066 0.9413048329493969
2 0.9079299476379697 0.34903030603080715 0.8376183597225847 0.32854353263910185 0.6951980080727841 0.8173370036509615 0.7655095959881691 0.8378237770426666
2 0.8799444728052812 0.5875105524231719 0.8222765957458236 0.5441119495912304 0.6325445713780423 0.7962270487305586 0.6902124484375001 0.8396256515625
2 0.6742684894034552 0.5653680497585947 0.6563830232961948 0.5543245406947896 0.5455567539205972 0.7338127335562341 0.5634422200278576 0.7448562426200392
0 0.8256214593317799 0.5363576468774724 0.8194530094097416 0.536156633638817 0.8191997552898629 0.5439281882213509 0.8253682052119011 0.5441292014600064
0 0.8831456195935663 0.34004670525431374 0.8823401590731692 0.33280282449213955 0.8764954352364965 0.3334527101622139 0.8773008957568937 0.3406965909243881
1 0.8424794234374999 0.3394166671875 0.842341244114319 0.32340797881358424 0.8281612034893191 0.32353037412608426 0.8282993828125 0.33953906250000004
1 0.8656991812295644 0.33841309793154 0.8650586421875 0.3224973953125 0.8501521562704356 0.3230973176934599 0.8507926953125 0.33901302031249997
1 0.8422556578124999 0.36224348906250003 0.8419393761258315 0.3472429018146184 0.8276460906249998 0.3475442703125 0.8279623723116682 0.36254485756038163
1 0.8667397125 0.362857421875 0.8667058599952522 0.34660742337233386 0.8508839659917842 0.34664038403640934 0.850917818496532 0.36289038253907546
1 0.09925154375000009 0.7376399734375 0.0826003093750001 0.7376399734375 0.0826003093750001 0.7489876296875 0.09925154375000009 0.7489876296875
1 0.09894290156250009 0.7108170578124999 0.08186985625000008 0.7108170578124999 0.08186985625000008 0.7239225265625 0.09894290156250009 0.7239225265625
1 0.09862654375000009 0.6839973953125 0.0811471187500001 0.6839973953125 0.0811471187500001 0.6961458328125001 0.09862654375000009 0.6961458328125001
1 0.09920524687500008 0.7642805984375001 0.08361368281250009 0.7642805984375001 0.08361368281250009 0.7763444015625 0.09920524687500008 0.7763444015625
1 0.09983796250000009 0.7903710937499999 0.08405092656250009 0.7903710937499999 0.08405092656250009 0.8045247390625001 0.09983796250000009 0.8045247390625001
1 0.09992541093750011 0.8173795578125 0.0837577156250001 0.8173795578125 0.0837577156250001 0.8298600265625 0.09992541093750011 0.8298600265625
1 0.10150205781250007 0.8410774734375 0.08346707812500012 0.8410774734375 0.08346707812500012 0.8570996093750001 0.10150205781250007 0.8570996093750001
1 0.1018107000000001 0.8702897140625 0.08448559687500011 0.8702897140625 0.08448559687500011 0.8836555984375 0.1018107000000001 0.8836555984375
1 0.3369161515625001 0.7635091140625 0.33195216093750013 0.7635091140625 0.33195216093750013 0.7874283859375 0.3369161515625001 0.7874283859375
1 0.3451414609375001 0.763671875 0.3399819953125001 0.763671875 0.3399819953125001 0.7872005203125 0.3451414609375001 0.7872005203125
1 0.35360853906250006 0.7638346359375 0.3484079218750001 0.7638346359375 0.3484079218750001 0.7869335937499999 0.35360853906250006 0.7869335937499999
1 0.3614917703125001 0.7633398437500001 0.3570884781250001 0.7633398437500001 0.3570884781250001 0.78712890625 0.3614917703125001 0.78712890625
1 0.3706635796875001 0.7628483078125 0.3657664609375001 0.7628483078125 0.3657664609375001 0.7862923171875 0.3706635796875001 0.7862923171875
1 0.37888117343750005 0.7631803390624999 0.3734130656250001 0.7631803390624999 0.3734130656250001 0.785400390625 0.37888117343750005 0.785400390625
1 0.3879038062500001 0.7621940109375 0.3820961937500001 0.7621940109375 0.3820961937500001 0.78466796875 0.3879038062500001 0.78466796875
1 0.39603652187500005 0.7621940109375 0.3911651234375001 0.7621940109375 0.3911651234375001 0.7847330734375 0.39603652187500005 0.7847330734375
1 0.4186316875000002 0.7914713546875001 0.40258230468750017 0.7914713546875001 0.40258230468750017 0.7976171875 0.4186316875000002 0.7976171875
1 0.4200540125000002 0.8016634109374999 0.4026826125000002 0.8016634109374999 0.4026826125000002 0.8076204421875 0.4200540125000002 0.8076204421875
1 0.4201877578125002 0.8133854171875001 0.40314557656250016 0.8133854171875001 0.40314557656250016 0.820078125 0.4201877578125002 0.820078125
1 0.42005658437500015 0.8226790359375 0.4025051437500002 0.8226790359375 0.4025051437500002 0.830576171875 0.42005658437500015 0.830576171875
1 0.4207047328125002 0.8335872390624999 0.4024331281250002 0.8335872390624999 0.4024331281250002 0.8412304687500001 0.4207047328125002 0.8412304687500001
1 0.42109567968750017 0.84498046875 0.40245370312500023 0.84498046875 0.40245370312500023 0.8513997390625001 0.42109567968750017 0.8513997390625001
1 0.4210905343750002 0.8555436203125 0.4024588484375002 0.8555436203125 0.4024588484375002 0.862060546875 0.4210905343750002 0.862060546875
1 0.4210931062500002 0.8649283859375 0.40285751093750016 0.8649283859375 0.40285751093750016 0.8717382812500001 0.4210931062500002 0.8717382812500001
1 0.3980272640625001 0.8795442703124999 0.3934542187500001 0.8795442703124999 0.3934542187500001 0.9011067703125001 0.3980272640625001 0.9011067703125001
1 0.3899074078125001 0.880234375 0.3853292187500001 0.880234375 0.3853292187500001 0.9015364578125 0.3899074078125001 0.9015364578125
1 0.3814326125000001 0.8805045578125 0.3765509265625001 0.8805045578125 0.3765509265625001 0.9008626296875001 0.3814326125000001 0.9008626296875001
1 0.3724537031250001 0.881875 0.3675051437500001 0.881875 0.3675051437500001 0.9015364578125 0.3724537031250001 0.9015364578125
1 0.3633333328125001 0.8809895828125001 0.3597633750000001 0.8809895828125001 0.3597633750000001 0.9009895828125 0.3633333328125001 0.9009895828125
1 0.35579989687500013 0.88208984375 0.3518955765625001 0.88208984375 0.3518955765625001 0.9019075515624999 0.35579989687500013 0.9019075515624999
1 0.34682098750000007 0.8809537765625001 0.3426440328125001 0.8809537765625001 0.3426440328125001 0.9008040359375 0.34682098750000007 0.9008040359375
1 0.3382793203125001 0.8806412765625 0.33394290156250006 0.8806412765625 0.33394290156250006 0.9013509109375001 0.3382793203125001 0.9013509109375001
1 0.3290560703125001 0.8691569015624999 0.3077854937500001 0.8691569015624999 0.3077854937500001 0.8755436203125001 0.3290560703125001 0.8755436203125001
1 0.3284876546875001 0.7941341140625 0.3075617281250001 0.7941341140625 0.3075617281250001 0.8008007812500001 0.3284876546875001 0.8008007812500001
1 0.3284156375000001 0.8042447921875 0.3076028812500001 0.8042447921875 0.3076028812500001 0.8106640625000001 0.3284156375000001 0.8106640625000001
1 0.3285390953125001 0.81484375 0.3075617281250001 0.81484375 0.3075617281250001 0.821484375 0.3285390953125001 0.821484375
1 0.32824331250000005 0.8258528640625 0.3076414609375001 0.8258528640625 0.3076414609375001 0.83271484375 0.32824331250000005 0.83271484375
1 0.3286805562500001 0.8368001296875001 0.3076877578125001 0.8368001296875001 0.3076877578125001 0.8428873703124999 0.3286805562500001 0.8428873703124999
1 0.3286831281250001 0.8466764328125 0.3078086421875001 0.8466764328125 0.3078086421875001 0.8537011718749999 0.3286831281250001 0.8537011718749999
1 0.3286085390625001 0.8571907546875 0.3078112140625001 0.8571907546875 0.3078112140625001 0.8650748703125 0.3286085390625001 0.8650748703125
0 0.3411209709880091 0.8168195554569543 0.33521268808465027 0.8154112015577333 0.33322268547037853 0.8237595992367857 0.3391309683737374 0.8251679531360064
0 0.3349706796875 0.10611979218750005 0.3184156375 0.10611979218750005 0.3184156375 0.12739648437500004 0.3349706796875 0.12739648437500004
0 0.3897118127334655 0.10648900884148879 0.3726973987805958 0.10480119690299765 0.37062413806441363 0.12570122447886728 0.3876385520172833 0.1273890364173584
0 0.362615740625 0.10411653593750006 0.344205246875 0.10411653593750006 0.344205246875 0.12760416718750006 0.362615740625 0.12760416718750006