0 0.6510635334208544 0.4534918540414701 0.6243876565733074 0.45239947608540554 0.6235548185981618 0.47273738489765 0.6502306954457088 0.47382976285371453
0 0.6181484844911302 0.4558621354966723 0.5924027274413726 0.4513241959725417 0.5888593830813499 0.4714271705828638 0.6146051401311076 0.47596511010699444
0 0.6068828603700018 0.3831822407157038 0.6066315614460807 0.3620124167246365 0.5798607924722001 0.3623302023348767 0.5801120913961213 0.38350002632594393
0 0.612768088763059 0.31808388316654945 0.6127425952440448 0.30087946132783877 0.5900753592362908 0.3009130496470268 0.5901008527553051 0.3181174714857375
0 0.62917661544682 0.27168851907198077 0.6260381350211068 0.25334946847699247 0.6019537385767999 0.25747118712398886 0.6050922190025132 0.27581023771897717
0 0.6260773893841448 0.22952102585019257 0.6038678343321534 0.22901706636032504 0.603453452934281 0.24727890417389692 0.6256630079862724 0.2477828636637644
0 0.627338191375755 0.21906404696935772 0.6241046459022513 0.20078490982262384 0.6012216373579877 0.20483287161121777 0.6044551828314912 0.22311200875795162
0 0.6262526345414993 0.1930998607139749 0.6236017725148675 0.17494401949093175 0.6011995503649363 0.17821487867503005 0.6038504123915682 0.1963707198980732
0 0.5765224434093302 0.3159881121363893 0.5750497241923976 0.3032222425734845 0.5595991857633599 0.305004675391263 0.5610719049802925 0.31777054495416773
0 0.5365897194879847 0.31992287861265334 0.5334089069626308 0.30038933844596405 0.5087345094799363 0.30440728050351074 0.5119153220052902 0.3239408206702
0 0.4974905270376334 0.30806717047102694 0.48340882231481197 0.30621389358065365 0.482064358546079 0.31642949703428364 0.49614606326890043 0.3182827739246569
0 0.5622504869418421 0.38132475518070974 0.5595444194431928 0.3598674560859182 0.5326519277955585 0.36325897788387945 0.5353579952942077 0.384716276978671
0 0.5162235634906316 0.3638326763778731 0.4911616584197585 0.3588801196441752 0.48677211316514263 0.3810929629069203 0.5118340182360157 0.3860455196406183
0 0.454440161832134 0.34008175299905596 0.40504757511406586 0.3398265415750949 0.40484194551781955 0.37962326190509454 0.45423453223588767 0.3798784733290556
0 0.4240967329486705 0.40867623696295385 0.42383142159419973 0.3899679696599838 0.40033857011786267 0.3903011336106922 0.40060388147233333 0.40900940091366234
0 0.42474395336322085 0.41748380844643174 0.40150585547935974 0.41668541651199514 0.4008605565739433 0.4354675690884694 0.4240986544578044 0.436265961022906
0 0.42593622434436684 0.4458488574299115 0.40193345560050614 0.4435544990195511 0.4001179692950333 0.46254747664289625 0.424120738038894 0.4648418350532567
0 0.38034375 0.4456255140625 0.36023307343750005 0.4452674890625 0.35991637095373247 0.46305703229995626 0.3800270475162324 0.46341505729995625
0 0.38105371431971025 0.4877493882185968 0.3795443482797828 0.4720775570224185 0.3600108529503899 0.47395884288634854 0.3615202189903174 0.48963067408252686
0 0.4269501513661244 0.4864526162700805 0.4213217005562774 0.4678547897094427 0.39955775020444023 0.47444143700308583 0.4051862010142873 0.49303926356372363
0 0.4254217668256898 0.4988692579292304 0.4024383224335269 0.4972453855368716 0.4011365738261343 0.515669657586429 0.4241200182182971 0.5172935299787879
0 0.38192075063486997 0.5007473488851302 0.36110773925298967 0.49865911132314283 0.35943354492262297 0.5153454435143139 0.38024655630450327 0.5174336810763013
0 0.38340896585630524 0.541017021264902 0.38011071084798403 0.523693375248765 0.35780417518830926 0.5279403243545875 0.36110243019663046 0.5452639703707245
0 0.3819372414528505 0.568119427407157 0.38181763749601855 0.553143052533576 0.36305853419052125 0.5532928660232153 0.3631781381473532 0.5682692408967963
0 0.4262757803000633 0.5247791675763391 0.40265472855677603 0.5245021935451345 0.40243311942641063 0.543401585348694 0.42605417116969785 0.5436785593798986
0 0.4259251754633805 0.5694093327721099 0.42417516652129394 0.5508424865167634 0.4022624593373534 0.5529078579314793 0.40401246827943993 0.5714747041868259
0 0.4263515217727263 0.578976137536674 0.40239283741718024 0.5788868324602585 0.40232478908915026 0.5971427757686567 0.42628347344469625 0.5972320808450722
0 0.42716658787029643 0.6211069817666728 0.4232232906888972 0.6034008752413536 0.40149026751011974 0.6082410002525531 0.405433564691519 0.6259471067778721
0 0.4269428797068472 0.6488938786818432 0.4241507993030121 0.6308374318424688 0.40310938692314907 0.6340910794563902 0.4059014673269842 0.6521475262957646
0 0.42890922781564705 0.674880178097456 0.42352140483142453 0.6559621544148102 0.4005793177848756 0.6624960242295954 0.4059671407690981 0.6814140479122412
0 0.4273911718438427 0.6868086114697056 0.4038621255257482 0.6865962139234303 0.40369689653440366 0.7049000063099888 0.42722594285249815 0.7051124038562642
0 0.5092604171875 0.4537222218750001 0.480037109375 0.45323765468750005 0.47967065586081387 0.47533775580925103 0.5088939636733139 0.4758223229967511
0 0.503947265625 0.45694958906250005 0.4869850265625 0.45694958906250005 0.4869850265625 0.47050565781250003 0.503947265625 0.47050565781250003
0 0.47053346548719305 0.46599509966920927 0.4647123647419348 0.4544106773720233 0.4521101270863716 0.4607432240564221 0.4579312278316299 0.4723276463536081
0 0.4747734375 0.4747016453125001 0.47473552570898303 0.45340612627287535 0.44699659289648297 0.4534555090853754 0.4470345046875 0.47475102812500014
0 0.5121791466970461 0.257146196163469 0.49008865554434305 0.2554373573488383 0.4887559763904247 0.27266515953063075 0.5108464675431278 0.27437399834526144
0 0.5115505904878351 0.22058567879972343 0.5105300054292943 0.20259319667116976 0.4878925278941627 0.20387725915739813 0.4889131129527035 0.22186974128595177
0 0.5110170812413484 0.19437660569480625 0.5102306516498734 0.17708622463890872 0.4890233411047382 0.17805081046928325 0.48980977069621323 0.1953411915251808
0 0.5101705734374999 0.6704429015625 0.5098342220739919 0.6487221456182886 0.4813606765625 0.649163065625 0.4816970279260081 0.6708838215692114
0 0.4755546875000002 0.6499248968750001 0.4490091140625002 0.6499089500000002 0.4489970496532161 0.6699916723285362 0.4755426230907161 0.6700076192035361
1 0.4840282931774606 0.661297281964666 0.48389919062904524 0.6582273419861795 0.4769918640956822 0.6585178211044826 0.4771209666440976 0.6615877610829691
1 0.45173035114690563 0.660574351070451 0.42630338593749995 0.6427829218750001 0.4229650575622566 0.6475539584523533 0.4483920227716623 0.6653453876478042
1 0.40840171274186765 0.6347505796988332 0.38756661698367495 0.5377684901863915 0.36962437158525235 0.5416231029594558 0.39045946734344505 0.6386051924718975
1 0.698741339752382 0.28623662510914677 0.6091717726439125 0.23568893705299013 0.42519167675103536 0.5616982597225472 0.5147612438595047 0.6122459477787039
1 0.4016888015625 0.5089665640625001 0.4016741571006337 0.5063410933335154 0.38120085085063377 0.5064552902085154 0.3812154953125 0.5090807609375001
1 0.401943359375 0.48258950624999997 0.4019414692068806 0.479328083001292 0.38045703125 0.479340534375 0.38045892141811943 0.482601957623708
1 0.401363032014275 0.4526816360522097 0.3799022933686884 0.45256417584020736 0.37988281250000006 0.4561234562500001 0.4013435511455866 0.4562409164620024
1 0.4057724270712013 0.41986896218280323 0.37026628000802725 0.34568377945342343 0.34911886265829883 0.35580525227050674 0.3846250097214729 0.4299904349998866
0 0.3803190109375 0.3452566875 0.3802650862640904 0.3289986459025079 0.35839724720159044 0.3290711771525079 0.358451171875 0.34532921875
0 0.3839489379838136 0.3105997942903565 0.36969968636802 0.2955164266362043 0.35482102320032827 0.3095722940024498 0.3690702748161219 0.324655661656602
0 0.4239867191511421 0.2888183016161118 0.40725882366646465 0.28528000734336123 0.40455065214274927 0.29808335458108914 0.4212785476274267 0.3016216488538398
0 0.380904666881742 0.2790342235132794 0.36244667785088525 0.2730067335867708 0.3573433142947343 0.2886347694173459 0.3758013033255911 0.2946622593438545
0 0.38135562007449153 0.25400958379889743 0.3690784813086983 0.2429745840926234 0.3565655649902896 0.25689599905365146 0.3688427037560828 0.2679309987599255
0 0.4232342538398865 0.26370185349881475 0.41037204042200737 0.25825857351788156 0.40563659248420414 0.2694482132605791 0.4184988059020833 0.2748914932415123
0 0.3906839122273519 0.21393789908649072 0.3886484541347876 0.20099385135432293 0.3723523860326969 0.20355641635575958 0.37438784412526116 0.2165004640879274
1 0.44742378548356926 0.2591668509631969 0.39617359434942023 0.18397316578343725 0.35893604905452525 0.2093533730331226 0.4101862401886742 0.2845470582128823
0 0.39393486635204605 0.17397213795868569 0.3710188228776309 0.17201552133110287 0.36949846758162874 0.18982203874927717 0.3924145110560439 0.19177865537685998
0 0.3922332610984591 0.163739980218828 0.39162934335750166 0.1469337368669867 0.36978130229010675 0.1477188272247507 0.3703852200310641 0.16452507057659196
0 0.3941236406843941 0.13427837929995792 0.3865649867085447 0.11694606969906784 0.3671881920391552 0.12539632759542327 0.3747468460150046 0.14272863719631335
1 0.583136976858283 0.30178331411279025 0.40124599472973854 0.2808996763611155 0.39455478344040146 0.33917836360512915 0.576445765568946 0.3600620013568039
1 0.5499007860656728 0.3116594782461496 0.5183507073723858 0.24423258419208177 0.4832213584748807 0.26067014575722636 0.5147714371681678 0.3280970398112941
1 0.40498169773384696 0.3931680496726795 0.3872160211566904 0.314168860908757 0.37144628122841594 0.31771522769625415 0.3892119578055725 0.3967144164601767
1 0.5786376513816127 0.3917371416127481 0.5785249738213024 0.35628113488348434 0.5027249241029913 0.35652202395875077 0.5028376016633016 0.3919780306880145
0 0.5830587698373966 0.3571473683183912 0.5830103392127437 0.35220633681180347 0.5764361551663089 0.35227077514609195 0.5764845857909617 0.35721180665267976
1 0.6309510748467398 0.25697884824922335 0.5973311924298811 0.24565163688709335 0.5748610648490925 0.3123444020352379 0.6084809472659514 0.3236716133973679
2 0.6399824820527144 0.28482177064566727 0.5170835980594575 0.22441306400928823 0.37631904661057586 0.5107924162939262 0.49921793060383274 0.5712011229303053
2 0.46264020380550025 0.45287063067052313 0.4624225265625002 0.3252757203125 0.456644713452431 0.32528557727642465 0.45686239069543105 0.45288048763444777
2 0.36419402460168204 0.5290250624312187 0.361461332663794 0.28602134938619417 0.3507257291103448 0.28614207633687017 0.35345842104823283 0.5291457893818947
2 0.7124669978699345 0.2626492869997306 0.5340228285633788 0.039715345134085075 0.389984473336057 0.15500871155341756 0.5684286426426126 0.3779426534190631
2 0.7293179573932687 0.26321370352619194 0.5268229633688113 0.01760983777642333 0.3930957474930133 0.12786499071146035 0.5955907415174707 0.37346885646122896
0 0.6916761295438927 0.3766137661907438 0.6900851810923991 0.3376894339016744 0.640485692360505 0.33971670643667523 0.6420766408119986 0.3786410387257447
0 0.6970660994355058 0.8239216632893228 0.6469547086617418 0.8229506082026777 0.6461788467747318 0.8629890352096938 0.6962902375484958 0.8639600902963389
0 0.46393318460993244 0.8522788254576448 0.4481061945836311 0.8150783188958632 0.40290589083945133 0.8343088300545443 0.4187328808657528 0.8715093366163258
0 0.7000897355871658 0.7949320141564782 0.6780454412759636 0.7911301967289084 0.6750544109766368 0.8084732579011623 0.697098705287839 0.812275075328732
0 0.6972656250000002 0.7664609046875 0.6764322921875002 0.7664609046875 0.6764322921875002 0.7839506171874999 0.6972656250000002 0.7839506171874999
0 0.6985677078125001 0.738168725 0.6764322921875002 0.738168725 0.6764322921875002 0.7561728390625 0.6985677078125001 0.7561728390625
0 0.69859765625 0.71090535 0.6770833328125 0.71090535 0.6770833328125001 0.7283950625 0.6985976562500001 0.7283950625
0 0.69921875 0.68467078125 0.6751302078125 0.68467078125 0.6751302078125 0.7031893 0.69921875 0.7031893
0 0.7007076219245553 0.6735352137876729 0.6973000395006408 0.6554605321120911 0.6742923780754447 0.6597981190248272 0.6776999604993592 0.677872800700409
0 0.6987566143725076 0.6478096546172022 0.6958539434718857 0.6294411872934061 0.6726702289089401 0.6331047860272542 0.675572899809562 0.6514732533510503
0 0.6979166671875 0.60442386875 0.6739160156249999 0.60442386875 0.6739160156249999 0.6219135796875 0.6979166671875 0.6219135796875
0 0.697265625 0.5766460906249999 0.6731770828125 0.5766460906249999 0.6731770828125 0.5956790125 0.697265625 0.5956790125
0 0.6959635421875 0.5514403296875 0.6744791671875 0.5514403296875 0.6744791671875 0.5679012343750001 0.6959635421875 0.5679012343750001
0 0.6959635421875 0.5241769546875 0.6731770828125 0.5241769546875 0.6731770828125 0.5411522640624999 0.6959635421875 0.5411522640624999
0 0.6953125 0.49691357968750005 0.673828125 0.49691357968750005 0.673828125 0.5142592593749999 0.6953125 0.5142592593749999
0 0.6961504301349355 0.4885659913405722 0.6958260404666133 0.4700189857864633 0.6730465494493696 0.4704174022054411 0.6733709391176916 0.48896440775955
0 0.6959635421875 0.442901234375 0.671875 0.442901234375 0.671875 0.46141975312500005 0.6959635421875 0.46141975312500005
0 0.6959635421875 0.4161522640625 0.6731770828125 0.4161522640625 0.6731770828125 0.43467078125 0.6959635421875 0.43467078125
0 0.6959635421875 0.3888888890625001 0.6717565109375 0.3888888890625001 0.6717565109375 0.4068930046875 0.6959635421875 0.4068930046875
0 0.5114851682528838 0.24834890963620398 0.5110178887365444 0.23047142250359257 0.4887171135648091 0.2310543173678956 0.4891843930811485 0.24893180450050703
0 0.6541107807327643 0.6660889323740153 0.651237286552582 0.6464256173925497 0.6250677806589456 0.6502498923408223 0.627941274839128 0.669913207322288
0 0.6193556156168325 0.6681429853522787 0.6168124600760063 0.6464004808695669 0.5904713312447774 0.649481523708584 0.5930144867856036 0.6712240281912958