0 0.5476005239145946 0.37561234342669275 0.5465081459585301 0.3489364665791457 0.5261702371462856 0.34976930455429134 0.5272626151023501 0.3764451814018384
0 0.5517392633897799 0.4026711648062563 0.5411706126460166 0.3806109184847416 0.5215376736557604 0.39001669175841824 0.5321063243995237 0.412076938079933
0 0.6380573704049204 0.39343852750866815 0.6168671404066906 0.3930596754264562 0.6163882852734559 0.41984334875307827 0.6375785152716856 0.4202222008352903
0 0.6991205386721613 0.38725740475595544 0.6819161168334507 0.38723191123694123 0.6818825285142627 0.40989914724469506 0.6990869503529733 0.4099246407637092
0 0.7441367082243726 0.3969724956844828 0.7440654378658804 0.37219357986780877 0.7256294477746779 0.3722466063857033 0.72570071813317 0.39702552220237736
0 0.7709829336396752 0.3961321656678466 0.7704789741498076 0.37392261061585513 0.7522171363362357 0.37433699201372767 0.7527210958261031 0.3965465470657191
0 0.7989646541245632 0.37557603864032985 0.7806124283073327 0.3728147989501861 0.7771386550108317 0.39590278808883755 0.7954908808280622 0.3986640277789812
0 0.8256121871118012 0.37723976191579134 0.8073421006530346 0.3734362445716169 0.8027902627081882 0.3953008675701185 0.8210603491669548 0.39910438491429306
0 0.6967777574265155 0.4249502758076025 0.6840118878636108 0.42347755659066977 0.6822294550458322 0.4389280950197076 0.694995324608737 0.44040081423664024
0 0.6982228575225673 0.48949260572908254 0.6975141653305721 0.4641996947133077 0.6781264053343169 0.46474292811657447 0.6788350975263122 0.4900358391323493
0 0.6937861064193463 0.516591177685188 0.6919328295289731 0.5025094729623667 0.681717226075343 0.5038539367310997 0.6835705029657164 0.517935641453921
0 0.6401325439140819 0.4404555805568074 0.6186752448192903 0.43774951305815807 0.615283723021329 0.4646420047057923 0.6367410221161206 0.4673480722044416
0 0.6411480592168737 0.5087589886098113 0.6360732890409325 0.48372898210598925 0.6139025838952719 0.4882240362017843 0.618977354071213 0.5132540427056063
0 0.6601034668438387 0.5457379938627938 0.6203940785679094 0.5455328155111442 0.6201389481418007 0.5949097262324767 0.65984833641773 0.5951149045841263
0 0.6105798055220764 0.5766908605347423 0.5917310100123427 0.5755747166967856 0.5903507575114888 0.5988836274802044 0.6091995530212223 0.5999997713181611
0 0.5833145834880049 0.5984941445206402 0.5825161915535682 0.5752560466367792 0.5637340389770941 0.5759013455421956 0.5645324309115308 0.5991394434260566
0 0.5564375380838495 0.5980727580551167 0.5541619429133469 0.5740685337138538 0.5351686913209609 0.5758690897735421 0.5374442864914637 0.5998733141148049
0 0.5547325109374999 0.6397669265624999 0.5543744859374999 0.6196562499999999 0.5365849427000439 0.6199729524837674 0.5369429677000438 0.6400836290462675
0 0.5270812968018821 0.6198528993462759 0.5112744193267618 0.6194462834294423 0.5107689361474498 0.6390965488281518 0.5265758136225701 0.6395031647449854
0 0.5292917473716672 0.5752229862273228 0.5107955533504209 0.573868703010717 0.5090646488348448 0.5975086221648398 0.5275608428560912 0.5988629053814456
0 0.5027546144631284 0.5975616775664732 0.5011307420707696 0.5745782331743102 0.48270647002121214 0.5758799817817029 0.4843303424135709 0.5988634261738658
0 0.5013408886768571 0.6388922607470103 0.4992526511148698 0.6180792493651301 0.48256631892369883 0.6197534436954968 0.48465455648568617 0.6405664550773771
0 0.475623978338154 0.6397246593713338 0.4719918910829821 0.6169882812348011 0.4547870541698324 0.6197367167377783 0.4584191414250043 0.642473094874311
0 0.44689599290871895 0.636843485304962 0.44674596959158724 0.6180581081597943 0.4317077993877717 0.6181782056249734 0.4318578227049034 0.6369635827701411
0 0.47636391179535387 0.5745696058359355 0.45817609343668997 0.5727171929542955 0.4557272530272073 0.5967610035963347 0.4739150713858712 0.5986134164779747
0 0.44807697718012784 0.5749454736163122 0.429608468457816 0.5746320490841874 0.42923259091828986 0.5967805949245402 0.44770109964060173 0.5970940194566651
0 0.4210890193344145 0.5737254615174626 0.4028351824086087 0.5736574210408929 0.4027459261033887 0.5976030211046498 0.4209997630291945 0.5976710615812195
0 0.3966689638327622 0.5769447281883385 0.37895331571279206 0.5727929679792314 0.3738790422448875 0.594444999574098 0.3915946903648576 0.5985967597832051
0 0.36916256815753146 0.575849200696988 0.351106121318157 0.5730571202931529 0.3478524737042356 0.5940985326730159 0.36590892054361007 0.596890613076851
0 0.3435864815620741 0.5759030644777344 0.3246347110120902 0.5712532475803601 0.31891541786220057 0.5945640002136543 0.3378671884121845 0.5992138171110286
0 0.3133554250950986 0.5727793713578053 0.29510767097132573 0.5726146482258718 0.29489547980939373 0.5961208316302572 0.3131432339331667 0.5962855547621906
0 0.5467623453125001 0.5199628906250001 0.5462777781250001 0.4907395828125001 0.5241776770032491 0.4911060363266862 0.5246622441907491 0.5203293441391862
0 0.5430504109375 0.49605273437499997 0.5294943421875 0.49605273437499997 0.5294943421875 0.5130149734375 0.5430504109375 0.5130149734375
0 0.5455778560151063 0.5352443539308711 0.5339570354858834 0.5294654568633962 0.5276770039814557 0.5420940117898307 0.5392978245106786 0.5478729088573057
0 0.546544753125 0.5528561203125 0.5464022911992269 0.525118172813382 0.5251065099492269 0.5252275478133821 0.525248971875 0.5529654953125
0 0.7445626426511618 0.509911344455657 0.7428538038365311 0.48782085330295394 0.7256260016547386 0.4891535324568723 0.7273348404693692 0.5112440236095754
0 0.7976360535158169 0.4896586078759434 0.7798667819911553 0.48811643153157175 0.7778911901245424 0.5108796054240231 0.7956604616492041 0.5124217817683947
0 0.823724050276945 0.4906538977228065 0.8062557394577601 0.4881862896007778 0.803301447200124 0.5090998596876968 0.8207697580193087 0.5115674678097255
0 0.35112617133631885 0.49004762179909767 0.3295570984375001 0.4898294265625001 0.3292678614761813 0.5184211282009026 0.3508369343750001 0.5186393234375002
0 0.35009105 0.5509908859375 0.35007510312500006 0.5244453124999999 0.329992380796464 0.5244573769092841 0.33000832767146393 0.5510029503467841
1 0.341774736545298 0.5161279972368435 0.33871777281721976 0.5159670037143844 0.3383549505879813 0.5228563143995645 0.34141191431605955 0.5230173079220236
1 0.3572170781250001 0.5736966140625002 0.3394256489295492 0.5482696488530945 0.33465461235219596 0.5516079772283379 0.35244604154764686 0.5770349424377436
1 0.4622315098136086 0.6124333830163252 0.3652494203011668 0.5915982872581325 0.3613948075281025 0.609540532656555 0.4583768970405443 0.6303756284147477
1 0.7563394694607628 0.37663888293824743 0.705008723183165 0.2943364364502197 0.3871318643302212 0.49259125250448843 0.43846261060781905 0.5748936989925162
1 0.49354566118491555 0.6187698549189112 0.4934314714155552 0.5982978225736123 0.49080504929313973 0.5983124723422011 0.49091923906250007 0.6187845046875
1 0.520659465625 0.61954296875 0.5206470120687514 0.5980547648906113 0.5173858031332932 0.5980566549345248 0.5173982566895419 0.6195448587939136
1 0.5474367722999792 0.6200853306245493 0.5472447601034516 0.5986266252635218 0.5436845315534723 0.5986584821389727 0.5438765437499999 0.6201171875000001
1 0.6543162205465767 0.6297337199919728 0.5801310378171969 0.5942275729287987 0.5700095650001135 0.6153749902785272 0.6441947477294934 0.6508811373417013
0 0.6709290124999999 0.6415455734375 0.6709246348446913 0.6196777497711676 0.6546664035946914 0.6196810044586677 0.65467078125 0.641548828125
0 0.7044835733637956 0.6303003136319801 0.6894002057096437 0.6160510620161865 0.6753443383433981 0.6309297251838781 0.6904277059975501 0.6451789767996717
0 0.7135776510776882 0.5938169203511025 0.7125418271453878 0.5764517629693866 0.699473553930701 0.5772312796677994 0.7005093778630014 0.5945964370495151
0 0.7266232688121894 0.6380666060636043 0.7218303778751733 0.619339451958971 0.7059866221186176 0.6233943869987324 0.7107795130556337 0.6421215411033658
0 0.7549595612310319 0.636442706244724 0.7489100856230271 0.619379017297308 0.732665847416 0.6251379785106107 0.7387153230240048 0.6422016674580268
0 0.7417414264821185 0.5896279595779926 0.7362981465011853 0.5767657461601134 0.7251085067584877 0.5815011940979167 0.7305517867394209 0.5943634075157959
0 0.7985058233787093 0.6108941235700164 0.7856318357840995 0.6095018053811332 0.7838374340131186 0.6260936349814366 0.7967114216077285 0.6274859531703197
1 0.8146444833257297 0.609324240309421 0.7447610367281245 0.5514885727618692 0.7150528883932717 0.5873852414735333 0.784936334990877 0.6452209090210852
0 0.8284456655590914 0.628466575071578 0.8255100218718235 0.6057771719529056 0.8076277694434679 0.6080908476887045 0.8105634131307358 0.6307802508073769
0 0.8533954798136911 0.6086543625600618 0.836498449920174 0.6076513048885832 0.8352081646034695 0.6293868343476101 0.8521051944969866 0.6303898920190886
0 0.8830539303009323 0.6134350132914557 0.8657216207000424 0.6058763593156062 0.8572713628036869 0.6252531539849956 0.8746036724045767 0.6328118079608451
1 0.7191003236388845 0.5987540052702615 0.6982166858872098 0.416863023141717 0.6399379986431961 0.42355423443105417 0.660821636394871 0.6054452165595986
1 0.7560012222289372 0.48464876625457337 0.6904537825408028 0.4486695089105138 0.6717670060728232 0.48271330091509707 0.7373144457609576 0.5186925582591566
1 0.685831139091243 0.6127839788433096 0.6068319503273207 0.5950183022661532 0.6032855835398234 0.6107880421944275 0.6822847723037458 0.6285537187715841
1 0.6446007726236183 0.42234841669481227 0.6147180264670113 0.41065093242746037 0.585423324155893 0.4854880626076482 0.6153060703125 0.4971855468750001
0 0.6478383632885291 0.42343644481259474 0.6476580368699576 0.41690366546699015 0.6427359185313672 0.41703953228949053 0.6429162449499387 0.4235723116350951
1 0.7542211025101911 0.40299560988971284 0.7431927254197774 0.3690782965309135 0.6762120979519637 0.3908573687602867 0.6872404750423774 0.42477468211908603
2 0.7713973597035274 0.48659168438554995 0.7360857566548742 0.36133441636411245 0.42894039546817153 0.44792256604819974 0.46425199851682486 0.5731798340696372
2 0.6747242796875 0.5375774734375002 0.5471293693294771 0.5373597961945 0.5471195123655523 0.5431376093045691 0.6747144227235753 0.5433552865475693
2 0.713978650613806 0.638538667336206 0.47097493756878145 0.6358059753983178 0.47085421061810545 0.6465415789517671 0.7138579236631301 0.6492742708896552
2 0.8481205682449712 0.3570085659660783 0.6319519237944357 0.3557603929695428 0.6305026795883532 0.6067521676484053 0.8466713240388886 0.6080003406449408
2 0.9767943966141994 0.5137260055612453 0.7607522207772728 0.269863566386377 0.6274309432876459 0.3879753140244119 0.8434731191245725 0.63183775319928
0 0.6612406512140137 0.35859671560084416 0.660928591044651 0.30882552964838533 0.6220536758897982 0.3090692713309479 0.6223657360591609 0.3588404572834068
0 0.1770493917973226 0.353045291338258 0.17607833671067702 0.30293390056449393 0.1360399097036611 0.3037097624515044 0.13701096479030667 0.35382115322526847
0 0.18500550054723064 0.5521526869260034 0.1479050703343942 0.5359895162284427 0.1282987181753448 0.5809933161397366 0.1653991483881812 0.5971564868372973
0 0.20886980327109148 0.3219545587240367 0.20506798584352204 0.29991026441283425 0.18772492467126822 0.30290129471216076 0.19152674209883766 0.3249455890233632
0 0.2335390953125 0.302734375 0.2160493828125 0.302734375 0.2160493828125 0.3235677078125 0.2335390953125 0.3235677078125
0 0.261831275 0.3014322921875 0.2438271609375 0.3014322921875 0.2438271609375 0.3235677078125 0.261831275 0.3235677078125
0 0.28909465 0.30140234375 0.2716049375 0.30140234375 0.2716049375 0.3229166671875 0.28909465 0.3229166671875
0 0.31581901126820744 0.3011861975121364 0.29768404118969893 0.30008397398307324 0.29620263559256077 0.3244576563350273 0.3143376056710693 0.3255598798640905
0 0.34442147541897905 0.30256884725868105 0.3262876528707785 0.29934637060983016 0.3221871958528201 0.32242084655884823 0.34032101840102064 0.3256433232076991
0 0.3703768181152311 0.3039915766118541 0.3520494802484731 0.3013586937216874 0.34870895429772847 0.32461189194809714 0.36703629216448647 0.32724477483826386
0 0.39557613125 0.3020833328125001 0.3780864203125 0.3020833328125001 0.3780864203125 0.3260839843750001 0.39557613125 0.3260839843750001
0 0.4239227345889395 0.30341655600420625 0.40531897782803983 0.301783304912657 0.40318890909001553 0.3260461270171325 0.4217926658509151 0.32767937810868175
0 0.4485596703125 0.3040364578125001 0.432098765625 0.3040364578125001 0.432098765625 0.3255208328125001 0.4485596703125 0.3255208328125001
0 0.47582304531249997 0.3040364578125001 0.4588477359375 0.3040364578125001 0.4588477359375 0.32682291718750006 0.47582304531249997 0.32682291718750006
0 0.5030864203125 0.3046875000000001 0.485740740625 0.3046875000000001 0.485740740625 0.3261718750000001 0.5030864203125 0.3261718750000001
0 0.53051371907647 0.3047734124713356 0.5119666809768002 0.3031451407942429 0.5099815245667487 0.32575732037644173 0.5285285626664186 0.3273855920535344
0 0.5570987656249999 0.3040364578125001 0.538580246875 0.3040364578125001 0.538580246875 0.3281250000000001 0.5570987656249999 0.3281250000000001
0 0.5838477359375001 0.3040364578125001 0.56532921875 0.3040364578125001 0.56532921875 0.32682291718750006 0.5838477359375001 0.32682291718750006
0 0.6111111109375 0.3040364578125001 0.5931069953125 0.3040364578125001 0.5931069953125 0.32824348906250006 0.6111111109375 0.32824348906250006
0 0.7703619553958996 0.5098511588711838 0.7683796134060197 0.4878451255280335 0.7504514559669194 0.4894601253209775 0.7524337979567993 0.5114661586641278
0 0.35357438260745044 0.3487627134474182 0.33391106762598494 0.3458892192672357 0.33008679267771207 0.3720587251608721 0.3497501076591776 0.3749322193410546
0 0.353599519130433 0.3831875399239937 0.3318570146477214 0.3806443843831676 0.32877597180870444 0.4069855132143966 0.35051847629141614 0.40952866875522265