0 0.473905616579145 0.349822812036798 0.45356306033541605 0.34886039541459846 0.45230133205520084 0.3755294885209911 0.4726438882989298 0.37649190514319064
0 0.4783364881703144 0.3897605681276918 0.45869069943285934 0.3806298136425343 0.4483406487693272 0.4028990477007099 0.46798643750678226 0.4120298021858674
0 0.3835000263259439 0.41988790860387865 0.3831822407157037 0.39311713962999817 0.36201241672463647 0.39336843855391934 0.3623302023348766 0.4201392075277998
0 0.31810436206605497 0.3872498909837003 0.3009168844201736 0.3872244225725976 0.3008832940769365 0.40989302451947546 0.3180707717228178 0.4099184929305782
0 0.27581023771897717 0.3949077809974868 0.27168851907198077 0.37082338455318 0.25334946847699247 0.37396186497889317 0.25747118712398886 0.3980462614232
0 0.24836616388582478 0.37502447322585414 0.23017816735059196 0.3732716972028083 0.2280395946004254 0.3954629830596178 0.24622759113565823 0.39721575908266366
0 0.22311200875795162 0.39554481716850887 0.21906404696935766 0.37266180862424514 0.2007849098226238 0.37589535409774866 0.20483287161121772 0.3987783626420124
0 0.19637071989807317 0.3961495876084318 0.1930998607139749 0.37374736545850074 0.1749440194909317 0.3763982274851325 0.17821487867503003 0.39880044963506356
0 0.31704915766295005 0.439504538799257 0.31666114382083077 0.42383337077397637 0.3038694186615506 0.4241500903968136 0.3042574325036699 0.4398212584220943
0 0.32181067696256227 0.4647056600336047 0.3024309301227708 0.46424281135194445 0.3018267188350409 0.48954149374626066 0.32120646567483246 0.4900043424279209
0 0.3180944142558281 0.5037289029768848 0.30782574795202144 0.5026450701760162 0.3063315459347009 0.5168017388928569 0.31660021223850754 0.5178855716937253
0 0.382599442954939 0.4387053813030911 0.36126433337091746 0.4386436542938739 0.3611844543228911 0.46625277167574375 0.38251956390691255 0.4663144986849609
0 0.38604551964061823 0.48816598176398446 0.36383267637787314 0.4837764365093685 0.3588801196441752 0.5088383415802415 0.3810929629069203 0.5132278868348574
0 0.37987847332905567 0.5457654677641125 0.340081752999056 0.5455598381678661 0.33982654157509495 0.5949524248859343 0.3796232619050946 0.5951580544821806
0 0.4090094009136623 0.5993961185276666 0.40867623696295385 0.5759032670513295 0.38996796965998376 0.5761685784058003 0.3903011336106922 0.5996614298821373
0 0.4364850412368558 0.5760815403415428 0.41763650234170974 0.5750897922514278 0.4164174540074197 0.5982582562726342 0.43526599290256573 0.5992500043627492
0 0.4648418350532566 0.5758792619611062 0.4458488574299115 0.5740637756556334 0.4435544990195511 0.598066544399494 0.4625474766428962 0.5998820307049668
0 0.46341497146100147 0.6199826918329375 0.4456255140625001 0.61965625 0.44525648087451597 0.6397667245589773 0.4630459382730173 0.6400931663919148
0 0.4896306740825268 0.6384797810096827 0.4877493882185967 0.6189462856802896 0.4720775570224185 0.6204556517202171 0.47395884288634854 0.6399891470496102
0 0.49308439198971354 0.5947307250158704 0.48635901985057683 0.5730152632995016 0.4677866718248124 0.5787671995743208 0.4745120439639492 0.6004826612906896
0 0.5172043043336422 0.575804940088297 0.49877612504306923 0.5746165290009126 0.497292318535784 0.597625277942286 0.515720497826357 0.5988136890296702
0 0.5169269355722974 0.6193795691827424 0.5000602354171699 0.6185318560900047 0.4990158533193506 0.6393116220771192 0.5158825534744782 0.6401593351698569
0 0.5452639703707243 0.6388975698033696 0.5410170212649018 0.6165910341436949 0.5236933752487649 0.619889289152016 0.5279403243545874 0.6421958248116908
0 0.5682692408967963 0.6368218618526469 0.5681194274071569 0.6180627585471496 0.5531430525335759 0.6181823625039816 0.5532928660232153 0.6369414658094789
0 0.5435955370360012 0.5973214702016524 0.543318058085873 0.5736573576848669 0.5245271601541506 0.573877694645586 0.5248046391042789 0.5975418071623715
0 0.5714747041868258 0.5959875317205598 0.5694093327721097 0.5740748245366195 0.5508424865167633 0.5758248334787059 0.5529078579314792 0.5977375406626464
0 0.5972320808450722 0.5737165265553039 0.5789761375366741 0.5736484782272739 0.5788868324602585 0.59760716258282 0.5971427757686567 0.5976752109108501
0 0.625947106777872 0.594566435308481 0.6211069817666726 0.5728334121297035 0.6034008752413536 0.5767767093111027 0.6082410002525529 0.5985097324898803
0 0.6520691465824223 0.5941435377809301 0.6489596376660207 0.5730898496575454 0.6309023118236945 0.5757568130600628 0.634011820740096 0.5968105011834475
0 0.6781770598643583 0.597238503789328 0.6780430129281103 0.5730659364637801 0.6585804953409521 0.5731738642158923 0.6587145422772 0.5973464315414402
0 0.7051124038562642 0.572774057147502 0.6868086114697057 0.5726088281561574 0.6865962139234304 0.5961378744742518 0.7049000063099888 0.5963031034655965
0 0.4754300529976942 0.49080167824098553 0.45332125147947255 0.49073843583340393 0.45323765468750016 0.519962890625 0.4753464562057218 0.5200261330325816
0 0.47050565781250003 0.49605273437499997 0.45694958906250005 0.49605273437499997 0.45694958906250005 0.5130149734375 0.47050565781250003 0.5130149734375
0 0.4723276463536079 0.54206877216837 0.46599509966920916 0.5294665345128069 0.4544106773720233 0.5352876352580652 0.46074322405642204 0.5478898729136283
0 0.47475102812500014 0.5529654953125 0.4747016453125001 0.5252265625 0.45340612627287535 0.5252644742910171 0.4534555090853754 0.5530034071035173
0 0.27355862688104393 0.4886427502021622 0.2561486828432038 0.4885211336859534 0.25599441049860483 0.510605904486689 0.27340435453644496 0.5107275210028978
0 0.22186974128595177 0.5110868870472964 0.22058567879972343 0.48844940951216487 0.20259319667116973 0.48946999457070567 0.20387725915739807 0.5121074721058372
0 0.1953411915251808 0.5101902293037867 0.19437660569480625 0.4889829187586516 0.17708622463890872 0.4897693483501267 0.17805081046928325 0.5109766588952618
0 0.6704429015625001 0.4898294265625001 0.6488768332612915 0.4897367600722881 0.6487526504176444 0.5186375599386432 0.670318718718853 0.5187302264288552
0 0.6699918538013545 0.5509788214191987 0.6699759069378645 0.5244332671414076 0.64989300313651 0.524445331659709 0.6499089500000002 0.5509908859375001
1 0.6616229082905039 0.5228576259745391 0.6612879765955221 0.5159687585660435 0.6582259877315205 0.5161176302251163 0.6585609194265023 0.523006497633612
1 0.6650417991266858 0.5513820219188618 0.6602270153011194 0.5481006617334672 0.6427829218749999 0.5736966140624999 0.6475977057005663 0.5769779742478945
1 0.6370320026066383 0.6118671485130516 0.6350876286059035 0.591714265694055 0.5374601432503556 0.6011334810979928 0.5394045172510904 0.6212863639169892
1 0.6122459477787038 0.4852387561404953 0.2862366251091466 0.3012586602476181 0.23568893705298993 0.3908282273560875 0.561698259722547 0.5748083232489647
1 0.5090807609375 0.6187845046875 0.5089665640625001 0.5983111984375 0.5063410933335154 0.5983258428993663 0.5064552902085154 0.6187991491493663
1 0.48260195762370806 0.6195410785818807 0.48258950624999997 0.5980566406250001 0.479328083001292 0.5980585307931194 0.47934053437500007 0.61954296875
1 0.4562409164620023 0.5986564488544135 0.4526816360522098 0.5986369679857251 0.45256417584020747 0.6200977066313117 0.45612345625 0.6201171875
1 0.42366765313138605 0.6303912627955554 0.42097831681178566 0.5945934383927663 0.3444142836929718 0.6003453643401284 0.3471036200125722 0.6361431887429175
0 0.34532921875 0.641548828125 0.34525668749999994 0.6196809890624999 0.3289986459025078 0.6197349137359096 0.32907117715250783 0.6416027527984096
0 0.3246573163967496 0.6309210692736558 0.310594061075113 0.6160484208018028 0.29551650019925335 0.6303054368689833 0.30957975552088995 0.6451780853408363
0 0.3016036198001212 0.5787008797852147 0.28880201335172967 0.5760159881743616 0.2852912411263192 0.5927554066961274 0.2980928475747107 0.5954402983069805
0 0.29248683452546503 0.6221063960177371 0.27661863302109047 0.6201200795098571 0.27416037486609374 0.639758508530867 0.2900285763704683 0.641744825038747
0 0.2678920533591434 0.6307059827198016 0.2538099509040229 0.61863852288084 0.2429710144270245 0.631287002014852 0.25705311688214494 0.6433544618538136
0 0.2754299940761116 0.5846070844453972 0.26540975573289016 0.5763419849775028 0.25709190482682537 0.5864261768140206 0.26711214317004683 0.5946912762819151
0 0.21650046408792742 0.6256121558747388 0.21393789908649072 0.6093160877726482 0.20099385135432293 0.6113515458652125 0.20355641635575958 0.6276476139673031
1 0.28422427494626273 0.5919433633343961 0.2636244119822874 0.5541849611792851 0.1836459175518137 0.5978188527450541 0.20424578051578898 0.6355772549001653
0 0.1915268511070662 0.6073963465875394 0.1737704288580777 0.606194013585918 0.17221417075285053 0.6291773102329864 0.18997059300183902 0.6303796432346077
0 0.164525070576592 0.6296147799689359 0.163739980218828 0.6077667389015409 0.1469337368669867 0.6083706566424982 0.14771882722475072 0.6302186977098934
0 0.1430190396182167 0.6245059553590895 0.13385957895273826 0.6055474308992779 0.116725618005359 0.6138253874287557 0.12588507867083742 0.6327839118885674
1 0.3615778374154615 0.4243682408562721 0.30205103937422834 0.4163261977172243 0.27749381414473473 0.5980975413191221 0.3370206121859679 0.6061395844581698
1 0.3277971987233927 0.4833800593648843 0.3107916151063541 0.44946372277285385 0.24408700788330737 0.4829092799808155 0.26109259150034597 0.516825616572846
1 0.3959668253459519 0.6118563784355766 0.3933233691521002 0.5951562198824851 0.31393597007730023 0.6077223946963887 0.31657942627115193 0.6244225532494803
1 0.39177348495391934 0.42157917312908105 0.3563011955158476 0.4214664438230703 0.3560608528620338 0.49709455227243504 0.3915331423001055 0.49720728157844574
0 0.3571854739728337 0.4169914339634855 0.35227662679453525 0.4169433188007197 0.35221237881036 0.4234980827815725 0.3571212259886584 0.42354619794433834
1 0.3236716133973679 0.3915190527340487 0.2569788482492233 0.3690489251532601 0.2456516368870933 0.4026688075701189 0.3123444020352379 0.42513893515090756
2 0.5712011229303052 0.5007820693961672 0.28482177064566716 0.36001751794728554 0.22441306400928812 0.48291640194054253 0.5107924162939262 0.6236809533894241
2 0.4528780859375 0.5417298171874999 0.45280431310546837 0.5359497777244393 0.32527572031249996 0.5375774734375 0.3253494931445316 0.5433575129005607
2 0.5291249429696194 0.6465576855965678 0.5290299796132504 0.6358101200219058 0.2860219991316372 0.6379572903081144 0.2861169624880062 0.6487048558827764
2 0.3779010268569105 0.4316362913766457 0.2630317422667081 0.28752037715824175 0.03978401917044812 0.4654626008018826 0.1546533037606505 0.6095785150202866
2 0.36804843419525585 0.3942681226082403 0.2578139242705707 0.26983845341359614 0.0177618822028911 0.4825049290622315 0.12799639212757624 0.6069345982568757
0 0.3786410387257447 0.35792335918800156 0.37661376619074377 0.30832387045610743 0.3376894339016744 0.309914818907601 0.33971670643667523 0.3595143076394951
0 0.8638372833846315 0.35319365947989123 0.8628662282979864 0.30308226870612714 0.8226775777862171 0.3038610416138886 0.8236486328728623 0.3539724323876527
0 0.8715093366163256 0.5812671191342472 0.8522788254576448 0.5360668153900676 0.815078318895863 0.5518938054163691 0.834308830054544 0.5970941091605487
0 0.8112457574091652 0.3019763682990423 0.7940594680643769 0.30043330082098957 0.7920318212277506 0.3230167106322588 0.8092181105725388 0.32455977811031145
0 0.7839506171874999 0.3027343750000001 0.7664609046875 0.3027343750000001 0.7664609046875 0.3235677078125001 0.7839506171874999 0.3235677078125001
0 0.7561728390625 0.30143229218750006 0.738168725 0.30143229218750006 0.738168725 0.3235677078125001 0.7561728390625 0.3235677078125001
0 0.7283950625 0.3014023437500001 0.71090535 0.3014023437500001 0.71090535 0.32291666718750006 0.7283950625 0.32291666718750006
0 0.7031893 0.3007812500000001 0.68467078125 0.3007812500000001 0.68467078125 0.32486979218750006 0.7031893 0.32486979218750006
0 0.677872800700409 0.3223000395006408 0.6735352137876729 0.29929237807544473 0.655460532112091 0.3026999604993592 0.6597981190248271 0.32570762192455527
0 0.6506844565274017 0.3251592969548233 0.6483721275849594 0.30174695412111624 0.6299051460012974 0.30357085257923944 0.6322174749437396 0.32698319541294646
0 0.6219135796875 0.3020833328125001 0.60442386875 0.3020833328125001 0.60442386875 0.3260839843750001 0.6219135796875 0.3260839843750001
0 0.5956790125 0.3027343750000001 0.5766460906249999 0.3027343750000001 0.5766460906249999 0.32682291718750006 0.5956790125 0.32682291718750006
0 0.5679012343750001 0.3040364578125001 0.5514403296875 0.3040364578125001 0.5514403296875 0.3255208328125001 0.5679012343750001 0.3255208328125001
0 0.5411522640624999 0.3040364578125001 0.5241769546875 0.3040364578125001 0.5241769546875 0.32682291718750006 0.5411522640624999 0.32682291718750006
0 0.5142592593749999 0.3046875000000001 0.49691357968750005 0.3046875000000001 0.49691357968750005 0.3261718750000001 0.5142592593749999 0.3261718750000001
0 0.48896440775955 0.3266290608823083 0.4885659913405722 0.3038495698650645 0.4700189857864632 0.3041739595333866 0.470417402205441 0.3269534505506304
0 0.46141975312500005 0.3040364578125001 0.442901234375 0.3040364578125001 0.442901234375 0.3281250000000001 0.46141975312500005 0.3281250000000001
0 0.43467078125 0.3040364578125001 0.4161522640625 0.3040364578125001 0.4161522640625 0.32682291718750006 0.43467078125 0.32682291718750006
0 0.4068930046875 0.3040364578125001 0.3888888890625 0.3040364578125001 0.3888888890625 0.32824348906250006 0.4068930046875 0.32824348906250006
0 0.25001703079481685 0.48997893753176536 0.2322262670783392 0.4874205786034066 0.22906193786570944 0.5094252444534638 0.24685270158218708 0.5119836033818226
0 0.6700505314249203 0.371939632282683 0.6658727011816428 0.3457777047004402 0.6462734416048252 0.34890753445585365 0.6504512718481028 0.37506946203809644
0 0.6712461625636335 0.40696149658990216 0.6681224684533102 0.380627356586654 0.6463816104869512 0.3832062063221879 0.6495053045972743 0.409540346325436