2 0.5350347782257072 0.15605156734066414 0.28867897938336495 0.15514120678267412 0.2876502213855269 0.43353694366785805 0.5340060202278692 0.4344473042258481
2 0.41514532155718326 0.3511732101513149 0.414565647082939 0.2983764522217326 0.34823351099244665 0.2991047364501892 0.34881318546669093 0.3519014943797715
0 0.5787526765038169 0.21072804116938076 0.5693493511375851 0.18792238399623445 0.5495505924483741 0.19608589221652734 0.5589539178146059 0.21889154938967365
1 0.572428803878282 0.22268075560217432 0.5493493438979851 0.20355348577608973 0.5033090317356781 0.25910692082939024 0.5263884917159751 0.27823419065547483
0 0.5748349990435365 0.2567851063613804 0.5744175244258662 0.23108375527373357 0.5545259824064355 0.23140685945106315 0.5549434570241056 0.25710821053871
1 0.5626360394026548 0.26067820142577974 0.5453863267998349 0.24085404201164762 0.504397703418718 0.27651971431276196 0.5216474160215379 0.2963438737268941
0 0.5751601926852652 0.27165123243951067 0.5557227073197664 0.2714190555533909 0.5554148450365534 0.29719280385602453 0.5748523304020523 0.2974249807421443
0 0.5769483656720749 0.31330045437946163 0.5562894654970381 0.3105609596499648 0.5529055347862919 0.33607963869680746 0.5735644349613287 0.3388191334263043
0 0.5778589140814441 0.35406346214958156 0.5571098297657361 0.35104807120645465 0.5532723773486528 0.3774538093881227 0.5740214616643607 0.38046920033124954
0 0.5763367136354499 0.39508867174238876 0.5554852359584136 0.39498903499274374 0.555365051634392 0.42014060565712674 0.5762165293114283 0.4202402424067718
0 0.5803659943818138 0.4564639404101163 0.5728479562102846 0.43247376835132123 0.5524895085829722 0.4388536970154468 0.5600075467545014 0.4628438690742419
0 0.5767697909351162 0.5006099684946423 0.5760966296001839 0.4755556937825677 0.5561823023790256 0.4760907543760404 0.5568554637139578 0.5011450290881151
0 0.5780679181740994 0.5164593023331042 0.5579778730177811 0.515192289404768 0.5563627406969165 0.5408021948239754 0.5764527858532347 0.5420692077523116
0 0.5780773197773439 0.582262107238338 0.5759067967782394 0.5551385992831754 0.5557756707485711 0.5567495661285221 0.5579461937476755 0.5838730740836847
0 0.5774312363340611 0.5977297471188873 0.5583069304826916 0.5974787894145319 0.5579785182588589 0.6225055397589292 0.5771028241102283 0.6227564974632845
0 0.2537469140625 0.17895052031250003 0.2535615300220023 0.15342472685240396 0.2326895941642714 0.1535763117113962 0.23287497820476905 0.17910210517149228
0 0.25298576783812987 0.2183545381665491 0.2529727204041588 0.19406465772178458 0.2336079409031803 0.1940750596125011 0.23362098833715134 0.2183649400572656
0 0.25388320548165155 0.23546666922213041 0.2338409852110815 0.234094572404243 0.23214177626940077 0.25891491995619015 0.25218399653997087 0.26028701677407756
0 0.259357930920923 0.2831320194380688 0.24074360549330676 0.2715235933327271 0.22773832251111797 0.2923778045334431 0.24635264793873426 0.3039862306387848
0 0.25610783554285355 0.31854933576555255 0.23561695565597982 0.3152991094506167 0.23161861168961034 0.34050645750043984 0.25210949157648405 0.3437566838153757
0 0.25532978979754295 0.38296310749039747 0.25395638366550477 0.3565110210196598 0.23355508679082232 0.3575702669986194 0.2349284929228605 0.38402235346935704
0 0.25575692508000325 0.3998092148212451 0.2361801413560792 0.3973713425994729 0.23302397485276907 0.42271622674893006 0.25260075857669306 0.4251540989707022
0 0.25672032796086 0.44093928821612594 0.23624991368488185 0.4381989336410303 0.23281295145710307 0.4638729983379554 0.2532833657330812 0.46661335291305106
0 0.25536171675516156 0.47988997828959745 0.23572084593274495 0.4787565127860961 0.23422645605479034 0.5046515386696065 0.253867326877207 0.5057850041731079
0 0.2565819903955856 0.5211740394299578 0.23646335111583533 0.5197004482077865 0.23464400145546332 0.5445396566599296 0.2547626407352136 0.5460132478821009
0 0.25669118143401254 0.5853920337139029 0.25481289217369596 0.559974767997237 0.23508035659512397 0.5614329661397596 0.23695864585544052 0.5868502318564255
0 0.2571974790193404 0.6259230978154522 0.2535217330364469 0.5999076028480167 0.23393674601319936 0.6026747782358323 0.23761249199609297 0.6286902732032676
1 0.5812971545680505 0.18420552487058922 0.5590732393888416 0.16722479599084644 0.504284304955678 0.23893106020512517 0.5265082201348871 0.25591178908486795
0 0.5742956781878545 0.1495470565813393 0.5547870374999999 0.1495000000000001 0.5547248983746454 0.1752615371686609 0.5742335390625001 0.1753085937500001
0 0.33714763437500006 0.56001953125 0.31594907343750006 0.56001953125 0.31594907343750006 0.5849544265625 0.33714763437500006 0.5849544265625
0 0.3691895529582697 0.5838596683592783 0.3680393900225418 0.5583995604477667 0.3467984440099821 0.5593591223203382 0.34794860694570995 0.5848192302318498
0 0.4058996896933607 0.5650302143752783 0.38577559934479677 0.5564833187857742 0.37560075069884596 0.5804405054964124 0.3957248410474099 0.5889874010859164
0 0.4331453474767061 0.5579089597667302 0.4127288621165458 0.5579008002554952 0.41271813184265527 0.5847497711665943 0.4331346172028156 0.5847579306778293
0 0.46572619084250133 0.5834882853272061 0.46398076633275886 0.5555403549980402 0.44382085356974066 0.5567993965598449 0.4455662780794832 0.5847473268890109
0 0.4997014895439113 0.5814805383244239 0.49411848015395493 0.555185517149339 0.4745900621038398 0.5593318283699624 0.4801730714937961 0.5856268495450474
0 0.38669680316935445 0.7630256986578081 0.3852791433756503 0.7403620018985959 0.3683765600159399 0.7414192924674461 0.3697942198096441 0.7640829892266583
0 0.4460205297658028 0.7420887997941387 0.43105434134763954 0.7420389853081031 0.43098277295133647 0.7635408854399122 0.44594896136949985 0.7635906999259479
1 0.5615382540315881 0.29084457098618677 0.5104427848254401 0.29084309611780806 0.5104423875000001 0.30460807343750007 0.5615378567061481 0.3046095483058788
1 0.5597896723573708 0.3248943339821201 0.5597419771939636 0.310474990168868 0.51045421875 0.31063802031250004 0.510501913913407 0.3250573641257522
1 0.5603929545168608 0.3314866889692917 0.5107106353190487 0.33089592135521073 0.510374276189964 0.35918301973024164 0.5600565953877761 0.3597737873443226
1 0.5707701037242179 0.3944807098373478 0.5275171183056389 0.3393661277005785 0.5042931970095904 0.35759186561305123 0.5475461824281693 0.4127064477498205
1 0.5844268235307328 0.4213357799449243 0.5247563156452839 0.35893016326879257 0.504316498341013 0.378474145759364 0.5639870062264618 0.4408797624354957
1 0.5752488063509688 0.47190890115309314 0.5317335409560074 0.38239299510053587 0.5054590380674252 0.39516549572903925 0.5489743034623866 0.48468140178159647
1 0.6509054643101901 0.765544416775094 0.5098793526521702 0.2477451086711822 0.4328146058529967 0.2687342089208416 0.5738407175110166 0.7865335170247534
1 0.5630386189841314 0.4839481627989032 0.47373571783392404 0.48334852739746914 0.4734759315829897 0.5220381475097885 0.5627788327331971 0.5226377829112225
1 0.5711560933697302 0.5827932579782017 0.5652583634266621 0.5827455075907101 0.565139307556932 0.5974502964875084 0.5710370375 0.597498046875
1 0.6181209829058953 0.6509260311888834 0.4946016453333669 0.5776155204580855 0.37868241229390776 0.7729253980488634 0.5022017498664362 0.8462359087796614
1 0.37258385539962585 0.7805107527365326 0.3532831646660696 0.7798787427857808 0.35205754026867925 0.8173075798181666 0.3713582310022355 0.8179395897689183
1 0.30063212247514215 0.37518633917261823 0.2318827059959804 0.3751776764518372 0.23183083039583835 0.786874801341719 0.3005802468750001 0.7868834640625001
1 0.24563402652843105 0.787764971109569 0.24367289980490323 0.5806078604527063 0.22645045934377594 0.580770902832114 0.22841158606730377 0.7879280134889766
1 0.3013902423106058 0.7051527921186794 0.30097943790670195 0.3954110734304555 0.2692050980671706 0.3954532151180283 0.2696159024710744 0.7051949338062522
1 0.3852145779840149 0.7396120734128387 0.3496184341062071 0.652178915533023 0.32601015155254887 0.6617904158249729 0.36160629543035666 0.7492235737047886
1 0.35247239670618036 0.6136253527296625 0.33506659740189304 0.6136154695207361 0.33504783906250013 0.6466516921875001 0.3524536383667874 0.6466615753964265
1 0.4128671868414152 0.7498301558202929 0.2472861159010406 0.6262541141021833 0.20601756273059438 0.6815503603252966 0.371598633670969 0.8051264020434061
1 0.4069810582410639 0.5492789301014567 0.3965976758456744 0.5492571488479167 0.39613786491228503 0.7684544848602849 0.4065212473076746 0.7684762661138249
1 0.41218664876756356 0.6054385297009145 0.4038142893104003 0.6054319373030268 0.4036862334918549 0.7680631015173353 0.4120585929490182 0.768069693915223
1 0.41974639843749995 0.76842578125 0.41956944374999994 0.7343619796874999 0.4140727386153329 0.7343905339795862 0.4142496933028329 0.7684543355420863
1 0.34628806562500003 0.6583255203125 0.3047046020926986 0.4109723227331704 0.2688068998451806 0.41700721861044865 0.310390363377482 0.6643604161897783
1 0.26301592032447385 0.5675234832200157 0.26230986257036476 0.4962312197413509 0.2469245048587744 0.49638359183029807 0.24763056261288346 0.5676758553089628
1 0.3014953513474018 0.4496264215212495 0.30128102207989993 0.43577503933518463 0.2746555269824982 0.4361870287514352 0.27486985625000004 0.4500384109375001
1 0.299726111731787 0.36658403954873137 0.2995048983913974 0.3538510305114089 0.2633134712882418 0.3544797920601905 0.26353468462863144 0.367212801097513
1 0.29966550780248635 0.33520137397852345 0.26258901726398964 0.33449658177373415 0.2623591701723972 0.34658798042828576 0.2994356607108939 0.34729277263307506
1 0.3000506705061911 0.31459174310857696 0.2507860613913738 0.31326963391144363 0.25045666478395245 0.3255436541992878 0.29972127389876974 0.32686576339642115
1 0.30035303793138357 0.2939081909987832 0.249540747332916 0.2897407199823736 0.24832343784765293 0.30458288278804313 0.29913572844612046 0.3087503538044527
1 0.3045435179674354 0.2766882863608862 0.24853492051325565 0.24932403054752356 0.2383817195448678 0.27010539400898226 0.29439031699904755 0.2974696498223449
1 0.30666065718183655 0.260309460264566 0.2542031890625 0.2110514328125 0.2354033130212329 0.2310724110995809 0.28786078114056945 0.28033043855164685
1 0.40488653210419734 0.7139820371268871 0.2979016591377672 0.16734297963291506 0.23741203750000003 0.17918164062499997 0.3443969104664301 0.725820698118972
1 0.35392463241428634 0.14843774745069338 0.2284223612619726 0.14784991272897854 0.22727866384917084 0.3920284505311169 0.3527809350014846 0.39261628525283176
1 0.36447467206200856 0.5573896369907974 0.3383257104081017 0.4813682790575933 0.3195440356053184 0.4878285858393486 0.3456929972592252 0.5638499437725527
1 0.39038503431784466 0.561666048318321 0.3534047466393361 0.4813715313592656 0.3336154126664129 0.4904856687997829 0.3705957003449215 0.5707801857588384
1 0.4301602578025598 0.5564696886486403 0.3675871446892439 0.47878162758604254 0.34457538355723727 0.49731623267921676 0.40714849667055314 0.5750042937418145
1 0.4523906674787411 0.5568998507355206 0.3838239787280516 0.4791117181127421 0.36042100059111565 0.4997403752568344 0.4289876893418053 0.5775285078796129
1 0.415257329478663 0.513544225922782 0.39355629982792123 0.40038072808936853 0.370161162958549 0.40486714436851867 0.3918621926092908 0.5180306422019323
1 0.45430415101029925 0.4884228194121789 0.36085034549117356 0.37258088213709917 0.3200291944934971 0.40551275461903835 0.4134830000126227 0.5213546918941181
1 0.5407179493946874 0.561484128435547 0.5351797481034388 0.20849445589959129 0.2735156585524852 0.21259981226374064 0.2790538598437338 0.5655894847996963
1 0.4530155662477503 0.5151117846914433 0.4516691560533361 0.4393055069376567 0.4396991731540093 0.43951810815592207 0.44104558334842353 0.5153243859097086
1 0.4698837054265548 0.5149489069303997 0.4634988405695625 0.36528342971306593 0.44407314580755636 0.36611214745154935 0.4504580106645487 0.5157776246688831
1 0.5041936692695168 0.643332619501301 0.4675882494549314 0.5422730248546597 0.4443661779264726 0.5506844347780402 0.48097159774105797 0.6517440294246815
2 0.5458457444464792 0.45093344710765954 0.39334640870325555 0.45003822733645027 0.3913976858116136 0.7820002282667715 0.5438970215548371 0.7828954480379807
2 0.41878841977462117 0.6318739206703818 0.414009016001003 0.4837906366388176 0.3927234897626179 0.4844776292665979 0.397502893536236 0.6325609132981621
2 0.44062999476780806 0.6772724366250268 0.2895745289837812 0.5423557040069182 0.2297345584195301 0.6093537290159539 0.38079002420355695 0.7442704616340624
2 0.3725663411842576 0.7625572189875807 0.3659958946914229 0.7593757759441703 0.3565837862475414 0.7788140478451462 0.36315423274037606 0.7819954908885567
2 0.43407613125000005 0.7427897140625002 0.38231275781250007 0.7418671875000001 0.38222224129528526 0.7469461093146237 0.43398561473278524 0.7478686358771236
2 0.5108524672563726 0.7753665210277201 0.4311382106603321 0.677291621281561 0.3895210098619254 0.711117648448956 0.46923526645796587 0.8091925481951152
2 0.5633628372677496 0.7876182975331452 0.23324422855210014 0.21181868773596507 0.032490290809512865 0.32691534548659285 0.36260889952516234 0.9027149552837729
2 0.5710795129730569 0.7814086387735399 0.5114144028725488 0.49256566184329686 0.46783590151470966 0.5015674942892994 0.5275010116152177 0.7904104712195423
2 0.43092488653629735 0.5891753248611502 0.326413727621462 0.4626522099836139 0.27417878459812894 0.5057995387266891 0.37868994351296426 0.6323226536042255
2 0.41928072263808913 0.6177560925644708 0.3358657094459122 0.6133423242880661 0.33381360847262564 0.6521246116757966 0.4172286216648026 0.6565383799522013
2 0.3043386455617855 0.46746003680243664 0.2513957556483589 0.4598391998508403 0.2472578761639801 0.48858555663657466 0.30020076607740664 0.496206393588171
2 0.5153876075352792 0.3059768193381768 0.32885621445348645 0.2290700695710116 0.23203561692515118 0.46390096530706576 0.4185670100069439 0.540807715074231
2 0.5137251384752398 0.3238817680047145 0.49308218582555713 0.3030171142790608 0.41019844015595675 0.38502016401969563 0.4308413928056395 0.4058848177453494
2 0.4951250544631982 0.3154960377868102 0.4660557544909958 0.2947215831886606 0.40494581720735895 0.3802315584223184 0.43401511717956137 0.401006013020468
2 0.34734825156250004 0.4375266921875001 0.346977635301541 0.4001399593376619 0.30100489780154105 0.40059568902516185 0.3013755140625 0.437982421875
2 0.3525690964383495 0.3931907780456223 0.3510154276960987 0.3776544126539295 0.2486279029003157 0.3878933773577776 0.25018157164256644 0.4034297427494704
2 0.37667779023210995 0.3720535366913946 0.25560255453557623 0.35815103273115056 0.2514292021718081 0.3944962567665368 0.3725044378683418 0.4083987607267809
2 0.2808122421875 0.354603515625 0.2703289716604545 0.34414450698681204 0.26781069999999996 0.34666862031250006 0.2782939705270455 0.357127628950688
2 0.2886081715501064 0.30980458725315596 0.22500210717299707 0.30931464539120235 0.22271334577611962 0.6064501140223907 0.2863194101532289 0.6069400558843443
2 0.3115439792790135 0.27162040222645634 0.2917808220269713 0.268879919666402 0.28207263884191963 0.3388910752615702 0.30183579609396183 0.3416315578216245