2 0.8441262916696965 0.5337334597688781 0.8432930163079014 0.28721480584381787 0.5650745299823852 0.28815523207996574 0.5659078053441802 0.534673886005026
2 0.7012808747084072 0.4148090475287954 0.7009697554364693 0.34855524359124723 0.6481069161416052 0.34880348062967437 0.648418035413543 0.4150572845672224
0 0.8122345709905903 0.5688613072190438 0.8023656521661133 0.549081433644729 0.7809865473630868 0.5597482687510478 0.7908554661875637 0.5795281423253628
1 0.78715102376759 0.5626483056340557 0.7445704990451549 0.5035682528779617 0.7223053095224552 0.5196153518342711 0.7648858342448904 0.5786954045903651
0 0.7689162447262663 0.5744175244258665 0.7685931405489367 0.5545259824064356 0.74289178946129 0.5549434570241057 0.7432148936386196 0.5748349990435366
1 0.7483434606855794 0.5570920787280468 0.727205008787298 0.5062551182093771 0.7070411274634516 0.5146394360580072 0.728179579361733 0.5654763965766769
0 0.7285582937548265 0.5556772794427679 0.7027927304359579 0.5554300354022409 0.7026059578501087 0.5748938043839746 0.7283715211689772 0.5751410484245015
0 0.6880611160276928 0.5549853967881954 0.6619267590376141 0.5549638926924125 0.6619097916503647 0.5755846972147347 0.6880441486404433 0.5756062013105175
0 0.647933163445251 0.5561837446735767 0.6208423683340187 0.5550626070211475 0.6199915164548698 0.5756223071419031 0.647082311566102 0.5767434447943323
0 0.6055395828583122 0.5561110449649325 0.5803008683635875 0.5550366747341016 0.5794189555240864 0.5757542502277817 0.6046576700188111 0.5768286204586126
0 0.5656155962489668 0.5574861318978368 0.5396055418019643 0.5550924597132494 0.5377156937518301 0.5756278742938498 0.5637257481988327 0.5780215464784371
0 0.5244443062174324 0.5760966296001842 0.5239092456239597 0.5561823023790257 0.49885497091188497 0.5568554637139578 0.4993900315053577 0.5767697909351164
0 0.4844510369990928 0.5577353585064379 0.45877742244070296 0.5569156732892209 0.4581404472493092 0.5768665705405123 0.48381406180769904 0.5776862557577293
0 0.44486140071682456 0.5759067967782394 0.4432504338714779 0.5557756707485711 0.4161269259163152 0.5579461937476755 0.4177378927616619 0.5780773197773439
0 0.4025212105854683 0.5583069304826918 0.37749446024107114 0.5579785182588589 0.3772435025367157 0.5771028241102283 0.4022702528811128 0.5774312363340611
0 0.846575273147596 0.2535615300220023 0.8464236882886038 0.2326895941642714 0.820897894828508 0.23287497820476905 0.8210494796875001 0.2537469140625
0 0.8059357271443384 0.2336276617659816 0.7816500997298681 0.23361461661654753 0.7816396984710752 0.25297821969105055 0.8059253258855454 0.2529912648404846
0 0.7658644818602828 0.23379075351605022 0.7410244099481428 0.23221498731937795 0.7397535268666438 0.2522489410893135 0.7645935987787837 0.2538247072859858
0 0.7258090571044323 0.2529790632460917 0.7231801464336688 0.23192992307045346 0.697570287523234 0.23512844000770636 0.7001991981939975 0.25617758018334463
0 0.6844983113352957 0.2353915554053418 0.6591668842153454 0.2320143141680473 0.656424043700684 0.25258733804076694 0.6817554708206343 0.25596457927806143
0 0.6434889789803403 0.2539563836655047 0.6424297330013807 0.23355508679082235 0.615977646530643 0.2349284929228605 0.6170368925096026 0.2553297897975429
0 0.6032492258582993 0.23756822056460095 0.5786974274524629 0.23205964312432853 0.5743145025015362 0.25159439433547687 0.5988663009073727 0.25710297177574926
0 0.5621066408602463 0.23709059692593568 0.5366900009930845 0.23232795026676106 0.5328502006237139 0.25281967055049936 0.5582668404908757 0.257582317209674
0 0.5213717752539868 0.23595640377774738 0.4954687699551511 0.23408542160678641 0.4940509528841527 0.25371453602212457 0.5199539581829884 0.2555855181930855
0 0.48036169790502126 0.23660094925681516 0.4555427992867546 0.23457827155611638 0.45390289853658417 0.25470037526470035 0.47872179715485075 0.2567230529653991
0 0.4400252320027632 0.25481289217369596 0.4385670338602406 0.23508035659512397 0.41314976814357457 0.23695864585544055 0.4146079662860972 0.2566911814340126
0 0.4000923971519832 0.2535217330364468 0.3973252217641677 0.23393674601319936 0.3713097267967322 0.237612491996093 0.3740769021845477 0.2571974790193404
1 0.8289089023456423 0.5650776115971693 0.7622169325996395 0.504080376305687 0.7437294186196324 0.5242938944617405 0.8104213883656352 0.5852911297532227
0 0.8505470540510481 0.5742946291839064 0.8504999999999999 0.5547870374999999 0.8246446499847055 0.5548494029103078 0.8246917040357538 0.5743569945942142
0 0.43998046874999996 0.31594907343750006 0.4150455734375 0.31594907343750006 0.4150455734375 0.33714763437500006 0.43998046874999996 0.33714763437500006
0 0.44162767767966676 0.36795697948063877 0.4405428205236402 0.34673398123392457 0.415102491667796 0.3480344159081444 0.4161873488238226 0.3692574141548586
0 0.4435166812142259 0.38577559934479677 0.4195594945035877 0.3756007506988459 0.4110125989140837 0.3957248410474099 0.43496978562472177 0.40589968969336077
0 0.4421645058367007 0.4329026709674121 0.4418672117679193 0.412471855747099 0.41509762104729225 0.41286138697525265 0.4153949151160736 0.43329220219556575
0 0.4444596450019599 0.46398076633275875 0.4432006034401552 0.4438208535697406 0.41525267311098923 0.44556627807948307 0.41651171467279396 0.4657261908425013
0 0.44481448285066116 0.49411848015395493 0.4406681716300377 0.4745900621038398 0.41437315045495265 0.4801730714937961 0.41851946167557613 0.4997014895439113
0 0.25963799810140387 0.3852791433756503 0.25858070753255374 0.36837656001593994 0.23591701077334162 0.3697942198096441 0.23697430134219175 0.38669680316935445
0 0.25796226355737295 0.44595049402144255 0.2579125504085928 0.43101475121419874 0.2364175331404476 0.43108629670110704 0.23646724628922774 0.44602203950835084
1 0.7091569038821921 0.51044278482544 0.6953919265625002 0.5104423875000001 0.6953904516941214 0.5615378567061482 0.7091554290138133 0.5615382540315881
1 0.6893619796875001 0.5104542187500001 0.6749427132775896 0.5104531019421936 0.6749388948170194 0.5597537962233627 0.6893581612269299 0.5597549130311692
1 0.66884784154036 0.5107039874158075 0.6403757581076268 0.5106425491301269 0.640269006608053 0.560113942557969 0.6687410900407861 0.5601753808436496
1 0.6606338722994216 0.527517118305639 0.642408134386949 0.5042931970095905 0.5872935522501797 0.5475461824281694 0.6055192901626524 0.5707701037242179
1 0.6410698367312074 0.5247563156452838 0.6215258542406359 0.5043164983410131 0.5591202375645047 0.5639870062264624 0.5786642200550762 0.584426823530733
1 0.6176070048994642 0.5317335409560076 0.6048345042709607 0.5054590380674254 0.5153185982184036 0.5489743034623868 0.5280910988469071 0.575248806350969
1 0.7442372431488866 0.5793777293397555 0.742406430512105 0.47098136503788374 0.2154992242107155 0.47988081824298795 0.21733003684749722 0.5882771825448597
1 0.516651472602531 0.47373571783392415 0.4779618524902115 0.4734759315829897 0.47736221708877746 0.5627788327331971 0.5160518372010969 0.5630386189841315
1 0.41725449240929013 0.5652583634266622 0.40254970351249175 0.5651393075569321 0.4025019531250001 0.5710370375 0.4172067420217984 0.5711560933697302
1 0.42246061640559474 0.49396816135955257 0.2092877884599301 0.3960522549733897 0.15345745338181793 0.5176005391389652 0.3666302813274826 0.6155164455251281
1 0.21997375553340354 0.37154585867599443 0.2192756551016064 0.3524555505173862 0.1819623253807196 0.35382003617018565 0.18266042581251676 0.3729103443287939
1 0.6248204542988546 0.3006281641688516 0.624811783005154 0.23181071095717334 0.21310787721823893 0.23186258741173732 0.2131165485119395 0.3006800406234155
1 0.4193921395472938 0.24367289980490323 0.41922909716788626 0.226450459343776 0.2120719865110236 0.22841158606730372 0.2122350288904311 0.24563402652843097
1 0.6045889265695445 0.30097943790670195 0.6045467848819718 0.2692050980671706 0.2948050661937477 0.26961590247107436 0.2948472078813204 0.30139024231060574
1 0.347821084466977 0.34961843410620713 0.338209584175027 0.3260101515525489 0.25077642629521135 0.3616062954303566 0.26038792658716137 0.38521457798401487
1 0.38638696406685497 0.33508604358553024 0.35334830781250004 0.3350478390625001 0.35332818056403414 0.35245355939790923 0.38636683681838907 0.3524917639209394
1 0.3737458858978166 0.24728611590104058 0.31844963967470347 0.20601756273059432 0.19487359795659415 0.371598633670969 0.2501698441797073 0.41286718684141527
1 0.45074285115208357 0.39659767584567435 0.23154551513971516 0.39613786491228503 0.23152373388617523 0.4065212473076746 0.45072106989854366 0.40698105824106384
1 0.3945648297081597 0.412182689212237 0.39455823397212697 0.4038060903037401 0.23193439046926242 0.4039341403579555 0.23194098620529516 0.4123107392664524
1 0.2656380203125 0.41956944374999994 0.2656094660204137 0.4140727386153329 0.2315456644579137 0.4142496933028329 0.23157421874999998 0.41974639843749995
1 0.5890276772668296 0.3047046020926986 0.5829927813895515 0.2688068998451806 0.3356395838102218 0.31039036337748194 0.34167447968750003 0.34628806562500003
1 0.5038911651699378 0.2509776058139761 0.43285392115043686 0.2471970862526381 0.4320537301344475 0.2622329466794351 0.5030909741539483 0.2660134662407731
1 0.5642335803888432 0.3012700472157008 0.5636528755836887 0.27457205868882434 0.5498008167189268 0.27487335319031647 0.5503815215240813 0.3015713417171929
1 0.6459071441744136 0.2995131324881835 0.645648886376289 0.2633469736041262 0.6328102337482806 0.26343865273901085 0.6330684915464051 0.2996048116230682
1 0.6656247041942687 0.26267475024943454 0.6534874662729379 0.26230822608744725 0.6523667468403022 0.2994202088915398 0.6645039847616331 0.2997867330535271
1 0.6867303660885564 0.2507860613913738 0.6744563458007122 0.2504566647839525 0.6731342366035791 0.2997212738987698 0.6854082568914233 0.3000506705061911
1 0.7102592800176266 0.24954074733291615 0.6954171172119568 0.24832343784765304 0.6912496461955473 0.2991357284461205 0.7060918090012172 0.30035303793138357
1 0.7506759694524765 0.24853492051325565 0.7298946059910179 0.2383817195448678 0.7025303501776551 0.2943903169990477 0.7233117136391137 0.3045435179674355
1 0.7889485671874998 0.25420318906250006 0.768927588900419 0.23540331302123296 0.719669561448353 0.28786078114056957 0.739690539735434 0.30666065718183666
1 0.8326570203670849 0.2979016591377673 0.820818359375 0.23741203750000003 0.2741793018810279 0.34439691046643006 0.2860179628731128 0.4048865321041973
1 0.8521500872710215 0.22842236126197268 0.6079715494688831 0.2272786638491709 0.6073837147471683 0.3527809350014846 0.8515622525493066 0.3539246324142864
1 0.5186317209424067 0.3383257104081018 0.5121714141606514 0.3195440356053184 0.43615005622744735 0.34569299725922525 0.4426103630092027 0.36447467206200856
1 0.5186284686407344 0.35340474663933613 0.509514331200217 0.33361541266641304 0.4292198142411617 0.3705957003449215 0.438333951681679 0.39038503431784466
1 0.5212183724139574 0.3675871446892441 0.5026837673207833 0.3445753835572375 0.42499570625818556 0.4071484966705533 0.4435303113513597 0.4301602578025598
1 0.520888281887258 0.38382397872805163 0.5002596247431658 0.36042100059111576 0.4224714921203872 0.42898768934180537 0.44310014926447944 0.4523906674787413
1 0.5980657166308199 0.3971132197061318 0.5956247418462386 0.3706645720168887 0.4822475379098014 0.3811282788652254 0.4846885126943826 0.4075769265544684
1 0.6274191178629008 0.3608503454911736 0.5944872453809616 0.3200291944934971 0.4786453081058819 0.4134830000126228 0.5115771805878211 0.4543041510102993
1 0.7915833532967078 0.5351753219271566 0.7867010365906847 0.2734885602886835 0.4338336760004817 0.28007204276533987 0.43871599270650485 0.5417588044038129
1 0.5606944930623432 0.451669156053336 0.5604818918440778 0.43969917315400925 0.48467561409029125 0.44104558334842353 0.48488821530855664 0.4530155662477503
1 0.6347165702869342 0.46349884056956253 0.6338878525484508 0.44407314580755647 0.4842223753311169 0.4504580106645487 0.48505109306960026 0.4698837054265548
1 0.4587794988218681 0.47507960917682884 0.45282606822724825 0.45265080801195634 0.34954332292361145 0.48006585580104744 0.35549675351823135 0.50249465696592
2 0.5503448486250295 0.39345618928342996 0.21840332863296807 0.39047317872577253 0.2170330762624598 0.5429512359930039 0.5489745962545214 0.5459342465506614
2 0.5162093633611824 0.414009016001003 0.515522370733402 0.3927234897626179 0.3674390867018378 0.397502893536236 0.3681260793296181 0.41878841977462117
2 0.46334331076556207 0.3057746537030902 0.4082710030883381 0.24411459918982423 0.25570434066787506 0.38038107252385595 0.31077664834509905 0.44204112703712195
2 0.23948046875 0.368358025 0.22288988638690882 0.35567737730576376 0.21779887809732595 0.3623381405708686 0.23438946046041714 0.3750187882651048
2 0.2581328125000001 0.38231275781249996 0.25305389068537654 0.3822222412952852 0.2521313641228765 0.43398561473278524 0.25721028593750006 0.43407613125000005
2 0.32270837871843916 0.4311382106603322 0.288882351551044 0.38952100986192545 0.19080745180488484 0.4692352664579659 0.22463347897227992 0.5108524672563727
2 0.788181312264035 0.23324422855210028 0.6730846545134073 0.032490290809512955 0.0972850447162272 0.36260889952516234 0.21238170246685498 0.5633628372677497
2 0.5074343381567032 0.5114144028725488 0.49843250571070075 0.46783590151470966 0.2095895287804578 0.5275010116152177 0.21859136122646028 0.5710795129730568
2 0.5373477900163862 0.3264137276214621 0.49420046127331085 0.2741787845981289 0.36767734639577454 0.37868994351296426 0.41082467513884985 0.43092488653629746
2 0.386657675711934 0.33586570944591215 0.3478753883242034 0.33381360847262564 0.34346162004779873 0.41722862166480257 0.38224390743552933 0.41928072263808913
2 0.5401608001491598 0.251395755648359 0.5114144433634255 0.24725787616398015 0.503793606411829 0.3002007660774067 0.5325399631975634 0.3043386455617855
2 0.7672643807062619 0.3264275402816471 0.50981239927945 0.2870878329554539 0.48100009690117174 0.4756450145137744 0.7384520783279837 0.5149847218399676
2 0.6970022053481922 0.4930205437966479 0.6140925031594604 0.4109918133424757 0.5941102445418137 0.43118867731774946 0.6770199467305454 0.5132174077719217
2 0.698525419801427 0.4763539741898869 0.6218279538042522 0.4044039563567002 0.5990426352099201 0.4286927091708449 0.6757401012070949 0.5006427270040318
2 0.5994055984375 0.3011347734375001 0.5620179890102028 0.3010823692506751 0.5619531416511412 0.3473475224737694 0.5993407510784383 0.3473999266605944
2 0.6163215717657604 0.352061904169122 0.6127789738133785 0.24937474347147465 0.5967760060067218 0.24992682885974263 0.6003186039591037 0.35261398955739
2 0.6418489672688495 0.25560255453557634 0.6055037432334631 0.2514292021718082 0.5916012392732192 0.3725044378683418 0.6279464633086056 0.3766777902321099
2 0.655855493013188 0.27032897166045455 0.6533313796875 0.26781069999999996 0.6428723710493119 0.2782939705270455 0.645396484375 0.28081224218750006
2 0.6906205058666199 0.287903400159908 0.6900039362901915 0.22426168126325358 0.39334633961246734 0.22713574016516444 0.3939629091888957 0.2907774590618189
2 0.7292606435902174 0.28821932993493465 0.660313205313121 0.28601153101784516 0.6595922414705384 0.3085265389072452 0.7285396797476349 0.3107343378243347