2 0.535034778225707 0.8439484326593358 0.5340060202278692 0.565552695774152 0.28765022138552687 0.5664630563321419 0.28867897938336473 0.8448587932173257
2 0.4151453215571833 0.6488267898486851 0.348813185466691 0.6480985056202286 0.3482335109924467 0.7008952635498108 0.41456564708293914 0.7016235477782674
0 0.5787526765038171 0.7892719588306194 0.5589539178146061 0.7811084506103265 0.5495505924483742 0.8039141077834728 0.5693493511375853 0.8120776160037657
1 0.5724288038782823 0.7773192443978258 0.526388491715975 0.7217658093445254 0.5033090317356781 0.7408930791706101 0.5493493438979854 0.7964465142239107
0 0.5748349990435366 0.7432148936386196 0.5549434570241057 0.7428917894612901 0.5545259824064355 0.7685931405489368 0.5744175244258664 0.7689162447262664
1 0.5626360394026547 0.7393217985742204 0.521647416021538 0.7036561262731059 0.504397703418718 0.723480285687238 0.5453863267998348 0.7591459579883525
0 0.5751601926852652 0.7283487675604893 0.5748523304020522 0.7025750192578557 0.5554148450365534 0.7028071961439755 0.5557227073197664 0.7285809444466091
0 0.576948365672075 0.6866995456205386 0.5735644349613288 0.6611808665736959 0.5529055347862918 0.6639203613031928 0.556289465497038 0.6894390403500354
0 0.5778589140814441 0.6459365378504187 0.5740214616643606 0.6195307996687507 0.5532723773486526 0.6225461906118774 0.557109829765736 0.6489519287935456
0 0.5763367136354498 0.6049113282576113 0.5762165293114283 0.5797597575932282 0.5553650516343921 0.5798593943428731 0.5554852359584135 0.6050109650072562
0 0.5803659943818139 0.5435360595898837 0.5600075467545016 0.5371561309257581 0.5524895085829724 0.5611463029845533 0.5728479562102847 0.5675262316486789
0 0.5767697909351163 0.4993900315053577 0.5568554637139578 0.49885497091188497 0.5561823023790257 0.5239092456239597 0.576096629600184 0.5244443062174324
0 0.5780679181740995 0.483540697666896 0.5764527858532347 0.4579307922476886 0.5563627406969163 0.4591978051760247 0.5579778730177811 0.4848077105952321
0 0.5780773197773439 0.417737892761662 0.5579461937476756 0.4161269259163153 0.5557756707485713 0.44325043387147794 0.5759067967782395 0.4448614007168247
0 0.577431236334061 0.4022702528811128 0.5771028241102282 0.37724350253671557 0.5579785182588588 0.3774944602410711 0.5583069304826916 0.4025212105854683
0 0.2537469140625001 0.8210494796875002 0.23287497820476916 0.820897894828508 0.23268959416427148 0.8464236882886038 0.25356153002200243 0.8465752731475961
0 0.25298576783813 0.781645461833451 0.23362098833715145 0.7816350599427344 0.23360794090318032 0.8059249403874988 0.25297272040415886 0.8059353422782154
0 0.25388320548165133 0.7645333307778697 0.2521839965399709 0.7397129832259225 0.2321417762694009 0.7410850800438096 0.2338409852110813 0.7659054275957569
0 0.2593579309209231 0.7168679805619312 0.2463526479387342 0.6960137693612154 0.22773832251111797 0.7076221954665571 0.24074360549330676 0.7284764066672731
0 0.25610783554285355 0.6814506642344476 0.25210949157648416 0.6562433161846245 0.23161861168961034 0.6594935424995604 0.2356169556559798 0.6847008905493834
0 0.255329789797543 0.6170368925096027 0.2349284929228606 0.6159776465306431 0.2335550867908224 0.6424297330013808 0.2539563836655048 0.6434889789803404
0 0.25575692508000314 0.6001907851787551 0.252600758576693 0.5748459010292978 0.23302397485276902 0.5772837732510699 0.23618014135607918 0.6026286574005273
0 0.25672032796086 0.559060711783874 0.2532833657330812 0.5333866470869488 0.23281295145710304 0.5361270016620445 0.23624991368488182 0.5618010663589696
0 0.2553617167551615 0.5201100217104027 0.25386732687720687 0.49421499582689216 0.23422645605479026 0.4953484613303935 0.23572084593274484 0.521243487213904
0 0.2565819903955856 0.47882596057004223 0.2547626407352136 0.4539867521178992 0.2346440014554633 0.4554603433400704 0.2364633511158353 0.48029955179221345
0 0.2566911814340126 0.4146079662860972 0.2369586458554406 0.41314976814357457 0.23508035659512405 0.4385670338602406 0.25481289217369607 0.4400252320027632
0 0.2571974790193405 0.37407690218454775 0.23761249199609305 0.3713097267967323 0.23393674601319941 0.39732522176416774 0.2535217330364469 0.4000923971519833
1 0.5812971545680502 0.8157944751294112 0.5265082201348872 0.7440882109151322 0.504284304955678 0.7610689397948749 0.559073239388841 0.832775204009154
0 0.5742956781878545 0.850452943418661 0.5742335390625001 0.8246914062500001 0.5547248983746454 0.8247384628313394 0.5547870374999999 0.8505000000000003
0 0.33714763437500006 0.4150455734375 0.31594907343750006 0.4150455734375 0.31594907343750006 0.43998046874999996 0.33714763437500006 0.43998046874999996
0 0.3691895529582697 0.41614033164072184 0.34794860694571 0.4151807697681503 0.34679844400998217 0.4406408776796618 0.3680393900225419 0.4416004395522333
0 0.4058996896933606 0.43496978562472177 0.3957248410474098 0.4110125989140837 0.37560075069884585 0.41955949450358776 0.38577559934479666 0.4435166812142258
0 0.4331453474767059 0.44209104023327006 0.43313461720281543 0.41524206932217095 0.41271813184265527 0.4152502288334059 0.4127288621165458 0.442099199744505
0 0.46572619084250133 0.416511714672794 0.4455662780794832 0.41525267311098935 0.44382085356974066 0.4432006034401553 0.46398076633275886 0.44445964500196
0 0.4997014895439113 0.41851946167557613 0.48017307149379623 0.4143731504549527 0.4745900621038398 0.4406681716300378 0.49411848015395493 0.44481448285066116
0 0.38669680316935445 0.23697430134219183 0.3697942198096441 0.23591701077334165 0.36837656001593994 0.2585807075325538 0.3852791433756503 0.259637998101404
0 0.44602052976580275 0.25791120020586134 0.44594896136949974 0.2364093000740521 0.43098277295133647 0.23645911456008775 0.4310543413476394 0.25796101469189703
1 0.5615382540315881 0.7091554290138133 0.5615378567061481 0.6953904516941214 0.5104423875 0.6953919265625 0.5104427848254399 0.709156903882192
1 0.5597896723573708 0.6751056660178799 0.510501913913407 0.6749426358742477 0.51045421875 0.6893619796875 0.5597419771939636 0.6895250098311322
1 0.5603929545168607 0.6685133110307084 0.560056595387776 0.6402262126556775 0.5103742761899639 0.6408169802697584 0.5107106353190487 0.6691040786447894
1 0.5707701037242178 0.6055192901626525 0.5475461824281693 0.5872935522501797 0.5042931970095904 0.642408134386949 0.5275171183056389 0.6606338722994216
1 0.5844268235307329 0.5786642200550763 0.5639870062264623 0.5591202375645048 0.5043164983410131 0.6215258542406359 0.5247563156452838 0.6410698367312074
1 0.575248806350969 0.5280910988469071 0.5489743034623868 0.5153185982184038 0.5054590380674254 0.604834504270961 0.5317335409560076 0.6176070048994642
1 0.6509054643101917 0.2344555832249069 0.5738407175110167 0.21346648297524656 0.4328146058529937 0.7312657910791572 0.5098793526521687 0.7522548913288176
1 0.5630386189841314 0.5160518372010969 0.5627788327331971 0.47736221708877746 0.4734759315829896 0.4779618524902114 0.47373571783392404 0.5166514726025309
1 0.5711560933697302 0.4172067420217983 0.5710370375 0.402501953125 0.565139307556932 0.4025497035124917 0.5652583634266621 0.41725449240929
1 0.6181209829058955 0.3490739688111166 0.5022017498664363 0.15376409122033868 0.37868241229390776 0.22707460195113663 0.4946016453333669 0.42238447954191455
1 0.3725838553996258 0.21948924726346739 0.37135823100223514 0.18206041023108183 0.35205754026867897 0.1826924201818337 0.3532831646660696 0.22012125721421927
1 0.300632122475142 0.6248136608273819 0.30058024687499996 0.21311653593750002 0.23183083039583835 0.21312519865828103 0.23188270599598035 0.6248223235481629
1 0.24563402652843105 0.2122350288904312 0.22841158606730386 0.21207198651102366 0.22645045934377603 0.41922909716788637 0.24367289980490323 0.4193921395472938
1 0.30139024231060596 0.2948472078813204 0.2696159024710746 0.29480506619374763 0.26920509806717063 0.6045467848819719 0.300979437906702 0.6045889265695447
1 0.38521457798401476 0.2603879265871615 0.3616062954303566 0.25077642629521146 0.32601015155254887 0.3382095841750271 0.349618434106207 0.34782108446697707
1 0.3524723967061803 0.38637464727033766 0.3524536383667873 0.3533384246035736 0.33504783906249996 0.35334830781250004 0.335066597401893 0.3863845304792641
1 0.4128671868414152 0.2501698441797073 0.371598633670969 0.19487359795659415 0.2060175627305943 0.3184496396747035 0.24728611590104052 0.37374588589781665
1 0.40698105824106384 0.45072106989854355 0.4065212473076746 0.23152373388617517 0.396137864912285 0.23154551513971508 0.3965976758456743 0.45074285115208346
1 0.4121866487675634 0.3945614702990854 0.41205859294901803 0.2319303060847769 0.40368623349185484 0.23193689848266463 0.4038142893104002 0.3945680626969731
1 0.4197463984375 0.23157421875 0.41424969330283296 0.23154566445791375 0.414072738615333 0.26560946602041374 0.41956944375000005 0.26563802031250006
1 0.346288065625 0.34167447968750003 0.310390363377482 0.3356395838102218 0.2688068998451806 0.5829927813895515 0.30470460209269856 0.5890276772668297
1 0.26301592032447385 0.43247651677998455 0.2476305626128835 0.4323241446910374 0.2469245048587744 0.5036164081697021 0.26230986257036476 0.5037687802586492
1 0.30149535134740185 0.5503735784787506 0.2748698562500001 0.5499615890625 0.27465552698249823 0.5638129712485649 0.3012810220799 0.5642249606648154
1 0.29972611173178704 0.6334159604512688 0.26353468462863155 0.6327871989024871 0.2633134712882419 0.6455202079398095 0.2995048983913974 0.6461489694885911
1 0.29966550780248624 0.6647986260214767 0.2994356607108938 0.652707227366925 0.2623591701723971 0.6534120195717144 0.2625890172639896 0.665503418226266
1 0.30005067050619105 0.6854082568914232 0.29972127389876974 0.673134236603579 0.25045666478395245 0.6744563458007122 0.2507860613913738 0.6867303660885564
1 0.3003530379313835 0.706091809001217 0.2991357284461204 0.6912496461955473 0.24832343784765296 0.6954171172119568 0.24954074733291604 0.7102592800176264
1 0.30454351796743545 0.723311713639114 0.29439031699904755 0.7025303501776552 0.23838171954486773 0.7298946059910179 0.24853492051325565 0.7506759694524765
1 0.3066606571818366 0.739690539735434 0.2878607811405695 0.719669561448353 0.2354033130212329 0.7689275889004191 0.2542031890625 0.7889485671875001
1 0.40488653210419745 0.2860179628731129 0.3443969104664303 0.27417930188102796 0.2374120375000001 0.820818359375 0.2979016591377672 0.8326570203670849
1 0.3539246324142863 0.8515622525493068 0.3527809350014845 0.6073837147471683 0.22727866384917084 0.6079715494688831 0.2284223612619726 0.8521500872710215
1 0.3644746720620086 0.44261036300920276 0.3456929972592253 0.43615005622744746 0.31954403560531847 0.5121714141606515 0.3383257104081018 0.5186317209424068
1 0.39038503431784477 0.43833395168167916 0.37059570034492156 0.42921981424116173 0.33361541266641304 0.5095143312002172 0.35340474663933624 0.5186284686407345
1 0.4301602578025598 0.4435303113513598 0.40714849667055325 0.4249957062581856 0.3445753835572375 0.5026837673207833 0.367587144689244 0.5212183724139575
1 0.4523906674787412 0.44310014926447955 0.4289876893418053 0.42247149212038726 0.3604210005911157 0.5002596247431658 0.38382397872805163 0.5208882818872581
1 0.415257329478663 0.4864557740772181 0.3918621926092909 0.48196935779806793 0.3701611629585492 0.5951328556314814 0.3935562998279213 0.5996192719106316
1 0.4543041510102993 0.5115771805878212 0.4134830000126228 0.478645308105882 0.32002919449349704 0.5944872453809618 0.36085034549117356 0.627419117862901
1 0.5407179493946875 0.43851587156445315 0.2790538598437339 0.43441051520030377 0.2735156585524853 0.7874001877362594 0.5351797481034389 0.7915055441004089
1 0.4530155662477503 0.4848882153085567 0.44104558334842353 0.48467561409029136 0.4396991731540093 0.5604818918440779 0.4516691560533361 0.5606944930623433
1 0.4698837054265548 0.48505109306960026 0.45045801066454877 0.4842223753311169 0.44407314580755647 0.6338878525484507 0.4634988405695625 0.6347165702869341
1 0.5041936692695168 0.35666738049869906 0.4809715977410581 0.3482559705753186 0.4443661779264726 0.4493155652219599 0.4675882494549314 0.4577269751453404
2 0.545845744446479 0.5490665528923405 0.5438970215548371 0.2171045519620193 0.3913976858116135 0.21799977173322857 0.39334640870325555 0.5499617726635498
2 0.4187884197746211 0.36812607932961827 0.3975028935362361 0.3674390867018379 0.3927234897626179 0.5155223707334021 0.4140090160010029 0.5162093633611825
2 0.44062999476780795 0.3227275633749734 0.38079002420355684 0.25572953836593776 0.22973455841953005 0.39064627098404625 0.28957452898378117 0.45764429599308193
2 0.3725663411842576 0.2374427810124195 0.36315423274037595 0.21800450911144348 0.3565837862475413 0.22118595215485395 0.3659958946914229 0.24062422405583
2 0.43407613125 0.2572102859375 0.43398561473278513 0.25213136412287646 0.3822222412952852 0.2530538906853764 0.38231275781249996 0.25813281250000003
2 0.5108524672563725 0.22463347897228 0.46923526645796587 0.19080745180488487 0.38952100986192534 0.288882351551044 0.431138210660332 0.32270837871843916
2 0.5633628372677497 0.21238170246685512 0.36260889952516245 0.09728504471622729 0.03249029080951291 0.6730846545134072 0.23324422855210014 0.788181312264035
2 0.5710795129730569 0.21859136122646036 0.5275010116152177 0.20958952878045783 0.46783590151470966 0.49843250571070075 0.5114144028725489 0.5074343381567032
2 0.43092488653629735 0.4108246751388499 0.3786899435129644 0.36767734639577476 0.27417878459812906 0.494200461273311 0.3264137276214619 0.5373477900163862
2 0.419280722638089 0.3822439074355293 0.41722862166480257 0.3434616200477987 0.3338136084726256 0.3478753883242033 0.3358657094459121 0.3866576757119339
2 0.30433864556178547 0.5325399631975634 0.3002007660774066 0.5037936064118289 0.24725787616398004 0.5114144433634253 0.2513957556483589 0.5401608001491597
2 0.5153876075352792 0.6940231806618234 0.4185670100069441 0.4591922849257693 0.23203561692515126 0.5360990346929344 0.32885621445348645 0.7709299304289885
2 0.5137251384752399 0.6761182319952856 0.4308413928056397 0.5941151822546509 0.41019844015595697 0.6149798359803046 0.4930821858255573 0.6969828857209394
2 0.4951250544631981 0.6845039622131901 0.4340151171795613 0.5989939869795322 0.40494581720735895 0.6197684415776819 0.4660557544909958 0.7052784168113396
2 0.34734825156250015 0.5624733078125 0.3013755140625001 0.5620175781250001 0.30100489780154105 0.5994043109748383 0.34697763530154113 0.5998600406623382
2 0.35256909643834955 0.6068092219543777 0.2501815716425665 0.5965702572505297 0.24862790290031578 0.6121066226422226 0.3510154276960988 0.6223455873460706
2 0.37667779023210984 0.6279464633086056 0.37250443786834175 0.5916012392732192 0.2514292021718081 0.6055037432334631 0.25560255453557623 0.6418489672688495
2 0.28081224218750006 0.6453964843750001 0.2782939705270455 0.642872371049312 0.26781069999999996 0.6533313796875001 0.27032897166045455 0.6558554930131881
2 0.2886081715501064 0.6901954127468442 0.286319410153229 0.3930599441156558 0.22271334577611962 0.3935498859776094 0.225002107172997 0.6906853546087978
2 0.31154397927901345 0.7283795977735437 0.30183579609396183 0.6583684421783756 0.2820726388419196 0.66110892473843 0.2917808220269712 0.731120080333598