1 0.4363288552709249 0.7998901075850678 0.2690811839229257 0.7979331749175552 0.2667687773289495 0.9955611385530426 0.43401644867694866 0.9975180712205554
1 0.4439490734375002 0.789185546875 0.2610241765625001 0.789185546875 0.2610241765625001 0.9993489578125001 0.4439490734375002 0.9993489578125001
1 0.4285134251850035 0.8087574390466215 0.27427866238038917 0.8080349630944225 0.2734485679112905 0.9852442157445198 0.4276833307159048 0.9859666916967187
1 0.4200523115906568 0.8192631291631534 0.2818659957931945 0.8191395887437691 0.28172644916613937 0.9752296714133628 0.4199127649636017 0.975353211832747
1 0.4123685392439622 0.8300094520719151 0.2906180644637529 0.8295314337406952 0.2900818487213367 0.9661046924631875 0.41183232350154597 0.9665827107944075
1 0.40441933322294343 0.838855693617278 0.298698280140698 0.8379336779601051 0.2976841084185272 0.9542216191029815 0.40340516150077255 0.9551436347601545
1 0.4153257204131447 0.8760644449525383 0.37810870303407995 0.8470825075912038 0.310744916981627 0.9335873938925072 0.3479619343606917 0.9625693312538417
1 0.5394067573385138 0.8591924908367602 0.4478592192031403 0.8586032251789325 0.44757919882259845 0.902106823472504 0.539126736957972 0.9026960891303318
1 0.5726658987608223 0.8894218579475639 0.441107194216437 0.6268490181640103 0.40927846451010136 0.6427963889998921 0.5408371690544866 0.9053692287834458
1 0.5838602451064066 0.8874643363147896 0.45601115341051024 0.6273436430953745 0.4245128985280175 0.6428250076377013 0.5523619902239139 0.9029457008571166
1 0.5946938494185046 0.8868948419707431 0.47426202191485156 0.6266640487268672 0.439840185613438 0.6425940799123998 0.5602720131170911 0.9028248731562757
1 0.606707232758094 0.8849763533380957 0.4877015280273927 0.6274490652422292 0.44920605826550375 0.6452381723377368 0.568211762996205 0.9027654604336032
1 0.6201567759227065 0.88374384301492 0.5031961148564882 0.6267916738495233 0.4592847951288677 0.6467794287702713 0.5762454561950859 0.903731597935668
1 0.6304715360902527 0.883507304734413 0.5188502471266373 0.6276051175803493 0.4725355192538309 0.6478070145655023 0.5841568082174463 0.9037092017195659
1 0.6253417304546124 0.893279348152695 0.554055427742286 0.6227554418027992 0.5154487093396196 0.6329287763960918 0.586735012051946 0.9034526827459874
1 0.8077075758780502 0.8636459154967886 0.8005526729725816 0.8250135938515302 0.5924325546227235 0.8635585007080575 0.5995874575281922 0.9021908223533159
0 0.8223073471554491 0.8727943650946953 0.8214226895810933 0.8537696478790222 0.8065594033210383 0.8544607971150773 0.8074440608953941 0.8734855143307504
1 0.6463509934867644 0.920678703841842 0.6139195613426838 0.9206052605411017 0.6137413967938035 0.9992799853865767 0.646172828937884 0.9993534286873171
1 0.8077036555742005 0.9022700684441218 0.7870536179592337 0.8727073206312091 0.646870271656405 0.9706275610792547 0.6675203092713716 1.0001903088921673
0 0.8266326568917177 0.9011798246265924 0.8133300576250166 0.8912049912546387 0.8029535762941858 0.9050432347415482 0.816256175560887 0.915018068113502
1 0.7109171812500001 0.9979850265625 0.6788070984375001 0.9979850265625 0.6788070984375001 0.9993489578125001 0.7109171812500001 0.9993489578125001
0 0.7272263375000001 0.9928561203124999 0.7128683125000002 0.9928561203124999 0.7128683125000002 0.9993489578125001 0.7272263375000001 0.9993489578125001
1 0.8074621120380374 0.9418116603475427 0.8017851814095021 0.9363300889802879 0.7453778257749968 0.9947477622024413 0.7510547564035321 1.0002293335696961
1 0.44503563866652557 0.5224260047708732 0.3551280859375 0.5213587234374999 0.3544562301091668 0.577955715648779 0.4443637828381924 0.5790229969821523
1 0.4592614871622251 0.5197828823376336 0.4514055691984026 0.5197506881340012 0.4511635796875001 0.5788001296875 0.4590194976513226 0.5788323238911325
1 0.475081790625 0.5787408859375 0.4750259274884924 0.5434272941347973 0.46670364158304 0.5434404592921732 0.4667595047195475 0.5787540510948759
1 0.49068658278611227 0.5787363731201989 0.49050519019116373 0.5233063643061089 0.4822822653016344 0.5233332735149597 0.48246365789658296 0.5787632823290496
1 0.5056899134410021 0.5789105542117892 0.505362855511607 0.5433175410454709 0.4969748967581049 0.5433946165211816 0.49730195468750005 0.5789876296875
1 0.5221306578125 0.5792526046874998 0.521286786592102 0.5231353809159592 0.5119046488087804 0.5232764662286145 0.5127485200291784 0.5793936900001551
1 0.5373199593750001 0.5794720046874999 0.5372152911230939 0.5428949079034454 0.5283424942489623 0.5429202981126197 0.5284471625008685 0.5794973948966742
0 0.46072750397245776 0.5159298554843911 0.4595165419612933 0.5055847118319118 0.4512387884351902 0.5065536732494259 0.4524497504463546 0.5168988169019051
0 0.47573682457338407 0.5310653795207135 0.4673104005622766 0.5296548490198824 0.4657283736038463 0.5391057825097154 0.47415479761495377 0.5405163130105466
0 0.49152091743235476 0.5107606299632167 0.48369228878871284 0.5095310280385765 0.48206466109063195 0.5198938068884158 0.4898932897342738 0.5211234088130559
0 0.5068509656359457 0.5401187405700425 0.5058483171655124 0.5303592009944759 0.49728805422899064 0.5312386415124792 0.4982907026994239 0.5409981810880458
0 0.5221543191049457 0.5207167017899519 0.5219850325132935 0.5102296471981506 0.513480783442936 0.5103669264815833 0.5136500700345882 0.5208539810733847
0 0.5400120054676206 0.5356304836725967 0.5333989254609895 0.5285907640510438 0.5262815301287366 0.535276812260536 0.5328946101353675 0.542316531882089
0 0.3557007520456495 0.6883868743724701 0.3490465215611601 0.671639908853968 0.33459758015715557 0.6773810436436052 0.34125181064164495 0.6941280091621074
0 0.353528566259652 0.5157072055718239 0.33875554869187013 0.5151877772025587 0.3381274202571698 0.5330523239807383 0.35290043782495173 0.5335717523500035
0 0.6902850424761873 0.6359370579724297 0.6750838952895635 0.6343419671203558 0.6731544116749804 0.6527298629454273 0.688355558861604 0.6543249537975012
0 0.7239393072744045 0.6107167958557418 0.716807730243204 0.5944059362612962 0.7027198564596064 0.600565559947087 0.7098514334908069 0.6168764195415326
0 0.6902538272266263 0.5731892624819666 0.6879553763405288 0.5552640110593308 0.6734290706187773 0.5571266348781366 0.6757275215048748 0.5750518863007723
0 0.8426562712836023 0.5337622333921417 0.8363161915639339 0.5139920335279143 0.819269775709976 0.5194586264906019 0.8256098554296443 0.5392288263548293
0 0.9067850684771541 0.5246895686864115 0.8921747334952842 0.5130665449463945 0.8797639825743933 0.5286670661521182 0.8943743175562631 0.5402900898921352
0 0.8249395135218475 0.9500063375170986 0.8179383755561827 0.931486905250585 0.8036255308447975 0.9368977730927238 0.8106266688104624 0.9554172053592375
0 0.8224040451658633 0.9730774843263628 0.806853271543214 0.9729241259000332 0.8066600168197209 0.9925204436797287 0.8222107904423701 0.9926738021060583
0 0.9169689746230165 0.8544774433315225 0.9010771101736188 0.85429725005805 0.9008502511106755 0.8743047309586143 0.9167421155600733 0.8744849242320868
0 0.8404137754599683 0.7160617851833655 0.823866278630962 0.7139777501204803 0.8213564145533943 0.7339063821307747 0.8379039113824005 0.73599041719366
0 0.9007201640625 0.7154947921875002 0.8852880656250001 0.7154947921875002 0.8852880656250001 0.7356770828125001 0.9007201640625 0.7356770828125001
0 0.9162868875717702 0.9118231539444578 0.9154834644355866 0.8941180881640184 0.9008279567127788 0.8947831279962923 0.9016313798489627 0.9124881937767316
0 0.9160753445303277 0.9351708706947921 0.9018968671081528 0.9346612225064108 0.9012411501154975 0.9529033526417686 0.9154196275376725 0.9534130008301499
0 0.9155874484375 0.9744466140625001 0.9012345671875 0.9744466140625001 0.9012345671875 0.992259765625 0.9155874484375 0.992259765625
0 0.20844916070778874 0.22023718890242 0.19983074830175412 0.21900054954052006 0.19836877999811736 0.2291893290290965 0.20698719240415198 0.23042596839099644
0 0.27197655664900594 0.23035518060703014 0.27181522076467424 0.22033767049110034 0.26384312998263576 0.22046606410402494 0.26400446586696746 0.23048357421995475
0 0.33488697603060025 0.20308297842413037 0.33461667840953074 0.19308939638556666 0.3269932308012743 0.1932955886942812 0.3272635284223438 0.20328917073284494
0 0.42923251213114283 0.19365854585837958 0.42123297170376395 0.1929343074428553 0.42032528017756504 0.20296017034072694 0.4283248206049439 0.20368440875625118
0 0.5219393 0.20293750000000008 0.5143626546875 0.20293750000000008 0.5143626546875 0.21357617187500008 0.5219393 0.21357617187500008
0 0.5854456532718962 0.20433004248785389 0.5773676329757087 0.20334885486645268 0.5760782330281538 0.21396435665129676 0.5841562533243414 0.21494554427269796
0 0.6936509904320483 0.20352169311519272 0.6793831487491192 0.19729810584563182 0.672145127865692 0.21389158025026705 0.6864129695486211 0.220115167519828
0 0.7213693587689205 0.23972422096954765 0.7068163255679999 0.23948753487962002 0.7065211259367141 0.25763836933008183 0.7210741591376346 0.25787505542000944
0 0.840033803091212 0.17896334734463776 0.8397163505130333 0.16074263584126217 0.824259264108458 0.161011938822617 0.8245767166866367 0.1792326503259926
0 0.9028237925398532 0.1616038704139229 0.887289212763371 0.16080322969835031 0.8863516865173068 0.1789937563337784 0.901886266293789 0.17979439704935102
0 0.6903851523468721 0.2967552150587198 0.6893904198477685 0.2787963234843415 0.6750398595280401 0.2795911926259731 0.6760345920271438 0.2975500842003514
0 0.83893055625 0.3594108078125001 0.8241136828125001 0.3594108078125001 0.8241136828125001 0.37726432343750005 0.83893055625 0.37726432343750005
0 0.9030216103734003 0.37591572767982023 0.8997731811835429 0.3586221746896598 0.8848623361600394 0.36142303488578903 0.8881107653498971 0.3787165878759494
1 0.35816494574361146 0.6455614411296062 0.1948429775884367 0.5299067449288165 0.1561904415300584 0.5844899868603284 0.3195124096852332 0.7001446830611181
1 0.5938105553061576 0.6350596277482432 0.591173543765789 0.2523801918368377 0.1327061963203051 0.25553945144851903 0.13534320786067364 0.6382188873599246
1 0.19628857968750005 0.212201171875 0.16123868281250003 0.212201171875 0.16123868281250003 0.2383235671875 0.19628857968750005 0.2383235671875
1 0.2601022025087092 0.21233675905942886 0.22324916391607674 0.21221293295665333 0.22315854057483642 0.23918418875219136 0.26001157916746886 0.2393080148549669
1 0.3454916583180617 0.21360400375350558 0.3168270057939776 0.21355343111051917 0.31678230471188057 0.23889007381091557 0.3454469572359647 0.23894064645390198
1 0.438839946848678 0.23927081406776676 0.43875888476807806 0.21339603095828702 0.41028287610688385 0.21348524231513172 0.4103639381874838 0.23936002542461146
1 0.5291734219370303 0.24480559587331543 0.5286898357479595 0.2238853070759162 0.5070261740038127 0.22438607681794168 0.5075097601928835 0.24530636561534092
1 0.5920344820421771 0.22541028158068696 0.5695004773354186 0.22485187388656427 0.5690031640410979 0.24492047292792476 0.5915371687478563 0.24547888062204745
2 0.4527181545306681 0.5037989853098155 0.22118838736262542 0.21510383360721583 0.2102155170583601 0.2239039332684974 0.4417452842264028 0.5125990849710971
2 0.4928962633406563 0.5096228266816183 0.27396450625 0.2305201828125 0.2522111809648796 0.24758377512110358 0.47114293805553586 0.5266864189902218
2 0.5013091378212422 0.49780571766994786 0.33120534555465464 0.2059339445156519 0.29890607488634674 0.22475806158852701 0.4690098671529343 0.5166298347428231
2 0.5278530768313227 0.5169549851150773 0.4261135561863248 0.20592411118877849 0.3819309686360926 0.22037642333860524 0.4836704892810905 0.531407297264904
2 0.519816871875 0.21775716093750005 0.5167266663906618 0.21775495037390172 0.5165209054531618 0.5053936222489016 0.5196111109375001 0.5053958328125
2 0.5852276573420393 0.2175788200068879 0.5354261261862397 0.21693876775282778 0.5314667500908843 0.5250120394577019 0.5812682812466837 0.525652091711762
1 0.8821424890625 0.3702708328125 0.8821396692110464 0.3661210414874398 0.8437870082794771 0.36614710275129825 0.8437898281309307 0.37029689407635846
1 0.9450375515625 0.3815319015625001 0.8910493828125 0.3815319015625001 0.8910493828125 0.9992330734375001 0.9450375515625 0.9992330734375001
1 0.6755120804333192 0.2961010704049353 0.6490825801127278 0.296047183344486 0.64838817648285 0.6366250661510232 0.6748176768034413 0.6366789532114725
1 0.6988947513156546 0.21787885379527486 0.6883591723647031 0.21786021447220194 0.6877596305815652 0.5567416087130774 0.6982952095325167 0.5567602480361503
1 0.8321840484843402 0.550543894105415 0.8116322174815135 0.5269618977922098 0.7224631041552966 0.6046732384019161 0.7430149351581233 0.6282552347151212
1 0.8797067906250001 0.5278600265625001 0.8797012759244784 0.5236046916715362 0.8460389188193089 0.5236483163974486 0.8460444335198305 0.5279036512884125
1 0.8343111558975534 0.19227200274823808 0.8131850632099409 0.16894399277654584 0.7241348074036861 0.2495888467654379 0.7452609000912986 0.2729168567371302
1 0.8829391980725232 0.16869244173251846 0.8453192666890162 0.16861263196494064 0.845309595178993 0.17317149179492225 0.8829295265624999 0.17325130156250007
1 0.8051626213854842 0.9809402129884713 0.7997983609791209 0.9738534196760853 0.7730364792686284 0.9941104945097015 0.7784007396749917 1.0011972878220876
1 0.8783281890625 0.7212727859375001 0.8467175921875001 0.7212727859375001 0.8467175921875001 0.7260058593750002 0.8783281890625 0.7260058593750002
1 0.9123785889758276 0.8490380735773222 0.9067096153865284 0.7405556143932464 0.8887863552648417 0.7414922311424259 0.8944553288541408 0.8499746903265015
2 0.9048895150701014 0.8755807892049787 0.8868947856245846 0.8652210936435196 0.8147170246675419 0.990593434239814 0.8327117541130586 1.0009531298012733
2 0.9046169671626142 0.9160596123856013 0.8993774137550193 0.9120915839446729 0.8348259280113425 0.9973281093699932 0.8400654814189373 1.0012961378109215
2 0.9049031441158929 0.9554207387149077 0.9018518515625003 0.9529511718750001 0.8644258361440494 0.9991931768712092 0.8674771286974421 1.0016627437111167
2 0.9048242313815011 0.9953733534954303 0.9017561734375003 0.9925292968750004 0.8957488127280812 0.9990098045465476 0.898816870672082 1.0018538611669776