1 0.7997362816722118 0.5374836741224697 0.7449503424667895 0.5299387691380922 0.6976429535299914 0.8734526688658244 0.7524288927354137 0.8809975738502018
2 0.7936152918388576 0.8235070506112827 0.7544321562405965 0.7734215539698488 0.602634402294268 0.8921767301233782 0.641817537892529 0.942262226764812
2 0.5971820984375 0.9018391921875002 0.5917882939025145 0.8974998036301726 0.5712543439025145 0.9230232411301724 0.5766481484374999 0.9273626296875002
2 0.7782795227172346 0.8294156494265209 0.7473662776069381 0.775969115121527 0.5736261679865552 0.8764596457803654 0.6045394130968516 0.9299061800853593
2 0.4209777089469613 0.9268621964545245 0.3008140484792045 0.7664452374776461 0.29438623640724326 0.7712601238356216 0.414549896875 0.9316770828125
2 0.34907722776816064 0.8213635598847068 0.28858281875 0.76848046875 0.18675060211989897 0.8849691162905803 0.24724501113805958 0.9378522074252873
2 0.2982654353118796 0.9125954674229879 0.297105437798719 0.7866789423242532 0.18788454242063252 0.7876851324722454 0.18904453993379314 0.9136016575709801
2 0.2544487034437463 0.48683878930216934 0.23942748378438364 0.48607560082882595 0.22521343260491283 0.7658392404457729 0.24023465226427554 0.7666024289191162
2 0.6065809949075673 0.5181004729324619 0.5966152753701741 0.4194216072245539 0.5827058368048604 0.42082634128457874 0.5926715563422535 0.5195052069924866
2 0.645528257237341 0.38051149788020133 0.5864946297655832 0.3792386216958518 0.5783385095034955 0.7575042936339244 0.6373721369752532 0.7587771698182739
2 0.7864406969785432 0.7353002120647963 0.762695363977388 0.705742829474205 0.682279864222931 0.7703457358469675 0.7060251972240861 0.7999031184375589
2 0.7870373838977428 0.694683824506757 0.7688129976125785 0.6754917975370053 0.656948841919885 0.7817158867392825 0.6751732282050493 0.8009079137090342
2 0.7908150583465734 0.6557602585167516 0.778706326850539 0.6445786766062104 0.6408413716289655 0.7938750587144588 0.652950103125 0.805056640625
2 0.20997319780672702 0.0654062437208656 0.19697666994973817 0.06495228457773501 0.17271824361565177 0.7594538017042891 0.18571477147264062 0.7599077608474196
2 0.561266271539893 0.6055652730148051 0.22587787335112716 0.43414642382420976 0.18773228973929626 0.5087799092661918 0.523120687928062 0.6801987584567872
2 0.5618742423247893 0.5664255695493845 0.22691171584722536 0.3935637396754981 0.18836300856006366 0.46826138920733607 0.5233255350376276 0.6411232190812225
2 0.5629135625089535 0.5280011302199215 0.22772280224584499 0.3543137978088445 0.18919471414917022 0.4286672866979675 0.5243854744122787 0.6023546191090445
0 0.23567778682944626 0.04358969032109251 0.20970164531249996 0.04352669218750003 0.2096193415931844 0.07746314297415278 0.2355954831101307 0.07752614110774528
0 0.20046693782267364 0.07007623460789189 0.19936980717101493 0.04737728989284672 0.18089697682424863 0.04827015555910367 0.18199410747590733 0.07096910027414884
0 0.2822568593709908 0.052188352939981766 0.2810614086048255 0.02975814283468158 0.2624432070643145 0.030750427043868066 0.26363865783047985 0.05318063714916824
0 0.2804701427965825 0.07140056478747825 0.2636269610216643 0.07062066906378157 0.26261655039040355 0.09244221444803753 0.2794597321653218 0.09322211017173421
0 0.2820094966816309 0.12840430612885165 0.2752660170909092 0.10768931212551025 0.25840822722585477 0.11317713229486834 0.26515170681657646 0.13389212629820973
0 0.28062472488369217 0.17029446200281356 0.2762630890105754 0.14930380313134523 0.25986577143802336 0.15271099148999856 0.26422740731114014 0.1737016503614669
0 0.2871861372094369 0.3187815247061613 0.2656039773041792 0.2970822885485396 0.24313471685088608 0.3194303181535137 0.2647168767561438 0.34112955431113534
0 0.27904137185707 0.3427519306590203 0.25149589951341184 0.34233308313934185 0.2509751664353267 0.37657905076935655 0.2785206387789849 0.376997898289035
0 0.2781359956463333 0.3822193585085854 0.2505905127443404 0.3818005611203103 0.250069842231425 0.416046526144482 0.27761532513341786 0.4164653235327571
0 0.2783844218410525 0.42249130016050407 0.25023052806550833 0.421029012673487 0.2484772083999988 0.4547862430783126 0.27663110217554293 0.4562485305653296
0 0.2772099830164868 0.46230134291689895 0.25002001799198037 0.4613795848204184 0.2488893937347631 0.4947306713223699 0.27607935875926953 0.49565242941885046
0 0.27544975179693376 0.5342737021684464 0.2739613966559754 0.49999064714390995 0.2474427039811628 0.5011419223889488 0.24893105912212116 0.5354249774134853
0 0.2742571337233631 0.5742957058666571 0.273549337984794 0.5401612878364699 0.24752732980128184 0.5407008683409626 0.2482351255398509 0.5748352863711499
0 0.2718724281250001 0.620037109375 0.2450411515625001 0.620037109375 0.2450411515625001 0.6536171875 0.2718724281250001 0.6536171875
0 0.2733539093750001 0.5797265625 0.24652263437500008 0.5797265625 0.24652263437500008 0.6138502609375001 0.2733539093750001 0.6138502609375001
0 0.2710082296875001 0.6593352859375 0.24417695468750006 0.6593352859375 0.24417695468750006 0.692916015625 0.2710082296875001 0.692916015625
0 0.2708024687500001 0.6974368484375 0.2426543203125001 0.6974368484375 0.2426543203125001 0.73259375 0.2708024687500001 0.73259375
0 0.2705995486453135 0.7373645471146022 0.24300417240074004 0.7364800117533346 0.24187219848187674 0.7717948759836502 0.2694675747264502 0.7726794113449178
0 0.2705995486453135 0.7373645471146022 0.24300417240074004 0.7364800117533346 0.24187219848187674 0.7717948759836502 0.2694675747264502 0.7726794113449178
0 0.22897119375000008 0.7607135421875 0.1994238687500001 0.7607135421875 0.1994238687500001 0.793349609375 0.22897119375000008 0.793349609375
0 0.2227671181652804 0.7050740280308944 0.22184135800333885 0.6705312790427264 0.19369482562336873 0.6712856179166561 0.19462058578531025 0.7058283669048241
0 0.22193878593750008 0.6318639328125 0.1951075109375001 0.6318639328125 0.1951075109375001 0.6654446609375 0.22193878593750008 0.6654446609375
0 0.2225013300924366 0.5920524497107965 0.19565416370375194 0.5917284073875843 0.19524154195497082 0.625914450233172 0.2220887083436555 0.6262384925563842
0 0.22357740678814086 0.5550785503846576 0.19968237096483768 0.5545740270140698 0.19908850323919683 0.5827005547544122 0.22298353906250004 0.583205078125
0 0.22596387601615878 0.48828491971201754 0.19797280799502137 0.4870595827388965 0.19640561317855731 0.5228599035259903 0.2243966811996947 0.5240852404991114
0 0.2269481124789992 0.48304022329151924 0.22624185225419097 0.4490004021802217 0.19793685552757095 0.4495876759289872 0.19864311575237922 0.48362749704028474
0 0.2299289238120028 0.4119490784535184 0.20134958169100314 0.4089207781948622 0.19765159306153784 0.443820250893766 0.2262309351825375 0.44684855115242217
0 0.22869580184164354 0.4039072404837821 0.22750413699959596 0.37019916866344815 0.20054178756132518 0.3711523553083516 0.20173345240337276 0.40486042712868553
0 0.18675774378720905 0.17520407349461722 0.15818384643280833 0.17406669784219714 0.15675780931825783 0.2098925378344912 0.18533170667265855 0.21102991348691122
0 0.18419087190973732 0.2761943079317136 0.15561697455533666 0.2750569322792936 0.15419093744078613 0.3108827722715877 0.18276483479518682 0.3120201479240078
0 0.16359449289730882 0.7932398046788306 0.16354926998866468 0.760578672011951 0.13945002738784457 0.7606120400478253 0.1394952502964887 0.7932731727147051
0 0.1964719882459822 0.7597469204059064 0.16918683118608963 0.7594643243279623 0.16884124790579075 0.7928310084971997 0.19612640496568332 0.7931136045751438
0 0.1680067145839545 0.8265099604541376 0.1409090516864718 0.8177211969808077 0.1309488606329689 0.848430625034182 0.15804652353045162 0.8572193885075118
0 0.19641619054464748 0.8208334452299553 0.16836112466586842 0.8201127478412802 0.1674557257043637 0.855357814509682 0.19551079158314277 0.856078511898357
0 0.227550146598608 0.8218261301207332 0.1993487733321921 0.8211016846188983 0.1984433872164797 0.8563467537576548 0.2266447604828956 0.8570711992594898
0 0.25921960765913477 0.8231674024400126 0.23093667897434605 0.8222117913996755 0.22974664297683947 0.8574329240876557 0.2580295716616282 0.8583885351279928
0 0.2921210704221254 0.8249723198039506 0.26135954367424175 0.8245817063794425 0.26091044733002894 0.8599488707882909 0.29167197407791257 0.860339484212799
0 0.22853160570233846 0.9056087014289759 0.19923468019043356 0.9051542989189629 0.19865358023701 0.9426198535214994 0.2279505057489149 0.9430742560315123
0 0.16578900393402723 0.9393313770976095 0.16552818573937314 0.906177217902861 0.1396497214116964 0.9063807994295925 0.13991053960635053 0.9395349586243409
0 0.19918254596389526 0.9073843923702765 0.17179454391610333 0.9025882369625136 0.16533932799723333 0.9394501506775692 0.19272733004502526 0.9442463060853321
0 0.2701071194632568 0.911147086816225 0.24335604643888642 0.9095339442338568 0.24148925085057052 0.9404913968796726 0.26824032387494084 0.9421045394620409
0 0.3322705726702863 0.939758483231792 0.32758427061296336 0.9136049661766107 0.30699175624186925 0.9172948233479847 0.31167805829919215 0.9434483404031659
0 0.3610314132650404 0.9427748346847101 0.3605677416412862 0.9152120103490589 0.3403151750066646 0.9155527062205092 0.3407788466304188 0.9431155305561605
0 0.39686089052081874 0.911804458830676 0.3685105815259418 0.911428671664875 0.3680349796875001 0.9473092453125002 0.39638528868237705 0.9476850324783012
0 0.44324463699590566 0.9127647525892671 0.414894336795174 0.9123889576721945 0.4144187250000001 0.94826953125 0.44276902520073175 0.9486453261670726
0 0.4733724228943764 0.9500791432717426 0.4723319031173543 0.9142519267318393 0.4448257525559519 0.9150507801291443 0.44586627233297405 0.9508779966690476
0 0.5022182070168479 0.9187176516336522 0.4791251796474577 0.9183901619635393 0.478670440787219 0.9504562022199974 0.5017634681566092 0.9507836918901102
0 0.5428703703125002 0.9213229171874999 0.5224588484375002 0.9213229171874999 0.5224588484375002 0.9476608078125001 0.5428703703125002 0.9476608078125001
0 0.5776450625000001 0.9184993484374999 0.5504243828125002 0.9184993484374999 0.5504243828125002 0.9532395828125001 0.5776450625000001 0.9532395828125001
0 0.6176360102466489 0.933335872905317 0.5915260010159569 0.9153719316759183 0.5725420038344274 0.9429645593357096 0.5986520130651194 0.9609285005651081
0 0.6409567906250002 0.9206354171875001 0.6116563781250002 0.9206354171875001 0.6116563781250002 0.9552154953124999 0.6409567906250002 0.9552154953124999
0 0.6728160619206447 0.9217003907888979 0.6433817051465259 0.9212720883736834 0.6428462583166084 0.9580697632536559 0.6722806150907271 0.9584980656688703
0 0.7258127578125002 0.9250501296874999 0.6993930046875001 0.9250501296874999 0.6993930046875001 0.9611217453125 0.7258127578125002 0.9611217453125
0 0.7671636145768688 0.9471995326012342 0.7445839069014997 0.92236512130452 0.720165005420992 0.9445670430894125 0.7427447130963611 0.9694014543861268
0 0.7862165011826925 0.9305395837999839 0.761898805855312 0.9305009011870016 0.761850092382426 0.9611244630575705 0.7861677877098066 0.9611631456705527
0 0.8017613171875 0.8682454421875001 0.7720905343750002 0.8682454421875001 0.7720905343750002 0.9048665359375001 0.8017613171875 0.9048665359375001
0 0.7712014670261451 0.9028659779194423 0.7702483363267368 0.8691246688537605 0.7400103596052158 0.8699788367772744 0.740963490304624 0.9037201458429562
0 0.7385447482572859 0.9024223931924116 0.7383777286284701 0.8671064803016313 0.7098271157610907 0.8672415047813417 0.7099941353899065 0.9025574176721219
0 0.7076561331269973 0.867450427316306 0.6803584261348968 0.8653328034475909 0.6777783460753586 0.8985919060304164 0.7050760530674591 0.9007095298991314
0 0.6761245496299237 0.864754161223885 0.6493729040713803 0.8636782072966144 0.6479193820904352 0.899817398632092 0.6746710276489788 0.9008933525593626
0 0.6172817644502631 0.8809353356972913 0.6167295272682345 0.8492411742457359 0.5919990922417023 0.8496720758731625 0.592551329423731 0.881366237324718
0 0.588201151958318 0.8460772221159573 0.5579460256583031 0.8452228962052077 0.556916766357342 0.8816731194212105 0.587171892657357 0.88252744533196
0 0.5554363456676831 0.880257367710555 0.5552907109595439 0.8429249409950132 0.5270755090762765 0.8430350091864722 0.5272211437844158 0.8803674359020139
0 0.5205108474133716 0.9024839033358887 0.5048254469899357 0.9023505600286779 0.5046421739210094 0.9239092833952492 0.5203275743444453 0.9240426267024601
0 0.6081588892816607 0.9001625646629192 0.6039196266209486 0.8815535748529284 0.5880215382933928 0.8851752745213075 0.592260800954105 0.9037842643312983
0 0.6251910921586361 0.792184012610708 0.5975011544044607 0.791050459524644 0.5960807940524963 0.8257463994130478 0.6237707318066716 0.8268799524991118
0 0.5959785357621793 0.807462555414747 0.5827277044757461 0.8062690391774565 0.5809955208863574 0.8255003422657342 0.5942463521727906 0.826693858503025
0 0.7487551437500001 0.83074609375 0.7484401885124479 0.7965178194346852 0.7202097353874479 0.7967775850596852 0.7205246906250001 0.831005859375
0 0.8079423875 0.7568990890625001 0.7818930046875001 0.7568990890625001 0.7818930046875001 0.7914088546875002 0.8079423875 0.7914088546875002
0 0.8093886018633321 0.7176451095392298 0.7840382236849648 0.7164847566192635 0.7824391064806593 0.7514208740565852 0.8077894846590263 0.7525812269765515
0 0.8109951347379702 0.7128863787296054 0.8098828011966945 0.6783170655904571 0.7839815239536095 0.6791504885550209 0.7850938574948851 0.7137198016941692
0 0.815438708774483 0.44151196963010825 0.7901832145484231 0.44139382505614166 0.7900294798618848 0.47425733590439545 0.8152849740879446 0.47437548047836203
0 0.8148662546875001 0.4060260421875002 0.7944958843750001 0.4060260421875002 0.7944958843750001 0.43028190156250024 0.8148662546875001 0.43028190156250024
0 0.8169547328125001 0.3624843750000001 0.7904115218750001 0.3624843750000001 0.7904115218750001 0.3960052078125001 0.8169547328125001 0.3960052078125001
0 0.8186327215914997 0.3219720718907314 0.7915759646587891 0.32183225090499407 0.7913979642637397 0.3562771047828517 0.8184547211964501 0.356416925768589
0 0.820967206226239 0.2828786362109913 0.7936915175181478 0.28116336560322075 0.7915775505696847 0.31477899695856626 0.8188532392777759 0.3164942675663368
0 0.821332167648082 0.24351325407016405 0.7950943731900079 0.2423309996804496 0.7935890790610355 0.2757380212982451 0.8198268735191097 0.27692027568795957
0 0.8227596659682426 0.2044797041674878 0.7963797719203503 0.20345398152590072 0.7950904088584789 0.23661427221500914 0.8214703029063714 0.23763999485659623
0 0.829032267282274 0.18938523077120886 0.8163459328871957 0.1603291434295529 0.7919073639907197 0.1709993982891386 0.8045936983857978 0.20005548563079456
0 0.7511892680614742 0.1251584916108092 0.748011230762837 0.10586193495220284 0.730818157744269 0.10869354000474625 0.733996195042906 0.1279900966633526
0 0.6798720627351417 0.12492091745655313 0.6792522961969918 0.10400260758422324 0.6620508948319226 0.10451224976088196 0.6626706613700725 0.12543055963321187
0 0.5824193945008692 0.7513196578659785 0.55594964017821 0.7503485107365248 0.5548237502177884 0.7810359624550618 0.5812935045404476 0.7820071095845156
0 0.579243173999395 0.7158456096730297 0.5603667546091378 0.7148044483125672 0.5589896792992222 0.739771040494195 0.5778660986894792 0.7408122018546575
0 0.5850861117597321 0.7037608191978962 0.5839910749230417 0.670716837413273 0.5563466501204675 0.6716329395853794 0.5574416869571579 0.7046769213700026
0 0.5852151050135669 0.6638952301973604 0.582576460883191 0.630527095977296 0.5553187859279752 0.6326825447522839 0.5579574300583511 0.6660506789723484
0 0.587023282463249 0.592659289435283 0.5592322165293737 0.5908061633492678 0.5569710585582555 0.6247164248994588 0.5847621244921307 0.6265695509854741
0 0.5870142664508845 0.5512908408682244 0.5597615340250278 0.550414288111937 0.5585883859500157 0.586888408300237 0.5858411183758724 0.5877649610565245
0 0.5884109959025519 0.5454771858367923 0.5879980681163981 0.5122258690823446 0.5603786009178564 0.5125688583699347 0.5607915287040102 0.5458201751243823
0 0.5885958423045458 0.5069686194842964 0.5876706950143216 0.4730321813956052 0.559933397089931 0.47378833282039023 0.5608585443801553 0.5077247709090814
0 0.5908021065500049 0.4647632768512113 0.5862256737210718 0.43239216020481896 0.5590851145091146 0.43622912843578804 0.5636615473380476 0.4686002450821804
0 0.5888186252179539 0.42731229451052305 0.588349764562505 0.39386514461602773 0.5619070359073997 0.3942358176069462 0.5623758965628487 0.4276829675014415
0 0.5975181892648025 0.3635152804851187 0.5718280535952742 0.3504015195077758 0.557383851828799 0.37869801687873655 0.5830739874983273 0.39181177785607946
0 0.5953233491726246 0.3464290364494723 0.5886286830852192 0.3122923542188256 0.5608663447097728 0.3177369250758703 0.5675610107971784 0.35187360730651707
0 0.5943076213847287 0.3092298266004644 0.5934758053038348 0.2741593649050458 0.5647479369464461 0.2748407446677935 0.56557975302734 0.3099112063632121
0 0.5947812953691345 0.23667445150684122 0.5681847168316263 0.23466348620895355 0.56565460852271 0.2681261344292788 0.5922511870602182 0.2701370997271665
0 0.5956933119536647 0.2314812901730678 0.5955210023434773 0.19530541154791775 0.5671533573013705 0.1954405296997059 0.5673256669115581 0.23161640832485597
0 0.5967982679745507 0.19113879292323502 0.5960232552652137 0.15584928098688672 0.5672796798293205 0.1564805347235432 0.5680546925386575 0.1917700466598915
0 0.6010585728366291 0.11862646566539077 0.5721558744035302 0.11377851189469605 0.5661315863611789 0.14969432066637392 0.5950342847942778 0.15454227443706864
0 0.5984389154081045 0.11108761463857109 0.5969701116743277 0.07621793249590936 0.5695300947077382 0.07737377897625662 0.570998898441515 0.11224346111891836
0 0.6017109448950126 0.03745489779174183 0.5736922641401149 0.034505948693191 0.5702435949805164 0.06727259097248214 0.5982622757354141 0.07022154007103297
0 0.5330349796875 0.616484375 0.518796296875 0.616484375 0.518796296875 0.6353463546875 0.5330349796875 0.6353463546875
0 0.5454840556067226 0.6308121054784308 0.5450863105800389 0.6152161503026687 0.5324687423054468 0.6155379372643203 0.5328664873321305 0.6311338924400823
0 0.751817978301409 0.7660370589913003 0.7451373075119501 0.7654447262212853 0.7443254582141426 0.7746012310845384 0.7510061290036015 0.7751935638545533
0 0.6259347594081626 0.5530949657741877 0.5978429703035608 0.5524319855336031 0.5970303988609107 0.5868622508748743 0.6251221879655124 0.587525231115459
0 0.6281504332866911 0.5448069011047678 0.6246790131252947 0.5111852264827278 0.5972830124397807 0.514013849095683 0.6007544326011771 0.547635523717723
0 0.6253196791350145 0.47930544073015013 0.6049730077846189 0.47693656068416945 0.6020742675388429 0.5018342819558919 0.6224209388892386 0.5042031620018725
0 0.6259032753407981 0.43861703581069367 0.6054182171139322 0.43725115287947414 0.6036569387778503 0.46366621997174595 0.6241419970047164 0.4650321029029655
0 0.6301076988087426 0.3950613250691843 0.6025648287133294 0.3939335244619026 0.6012550944410712 0.42591953394567444 0.6287979645364844 0.42704733455295624
0 0.6296836401000172 0.3541149108739511 0.6023274708772745 0.3539389304620884 0.6021122682890158 0.3873921901701691 0.6294684375117586 0.3875681705820318
0 0.2900155418082329 0.7729005686422513 0.2888271423147608 0.7564683787020926 0.2737401330428376 0.7575594928044768 0.2749285325363097 0.7739916827446355
0 0.3026947387086981 0.7701841411763286 0.3018089972643187 0.7530068252443125 0.2859413584341258 0.7538250337113379 0.2868270998785053 0.7710023496433539
0 0.756141975 0.6568131515625002 0.7477674890625 0.6568131515625002 0.7477674890625 0.6664798171875002 0.756141975 0.6664798171875002
0 0.22117952541494773 0.7108399634685221 0.1935241650079345 0.7098944751038381 0.19233798912539798 0.7445899010476755 0.2199933495324112 0.7455353894123595
1 0.5806124302525106 0.06110625912633512 0.2351778859587692 0.05469847648867302 0.23485320822059821 0.07220139643296358 0.5802877525143397 0.07860917907062567
1 0.24442533126963192 0.7143080586633377 0.2370045334954157 0.706107348840594 0.2128416542748121 0.7279722659288226 0.22026245204902833 0.7361729757515663
1 0.24701807582470833 0.6740378527120914 0.23977134283262286 0.6670822391561952 0.21885531931730448 0.6888736794732337 0.22610205230938996 0.6958292930291299
1 0.247988695894714 0.6349178669919839 0.24060016656668007 0.6272725841803422 0.21784457135589186 0.6492639724303308 0.2252331006839258 0.6569092552419726
1 0.24803198658420192 0.5960213340864615 0.24075697926388412 0.5882838211898351 0.2184255251542769 0.6092804249165403 0.2257005324745947 0.6170179378131666
1 0.20447359078629884 0.4776863594662345 0.1755745636955745 0.4745481361664634 0.13816220454468126 0.8190681646515182 0.1670612316354056 0.8222063879512893
1 0.26074422778282086 0.8948689027435315 0.16100644222510616 0.8450667317192788 0.15005706665540663 0.8669948214009467 0.24979485221312134 0.9167969924251992
1 0.5744781873226623 0.8308221251067233 0.55312219524876 0.760939043856242 0.2452535150198722 0.8550224897650553 0.26660950709377446 0.9249055710155366
1 0.45812638975748304 0.9496733544711745 0.19217608339215148 0.9308872692588158 0.19078020501824017 0.9506483997441733 0.4567305113835717 0.9694344849565318
1 0.5667647522190061 0.8858402967142298 0.5568286411397361 0.8599068943817917 0.45644835443801873 0.8983665483080981 0.46638446551728874 0.9242999506405363
1 0.7389767210657959 0.9111456231892004 0.5684010241009743 0.8810865363256397 0.5639264684058783 0.9064782077281455 0.7345021653707 0.9365372945917061
1 0.7002384079896216 0.9331981792579918 0.5097420695378275 0.9236583588561444 0.5078399968240146 0.9616399845249323 0.6983363352758085 0.9711798049267795
1 0.9389201949074601 0.33098355145836633 0.7978539093749999 0.18522330781250007 0.16402264839430014 0.798643122464673 0.3050889339267605 0.9444033661105392
1 0.9240434909582371 0.3502498645089913 0.7951777683917406 0.2260807455688952 0.2180759789070387 0.8250109766212917 0.34694170147353515 0.9491800955613879
1 0.9173357590830902 0.3762367051898817 0.7802770759967929 0.2501992702670309 0.25118866197977663 0.825553420450887 0.388247345066074 0.9515908553737378
0 0.3044900232740671 0.9398027915949319 0.29902966564304856 0.9084462749098506 0.27155764471801164 0.91323019464826 0.2770180023490301 0.9445867113333414
1 0.903564113363051 0.39830163517610045 0.7945185187499999 0.30665234375000006 0.2882176641704472 0.9090561035787449 0.3972632587834982 1.0007053950048452
0 0.7167002028884414 0.8254115697207987 0.7119133359256692 0.7982372135790138 0.6908001751679641 0.8019563777492129 0.6955870421307363 0.8291307338909977
0 0.683297628426194 0.7989933037767191 0.6628206042511835 0.7985344721708545 0.6621905380270853 0.8266534620961495 0.6826675622020959 0.8271122937020141
0 0.6528748178411051 0.8235868186876194 0.6508372785178863 0.797683659371483 0.6296144300472599 0.799353046019724 0.6316519693704787 0.8252562053358604
1 0.8809689345149538 0.41373708913997564 0.7790078549861905 0.3336958630019692 0.31979586697173634 0.9186662874901395 0.4217569465004997 0.9987075136281458
1 0.5371768351092647 0.6156656015087408 0.276172713823965 0.3292499879987818 0.24677451592982536 0.3560399060297849 0.5077786372151252 0.642455519539744
1 0.5227072510940546 0.6244093808911535 0.27696296249999997 0.36756705781250004 0.24312606628927896 0.39994187784941476 0.4888703548833336 0.6567842009280682
1 0.7443018184683622 0.13414135340215327 0.5920719416375151 0.060981670797781426 0.5625182199332663 0.12247673549427698 0.7147480967641133 0.19563641809864882
1 0.61278595735359 0.4826004363076587 0.5902227662714272 0.4561431052235627 0.5807804307928374 0.46419566422840414 0.6033436218750001 0.4906529953125001
1 0.8419838781454541 0.41704721230815905 0.786001360477275 0.38064297129783925 0.5533431865615978 0.738425195852073 0.6093257042297769 0.7748294368623927
1 0.29428175332997697 0.4498235246548827 0.2713678331532951 0.4492660362046955 0.2638900499756208 0.7566182813933081 0.28680397015230263 0.7571757698434953
1 0.3246595539917071 0.7522420735010087 0.30322046794685925 0.40843367221242977 0.2708183713615466 0.41045419100755626 0.2922574574063944 0.7542625922961352
2 0.5576681188912328 0.6279714922239208 0.5411907154702 0.6275835574378879 0.5361194727826442 0.8429829354192373 0.5525968762036768 0.8433708702052701
2 0.5517488973043136 0.6313817376474204 0.5202341528012105 0.630120641936154 0.5093128709768326 0.9030431515179138 0.5408276154799356 0.9043042472291803
2 0.6054533423148774 0.8249597976381094 0.569058802338493 0.7783084491701919 0.5488211020432178 0.7940966700172915 0.585215642019602 0.8407480184852089
1 0.6571845076026889 0.8691725002498721 0.6214045253107738 0.8219086668277388 0.6148702239580849 0.8268553072028666 0.6506502062499998 0.874119140625
1 0.23088477343750005 0.20887890625000005 0.22566220881810845 0.20867753899951733 0.2229329176719141 0.27946312772838133 0.22815548229130572 0.27966449497886414
1 0.25536197681144623 0.5475966481100873 0.24606949355688004 0.30500339660888 0.2252503371918197 0.305800869995709 0.23454282044638589 0.5483941214969164
1 0.8284728281944205 0.6307666748368713 0.7898868312499998 0.57775 0.33987334318960577 0.9052737296317611 0.37845934013402643 0.9582904044686325
2 0.6359020520444856 0.38304009300905073 0.5857039591289117 0.3814417762344838 0.5814755859089756 0.5142416536765395 0.6316736788245495 0.5158399704511065
0 0.631407921875 0.3146093750000001 0.6038723810211823 0.3141498146806282 0.6032977919586824 0.34857754905562827 0.6308333328125001 0.3490371093750001
1 0.7925086303293198 0.6167918108643088 0.7683652029612237 0.614928101457465 0.7486738687500002 0.87001953125 0.7728172961180964 0.8718832406568439
2 0.5315245850197138 0.9382095213362444 0.25494206103082223 0.9320456408878997 0.25437752830769267 0.9573770675347983 0.5309600522965842 0.963540947983143
2 0.851718171724767 0.46103188069732604 0.7910030422852322 0.4202261479122562 0.547428509554423 0.7826423643007584 0.6081436389939577 0.8234480970858282
1 0.7534288020537678 0.6655056404225551 0.7475747512719971 0.6653516936957435 0.744904783045064 0.766881163726676 0.7507588338268347 0.7670351104534877
0 0.7427983546875001 0.7682291671875002 0.7345679015625002 0.7682291671875002 0.7345679015625002 0.7779947921875002 0.7427983546875001 0.7779947921875002
1 0.7953585818170412 0.4654764970881077 0.7648545112983026 0.46005716233990646 0.7108026399260148 0.7643015341343083 0.7413067104447533 0.7697208688825096
0 0.8121584359374999 0.4857122390625002 0.7933780859375 0.4857122390625002 0.7933780859375 0.5097773437500002 0.8121584359374999 0.5097773437500002
2 0.8016132118425288 0.49994659066723557 0.7800499890011718 0.49636796017098767 0.7525975760287091 0.661783892069749 0.7741607988700661 0.6653625225659969
0 0.8115843262298336 0.5255203722157418 0.7933243596038121 0.52363748468594 0.7908070558519922 0.5480499266232594 0.8090670224780137 0.5499328141530612
0 0.8086781767305882 0.588206561459214 0.8073246327122533 0.5642234428489029 0.7893044300468633 0.5652404556037176 0.7906579740651981 0.5892235742140286
0 0.8088598800141259 0.6042390325385704 0.7899340866329356 0.6033120816231904 0.7887435557888066 0.6276194536706976 0.807669349169997 0.6285464045860776
0 0.808774138386003 0.6663542574841665 0.8057822757618733 0.6424970683082343 0.7853881233426661 0.6450546412865038 0.7883799859667957 0.6689118304624361
0 0.6215861387410142 0.6201408548070496 0.6194478755929653 0.595480960050195 0.6009554908159206 0.5970844374890962 0.6030937539639696 0.6217443322459508
2 0.6259370891354649 0.6292236729989011 0.6106594134189922 0.6159866952572581 0.5687541683551924 0.6643523235297872 0.584031844071665 0.6775893012714302
0 0.2793323457178515 0.20933786278360755 0.27477359133143053 0.18726886133059353 0.257170671835558 0.19090506510884214 0.2617294262219789 0.21297406656185616
0 0.24357832141395228 0.20608662529845273 0.2364079100514438 0.17593929136273428 0.21174082229368216 0.1818062501696187 0.2189112336561907 0.21195358410533713
0 0.2779812136436017 0.2284098942683487 0.2604925474776306 0.2258176307598378 0.25697799064184934 0.24952853477114267 0.2744666568078204 0.2521207982796535
0 0.2771265321498583 0.268896471421909 0.2596379711229196 0.266303886285933 0.2561229681576457 0.29001471568746073 0.27361152918458437 0.2926073008234368
0 0.24127238358297204 0.30758844897372184 0.23410569125146488 0.277439607673537 0.20943801664778733 0.2833033698214112 0.21660470897929449 0.31345221112159605
0 0.23061550639306608 0.3591106780625191 0.22344509255655023 0.32896334350845613 0.19877800365488252 0.33483030449135487 0.20594841749139836 0.3649776390454179