1 0.4683614376585628 0.7692032981897912 0.12713283391884805 0.697363102053626 0.11639806327031041 0.7483514205281986 0.45762666701002513 0.8201916166643638
2 0.22487500459927898 0.7563306538996114 0.10944919785216238 0.602338276388355 0.05966376342469837 0.6396552139271995 0.17508957017181498 0.7936475914384559
2 0.1015512736417938 0.5934707262921993 0.0774134592719152 0.5714200044537735 0.07263737031249992 0.5766481484375001 0.09677518468237852 0.5986988702759258
2 0.2234723273269988 0.7458915047983359 0.1110210088682629 0.5780409898909818 0.06137037438533075 0.6113043928242419 0.17382169284406665 0.7791549077315959
2 0.23355476252235402 0.3008140484792046 0.2287398761643784 0.2943862364072433 0.06832291718750003 0.414549896875 0.07313780354547564 0.4209777089469613
2 0.23190016067548935 0.28790779659839705 0.09438606718750005 0.21036677031250006 0.06188246771544849 0.2680098430262384 0.1993965612034378 0.3455508693121354
2 0.21332105767574694 0.29710543779871895 0.21231486752775472 0.18788454242063252 0.08639834242902009 0.18904453993379317 0.0874045325770123 0.29826543531187966
2 0.5138576657254245 0.24263118088651164 0.23421145309016614 0.22515265144426694 0.2332802553424989 0.24005126887144232 0.5129264679777572 0.257529798313687
2 0.580578392775446 0.5966152753701742 0.5791736587154211 0.5827058368048605 0.48049479300751335 0.5926715563422538 0.4818995270675382 0.6065809949075673
2 0.6201904519154454 0.6254071452306721 0.24296771195712563 0.5777432904978224 0.23640596697114305 0.629674453774346 0.6136287069294628 0.6773383085071958
2 0.29411015252773287 0.7532956275751184 0.2164525834675978 0.6876476367156428 0.18841698170069612 0.7208120436053529 0.2660745507608312 0.7864600344648285
2 0.3245144279863492 0.7671411335741961 0.21287481962690064 0.6611302702780103 0.19398171614730847 0.681026520601557 0.30562132450675705 0.7870373838977428
2 0.3553120152202812 0.7780765481552102 0.19986001890880423 0.6471140467609511 0.18914553579582286 0.6598320978948734 0.3445975321072999 0.7907945992891324
2 0.9349185563515199 0.1967952993991619 0.24029817656250002 0.17981892968750002 0.23997949789721482 0.19285827197744773 0.9345998776862346 0.20983464168910962
2 0.5658535761757904 0.2258778733511273 0.4912200907338084 0.18773228973929634 0.3198012415432129 0.5231206879280621 0.39443472698519483 0.5612662715398931
2 0.606436260324502 0.22691171584722553 0.531738610792664 0.18836300856006377 0.35887678091877745 0.5233255350376276 0.43357443045061544 0.5618742423247893
2 0.6456862021911558 0.22772280224584512 0.5713327133020327 0.18919471414917027 0.3976453808909556 0.5243854744122787 0.47199886978007866 0.5629135625089535
0 0.9564733078125001 0.20970164531250016 0.9225368570258471 0.20961934159318457 0.9224738588922546 0.23559548311013084 0.9564103096789076 0.2356777868294464
0 0.9526227101071532 0.199369807171015 0.9517298444408964 0.18089697682424866 0.9290308997258512 0.18199410747590736 0.9299237653921081 0.2004669378226737
0 0.9702418571653185 0.2810614086048256 0.9692495729561321 0.2624432070643146 0.9468193628508319 0.2636386578304799 0.9478116470600183 0.2822568593709909
0 0.9293793309362182 0.26362696102166405 0.9075577855519621 0.2626165503904042 0.9067778898282661 0.2794597321653224 0.9285994352125222 0.2804701427965822
0 0.8922949724963336 0.27529620918742864 0.8868662938270772 0.2584294517767167 0.8661166032258409 0.26510787846050027 0.8715452818950972 0.2819746358712122
0 0.8505019925274505 0.27656681840259256 0.8475286822728709 0.2600990103764497 0.8263935674972736 0.2639150163314768 0.8293668777518531 0.2803828243576196
0 0.7028880517468805 0.2655175904253739 0.680390406351962 0.24314132902714153 0.6588230486314125 0.2648256827029799 0.681320694026331 0.28720194410121225
0 0.6584453258680688 0.2525729456194778 0.624215990538438 0.25028859295967276 0.6223838287307761 0.2777421827648271 0.6566131640604069 0.28002653542463213
0 0.6189779531994459 0.2516677125447714 0.5847486290097393 0.2493831753866152 0.5829163168966149 0.2768367911498538 0.6171456410863215 0.27912132830801
0 0.5791467088646721 0.2504897516485923 0.5454071313023972 0.24832493689238427 0.5436026512171228 0.276448542213395 0.5773422287793978 0.27861335696960293
0 0.5386204151795818 0.2500200179919804 0.5052693286776302 0.24888939373476315 0.5043475705811497 0.27607935875926953 0.5376986570831013 0.2772099830164868
0 0.5000093528560899 0.2739613966559754 0.49885807761105116 0.2474427039811628 0.4645750225865147 0.24893105912212113 0.46572629783155345 0.27544975179693376
0 0.45983871216353006 0.2735493379847941 0.4592991316590373 0.24752732980128184 0.42516471362885006 0.2482351255398509 0.4257042941333428 0.27425713372336313
0 0.379962890625 0.24504115156250003 0.3463828125 0.2450411515625 0.3463828125 0.27187242812500007 0.379962890625 0.2718724281250001
0 0.4202734375 0.24652263437500008 0.3861497390625 0.24652263437500008 0.3861497390625 0.2733539093750001 0.4202734375 0.2733539093750001
0 0.3406647140625 0.24417695468749998 0.307083984375 0.24417695468749998 0.307083984375 0.2710082296875 0.3406647140625 0.2710082296875
0 0.3025631515625 0.2426543203125 0.26740624999999996 0.2426543203125 0.26740624999999996 0.27080246875 0.3025631515625 0.27080246875
0 0.26357943193442357 0.24309387781227404 0.22824408278071145 0.24182353621761332 0.22725239719907786 0.26940789338973714 0.26258774635279 0.2706782349843978
0 0.26357943193442357 0.24309387781227404 0.22824408278071145 0.24182353621761332 0.22725239719907786 0.26940789338973714 0.26258774635279 0.2706782349843978
0 0.2398701596163757 0.2000915399395939 0.20730159833071354 0.1993497783888798 0.20663190974552953 0.22875382839373276 0.23920047103119169 0.2294955899444468
0 0.32946872095727364 0.22184135800333885 0.32871438208334386 0.1936948256233687 0.2941716330951758 0.19462058578531022 0.2949259719691056 0.22276711816528033
0 0.36813606718749997 0.19510751093750006 0.3345553390625 0.19510751093750006 0.3345553390625 0.2219387859375 0.36813606718749997 0.22193878593750002
0 0.4081145828125 0.19546502031250004 0.37391536406250003 0.19546502031250004 0.37391536406250003 0.22232510312500006 0.4081145828125 0.22232510312500006
0 0.44542597298593034 0.19968237096483762 0.41729944524558793 0.19908850323919675 0.41679492187500006 0.22298353906250004 0.44492144961534247 0.22357740678814092
0 0.5125212557972854 0.19794498659939602 0.4770142980994144 0.19702013706733223 0.47628646533450353 0.22496319839661458 0.5117934230323744 0.2258880479286784
0 0.5508462204377933 0.22640962281412397 0.5505435130904451 0.19807786098806515 0.5164991369712447 0.19844160408496242 0.5168018443185929 0.22677336591102124
0 0.59076821791011 0.20082208947805028 0.5556332511005729 0.19821780370955844 0.5535194626514957 0.22673536806415173 0.5886544294610327 0.2293396538326436
0 0.6295114781622331 0.22790065060487383 0.6292812500921976 0.20110758250072241 0.595412966870433 0.20139860663619097 0.5956431949404684 0.22819167474034238
0 0.825828200671198 0.15808452312002766 0.7899272589098316 0.15766711568895192 0.7895943713388178 0.18629855923861777 0.8254953131001841 0.1867159666696935
0 0.7248379664894022 0.15551765143358684 0.6889370248195065 0.15510024202251432 0.6886041356693671 0.18373168550383676 0.7245050773392628 0.1841490949149093
0 0.2394213279880492 0.16354926998866468 0.2393879599521747 0.13945002738784457 0.20672682728529482 0.1394952502964887 0.2067601953211693 0.16359449289730882
0 0.2405045221644524 0.1962003044041621 0.24022030701020797 0.16875882262997913 0.2069678374335686 0.16910322297422814 0.20725205258781304 0.19654470474841113
0 0.18227880301919225 0.1409090516864716 0.15156937496581804 0.130948860632969 0.14278061149248852 0.1580465235304517 0.17349003954586273 0.16800671458395428
0 0.17988725215872012 0.16836112466586858 0.14464218549031854 0.16745572570436312 0.14392148810164293 0.19551079158314225 0.17916655477004453 0.1964161905446477
0 0.17888756997853122 0.199336832231985 0.14363591428177327 0.1984658782387882 0.14293934822299398 0.22665922377246792 0.17819100391975193 0.22753017776566473
0 0.17779711390585082 0.23094677986744902 0.14257759136886766 0.22973621650716494 0.14160539167757846 0.2580209061493267 0.17682491421456165 0.2592314695096108
0 0.17530510563601243 0.2612350311265848 0.13993570578563003 0.2609250703206344 0.1396651607340985 0.2917967673915588 0.17503456058448089 0.29210672819750927
0 0.09485087351680181 0.19939778636552535 0.05752267993436733 0.19862913988483866 0.056919271085223 0.2279328092519209 0.09424746466765749 0.22870145573260753
0 0.09382278209713887 0.16552818573937314 0.09361920057040739 0.13964972141169638 0.06046504137565922 0.1399105396063505 0.0606686229023907 0.16578900393402723
0 0.09741176303748657 0.17179454391610358 0.06054984932243118 0.16533932799723292 0.05575369391466785 0.19272733004502482 0.09261560762972323 0.19918254596389548
0 0.09064922448108112 0.24368552468648802 0.05970935397542983 0.24123813252619247 0.057593352320540324 0.2679885725472638 0.08853322282619161 0.2704359647075593
0 0.08638497926433375 0.32760745704602895 0.0827264497075206 0.3070140811953844 0.05656538358852768 0.31166174238159466 0.060223913145340834 0.3322551182322392
0 0.08478798965094111 0.3605677416412862 0.08444729377949088 0.3403151750066646 0.05688446944383968 0.3407788466304188 0.057225165315289914 0.3610314132650404
0 0.08857029455152929 0.3686148221804105 0.05269075468750003 0.3680349796875 0.052232624938416496 0.39638316871489004 0.08811216480244574 0.39696301120780053
0 0.08761000863574032 0.4149985657997319 0.05173046875000005 0.4144187249999999 0.05127234050806011 0.44276690356395676 0.0871518803938004 0.44334674436368876
0 0.08566571963548782 0.44620328779526586 0.05034721800645987 0.4451775424823733 0.0495482768216306 0.4726867157471476 0.08486677845065856 0.47371246106004017
0 0.08169557703126835 0.4792400493738816 0.04958172325346458 0.4786412384833317 0.04915087471151221 0.5017473764894949 0.08126472848931598 0.5023461873800448
0 0.07867708281250006 0.5224588484375 0.05233919218750007 0.5224588484375 0.05233919218750007 0.5428703703125 0.07867708281250006 0.5428703703125
0 0.08150065156250007 0.5504243828125001 0.04676041718750006 0.5504243828125001 0.04676041718750006 0.5776450625 0.08150065156250007 0.5776450625
0 0.08462806832408183 0.5915260010159566 0.05703544066429025 0.5725420038344274 0.03907149943489223 0.5986520130651194 0.0666641270946838 0.6176360102466486
0 0.07936458281250006 0.611656378125 0.044784504687500074 0.611656378125 0.044784504687500074 0.640956790625 0.07936458281250007 0.640956790625
0 0.07874791552539954 0.6437001980240814 0.04196028796050388 0.6428028508266288 0.04124281463486209 0.672216372779318 0.07803044219975776 0.6731137199767707
0 0.07507137437521619 0.6996028264435541 0.03902096543203586 0.699392011798301 0.03886709870079824 0.7257040290550092 0.07491750764397857 0.7259148437002623
0 0.07762436849192586 0.7445346644849067 0.05530162876897795 0.7201870603803014 0.03059779628098904 0.7428364028133162 0.05292053600393696 0.7671840069179214
0 0.06949909881299844 0.7618988058553119 0.03887553694242972 0.761850092382426 0.03883685432944744 0.7861677877098064 0.06946041620001617 0.7862165011826924
0 0.1317545578125001 0.772090534375 0.09513346406250009 0.772090534375 0.09513346406250009 0.8017613171875 0.1317545578125001 0.8017613171875
0 0.13104823070984267 0.7700437689332202 0.12973931612398304 0.7397829346300445 0.09606348337499655 0.7412395629646933 0.0973723979608562 0.771500397267869
0 0.1328824857961982 0.7100273800028354 0.0976192460315122 0.7098606094811571 0.09748410299558749 0.738436290784919 0.1327473427602735 0.7386030613065973
0 0.13457226799719496 0.6802043878560831 0.10124931254384735 0.6779864044667405 0.09943530937430171 0.7052399660134385 0.13275826482764935 0.7074579494027811
0 0.1361841953733984 0.6491750677127868 0.10006487986462834 0.648075184751984 0.09924818952723871 0.6748946710249663 0.1353675050360088 0.6759945539857691
0 0.1507588257542642 0.6167295272682344 0.1503279241268376 0.5919990922417022 0.11863376267528222 0.592551329423731 0.11906466430270883 0.6172817644502631
0 0.15461944194444016 0.5872524260643787 0.15376229640902223 0.5568974454823109 0.11719131810920272 0.5579301145921067 0.11804846364462065 0.5882850951741745
0 0.1570750590049867 0.5552907109595439 0.1569649908135276 0.5270755090762765 0.11963256409798603 0.5272211437844158 0.11974263228944511 0.5554363456676831
0 0.09767561212277087 0.5203931465282409 0.09754239668833115 0.504722787996739 0.07590111707001909 0.5049067628854047 0.07603433250445882 0.5205771214169066
0 0.11844642514707174 0.6039196266209486 0.11482472547869271 0.5880215382933928 0.09621573566870169 0.592260800954105 0.0998374353370807 0.6081588892816608
0 0.2092125269584016 0.5979072904243224 0.17465057995818312 0.5957689647522597 0.17292813379463604 0.6236090144663978 0.20749008079485445 0.6257473401384606
0 0.19411282628497184 0.5833307142851968 0.1748031669023402 0.5806624971314731 0.17299902141311185 0.5937189437647963 0.19230868079574348 0.5963871609185201
0 0.20324617228646588 0.720572368765181 0.1689941406250001 0.720524690625 0.16895484498067256 0.7487547274627191 0.20320687664213835 0.7488024056029001
0 0.2431009109375001 0.7818930046875 0.2085911453125001 0.7818930046875 0.2085911453125001 0.8079423875 0.2431009109375001 0.8079423875
0 0.2834135415549293 0.7839340220152046 0.24846702035304916 0.7826856890030959 0.2475605085235409 0.8080630799415529 0.282507029725421 0.8093114129536618
0 0.32143435107275015 0.8100878550449038 0.32099298061690945 0.78412827567137 0.28644282565607 0.7847157049754049 0.28688419611191074 0.8106752843489385
0 0.5586061749438586 0.7901832145484231 0.5257426640956049 0.7900294798618848 0.5256245195216382 0.8152849740879446 0.5584880303698919 0.815438708774483
0 0.5939739578125002 0.7944958843750001 0.5697180984375001 0.7944958843750001 0.5697180984375001 0.8148662546875001 0.5939739578125002 0.8148662546875001
0 0.6375156250000001 0.7904115218750001 0.6039947921875002 0.7904115218750001 0.6039947921875002 0.8169547328125001 0.6375156250000001 0.8169547328125001
0 0.6781677490950062 0.7915759646587892 0.6437228952171484 0.7913979642637397 0.643583074231411 0.8184547211964501 0.6780279281092689 0.8186327215914997
0 0.7189472119261635 0.7938198460963821 0.6853376266109786 0.791465318444363 0.6834275151868827 0.8187311068986217 0.7170371005020677 0.8210856345506411
0 0.7572661845549125 0.7945238104747545 0.7238519192296048 0.7942355512440342 0.7236250192810616 0.820537207097264 0.7570392846063693 0.8208254663279844
0 0.7965644690419602 0.7964140009515862 0.7634040419285599 0.7950695039235315 0.7623348177799749 0.8214406514286626 0.7954952448933753 0.8227851484567174
0 0.8394661559986828 0.8167015143105424 0.8293605524098566 0.7920473205022237 0.8000366038440123 0.8040670280687945 0.8101422074328385 0.8287212218771132
0 0.8931750422683551 0.7496597411877577 0.892674603157033 0.7324595497701136 0.8729048578043497 0.7330347499847586 0.8734052969156718 0.7502349414024027
0 0.895997392415777 0.6792522961969919 0.8954877502391183 0.6620508948319225 0.8745694403667883 0.6626706613700725 0.8750790825434471 0.6798720627351418
0 0.2494264652063946 0.555700166082045 0.21882503750842797 0.5551315936829503 0.21833088342590629 0.5817277148664941 0.24893231112387296 0.5822962872655888
0 0.2850191346754927 0.5601531542052097 0.259979374025954 0.5593339891112212 0.2593617685081047 0.5782125942376717 0.28440152915764344 0.5790317593316602
0 0.32928316258672696 0.5839910749230417 0.3283670604146206 0.5563466501204676 0.2953230786299973 0.557441686957158 0.29623918080210365 0.5850861117597321
0 0.36947290402270416 0.5825764608831911 0.36731745524771614 0.5553187859279752 0.33394932102765157 0.5579574300583511 0.3361047698026396 0.585215105013567
0 0.40872359108083395 0.5588801583226329 0.37469325802931086 0.5579577195177323 0.373945964679407 0.5855266394821895 0.4079762977309301 0.5864490782870903
0 0.44922383348989803 0.5594729712751398 0.4127345803761284 0.5591844820826921 0.41251937969270064 0.5864039149537373 0.44900863280647024 0.5866924041461851
0 0.4880347517367919 0.5614962800378949 0.4545876468074105 0.56048888581354 0.45376173123800223 0.5879106081591249 0.48720883616738364 0.5889180023834798
0 0.526967818604395 0.5876706950143215 0.52621166717961 0.559933397089931 0.49227522909091875 0.5608585443801553 0.4930313805157038 0.5885958423045456
0 0.567607839795181 0.5862256737210718 0.563770871564212 0.5590851145091146 0.5313997549178195 0.5636615473380477 0.5352367231487887 0.590802106550005
0 0.6061348553839724 0.5883497645625051 0.605764182393054 0.5619070359073998 0.5723170324985586 0.5623758965628488 0.572687705489477 0.588818625217954
0 0.6495984804922242 0.5718280535952742 0.6213019831212635 0.557383851828799 0.6081882221439205 0.5830739874983273 0.6364847195148814 0.5975181892648026
0 0.6877076457811746 0.5886286830852192 0.6822630749241297 0.5608663447097728 0.6481263926934829 0.5675610107971785 0.6535709635505278 0.5953233491726249
0 0.7258406350949542 0.5934758053038349 0.7251592553322065 0.5647479369464461 0.6900887936367879 0.5655797530273399 0.6907701733995355 0.5943076213847287
0 0.7649251404885017 0.5680588188935245 0.7317737725816374 0.5661516442941812 0.7302388859681139 0.5928317347472318 0.7633902538749782 0.5947389093465751
0 0.8046945884520822 0.5955210023434773 0.8045594703002941 0.5671533573013705 0.768383591675144 0.5673256669115581 0.7685187098269322 0.5956933119536647
0 0.8441507190131132 0.5960232552652137 0.8435194652764567 0.5672796798293205 0.8082299533401086 0.5680546925386574 0.8088612070767651 0.5967982679745506
0 0.8855539256825095 0.5712375901420709 0.8494342658270992 0.5671854038964745 0.8461813458250369 0.5961807059112922 0.882301005680447 0.6002328921568886
0 0.9237820675040904 0.5969701116743277 0.9226262210237431 0.5695300947077382 0.8877565388810815 0.5709988984415149 0.8889123853614288 0.5984389154081045
0 0.9685180927117754 0.589754352612627 0.9520172783496553 0.5653053085759241 0.9259844715291999 0.5828750144517209 0.94248528589132 0.6073240584884237
0 0.3835156250000001 0.518796296875 0.3646536453125001 0.518796296875 0.3646536453125001 0.5330349796875 0.3835156250000001 0.5330349796875
0 0.3848060781611642 0.5330338592754299 0.3691346074061408 0.5326341883682375 0.36881660948400735 0.5451031848530679 0.38448808023903075 0.5455028557602604
0 0.234570125489779 0.7451948217580907 0.22543902786476386 0.7442759624588758 0.22476460090577519 0.7509780314358455 0.23389569853079034 0.7518968907350604
0 0.44753512814166463 0.5978144004657036 0.4131084043282476 0.597072126569343 0.412502509604594 0.6251735732368069 0.44692923341801105 0.6259158471331674
0 0.4888147735172722 0.6246790131252947 0.48598615090431696 0.5972830124397807 0.45236447628227705 0.6007544326011771 0.45519309889523224 0.6281504332866911
0 0.5230634393158307 0.6049730077846189 0.49816571804410825 0.6020742675388429 0.49579683799812757 0.6224209388892386 0.52069455926985 0.6253196791350146
0 0.5629235409430002 0.6056915561651366 0.5365858267823185 0.6034487507803371 0.5348395178492982 0.6239560073732887 0.5611772320099799 0.6261988127580882
0 0.6059677397331664 0.6024694342866055 0.5740119887510746 0.6014381773204657 0.5731226939753957 0.6289949195625513 0.6050784449574875 0.6300261765286911
0 0.6460470843147386 0.6023098956811396 0.6125990902915136 0.6021273158568289 0.612449720257791 0.629491390798117 0.6458977142810159 0.6296739706224276
0 0.24337800789991357 0.2889854837493207 0.24259907568053526 0.27400499973839854 0.22611505050722264 0.2748621107838878 0.22689398272660094 0.2898425947948099
0 0.24703085655611146 0.30177093580086 0.24611789619926822 0.28590121067635677 0.22896443917276854 0.2868880221129221 0.2298773995296118 0.3027577472374253
0 0.34328057965411873 0.7479887187536043 0.33366956791818325 0.7476525807971509 0.3333772077467264 0.7560118778805242 0.3429882194826619 0.7563480158369775
0 0.29003485387556066 0.1935122704159023 0.25540414599447453 0.19242471839990602 0.2545355764571689 0.22008240969045773 0.28916628433825503 0.22116996170645398
1 0.9453015235113273 0.2351778859587693 0.9277986035670367 0.2348532082205983 0.9213908209293745 0.5802877525143397 0.9388937408736652 0.5806124302525107
1 0.291115783579672 0.2402260901410597 0.27488103357262506 0.21352055061657693 0.2639010421875 0.22019547343750007 0.280135792194547 0.2469010129619828
1 0.3314379540580855 0.24184349591831836 0.3118550586181531 0.21893785681045305 0.30431463534210945 0.22538444928020396 0.32389753078204186 0.24829008838806926
1 0.36968541024191437 0.24391219837356046 0.35209490456543735 0.2181185244452954 0.3435448803033719 0.22394938245854915 0.36113538597984884 0.2497430563868142
1 0.4090174461800059 0.24369788722897687 0.39196599831543744 0.2186946556952954 0.3834159740533719 0.22452551370854912 0.4004674219179404 0.24952874524223062
1 0.5247636358924196 0.1743643689249556 0.17959064594775237 0.14807451981274222 0.1773049710091092 0.17808432508950714 0.5224779609537764 0.2043741742017205
1 0.1582593844549883 0.16334567246868067 0.13779975419460674 0.15158538484451595 0.08204357351205713 0.24858563500438507 0.10250320377243868 0.2603459226285498
1 0.2414600738367859 0.5511704881323989 0.11801647134987862 0.25042182000783536 0.059616435683114165 0.2743923693473371 0.18306003817002142 0.5751410374719006
1 0.06911273074118421 0.19217608339215142 0.04935160025582673 0.19078020501824006 0.03056551504346814 0.4567305113835717 0.05032664552882562 0.45812638975748304
1 0.12809910446515677 0.5626825176456286 0.11023548960608816 0.4590582330235942 0.07624012458574102 0.46491863640231923 0.09410373944480961 0.5685429210243537
1 0.11891346367436037 0.5684010241009743 0.09352179227185484 0.5639264684058782 0.06346270540829409 0.7345021653707 0.08885437681079962 0.7389767210657959
1 0.0763416411438556 0.5097420695378274 0.038360015475067934 0.5078399968240145 0.02882019507322056 0.6983363352758085 0.06680182074200822 0.7002384079896213
1 0.8147766921875 0.7978539093750002 0.17705321847226466 0.18706769473053408 0.049030514092514244 0.3207365330146413 0.6867539878077497 0.9315227476591075
1 0.7726432296875 0.7965020578125 0.17503194134273287 0.21806295172232265 0.05106867375514044 0.34613494282815754 0.6486799620999075 0.924574048918335
1 0.7346250000000001 0.7967798359375001 0.1752188919644605 0.2506374760379647 0.050271471557984546 0.37861940033243763 0.6096775795935241 0.924761760231973
0 0.09195465542970398 0.29822366987990445 0.08573282230941977 0.27099786711902774 0.05469924067385967 0.278089880814897 0.06092107379414389 0.30531568357577366
1 0.69334765625 0.79451851875 0.08752049394357361 0.2921804694649189 -0.0014340524567377556 0.39946097608123593 0.6043931098496886 0.9017990253663172
0 0.2017627864209862 0.7119133359256692 0.19804362225078692 0.690800175167964 0.17086926610900216 0.6955870421307364 0.17458843027920148 0.7167002028884415
0 0.2014066477242963 0.6627176141683331 0.17328032296067616 0.6623266121888572 0.17299600328009102 0.6827788556366912 0.2011223280437112 0.6831698576161671
0 0.20231634062851706 0.6508372785178864 0.20064695398027607 0.6296144300472599 0.17474379466413956 0.6316519693704788 0.17641318131238054 0.6528748178411053
1 0.6551165359375002 0.7932592593750001 0.0816333923591159 0.31990250919025087 0.003027465435166299 0.41513548951353807 0.5765106090135506 0.8884922396982873
1 0.6707500120012181 0.276172713823965 0.6439600939702149 0.2467745159298253 0.3575444804602559 0.5077786372151251 0.38433439849125905 0.5371768351092647
1 0.6324329421875001 0.2769629625000001 0.6000581221505856 0.24312606628927919 0.3432157990719321 0.48887035488333364 0.37559061910884667 0.5227072510940546
1 0.9390183292022188 0.5920719416375151 0.8775232645057232 0.5625182199332663 0.8043635819013512 0.7147480967641134 0.8658586465978468 0.7443018184683623
1 0.5425 0.5886316875000002 0.5335537897016291 0.5795356261606762 0.5093470046874999 0.6033436218750001 0.5182932149858709 0.6124396832143241
1 0.6217111713949103 0.7802484002759401 0.24572174623174012 0.576889313246963 0.21787397799996477 0.6283768888577369 0.5938634031631349 0.831735975886714
1 0.5510786426434876 0.2930471190992233 0.550546295715758 0.27116656712688436 0.24268327933398542 0.2786567772065763 0.2432156262617151 0.30053732917891524
1 0.5905673396137083 0.30481708362857257 0.5898013271653149 0.2728188970755322 0.24570845471136177 0.2810562208771888 0.24647446715975527 0.31305440743022916
2 0.37238913136056145 0.5411622123099368 0.15698046875000007 0.5376738687500001 0.156714944976741 0.5540702241852685 0.37212360758730234 0.5575585677452051
2 0.3696255897689683 0.5297633659779495 0.09720744538301765 0.5091092220397461 0.09501534471348426 0.5380219670311723 0.3674334890994349 0.5586761109693759
2 0.22169155082980815 0.569058802338493 0.20590332998270866 0.5488211020432178 0.15925198151479103 0.5852156420196021 0.17504020236189052 0.6054533423148774
1 0.17809133317226145 0.6214045253107742 0.17314469279713346 0.6148702239580851 0.1258808593750001 0.6506502062500001 0.13082749975012806 0.6571845076026891
1 0.7912830097347819 0.22566024585267655 0.7205162765625001 0.22346707812500005 0.7203543605777181 0.2286916057098236 0.79112109375 0.23088477343750008
1 0.6949966033911199 0.24606949355688007 0.6941991300042909 0.22525033719181975 0.4516058785030837 0.23454282044638589 0.45240335188991265 0.25536197681144623
1 0.42225 0.7898868312500001 0.09424798187012202 0.34020710236291535 0.041530941442842306 0.37865957095156283 0.36953295957272025 0.8283392998386475
2 0.6198056379521792 0.6321781205933726 0.6183163918563757 0.5854055939698233 0.4835359790669411 0.5896970278098842 0.4850252251627446 0.6364695544334336
0 0.6857518480935563 0.6037476863442968 0.6513224817522059 0.6032980631946602 0.6509612586586495 0.6309582987253635 0.6853906249999999 0.6314079218749999
1 0.38476516150327755 0.7767695323037048 0.12998046875000013 0.74867386875 0.1274422496130641 0.7716916338121622 0.38222694236634147 0.7997872973658671
2 0.06795435911210052 0.25494206103082206 0.042622932465201914 0.2543775283076925 0.036459052016857244 0.530960052296584 0.061790478663755845 0.5315245850197137
2 0.5822096782800237 0.7854633110748164 0.19447633741253553 0.5804507370328043 0.16563021627069952 0.6350064294026799 0.5533635571381875 0.8400190034446922
1 0.33464890395118707 0.7475424221880445 0.23311190792950215 0.7451245992586896 0.23297271021492652 0.7509702373405743 0.33450970623661147 0.7533880602699293
0 0.2317708328125001 0.7345679015625 0.2220052078125001 0.7345679015625 0.2220052078125001 0.7427983546875 0.2317708328125001 0.7427983546875
1 0.5391638266361141 0.7629333845104389 0.2333557622959575 0.7209990143197337 0.22893639755903933 0.7532274076320448 0.5347444618991959 0.79516177782275
0 0.5143498197631085 0.7934782752981409 0.4903029853256182 0.7933033671675049 0.4901663992934681 0.8120815777037738 0.5142132337309584 0.8122564858344097
2 0.5036002232734136 0.7804180971574047 0.33822569019733006 0.752590118865825 0.3346080983593941 0.7740885387219141 0.49998263143547755 0.8019165170134936
0 0.4764307253702767 0.7934565650384703 0.45201495512791945 0.7907496144425278 0.44999459443481865 0.8089725781580009 0.4744103646771759 0.8116795287539433
0 0.4357765571510971 0.8073246327122533 0.4347595443962825 0.7893044300468632 0.4107764257859715 0.790657974065198 0.4117934385407861 0.808678176730588
0 0.3974896749321187 0.7915234653804899 0.37308952282844265 0.7880608873538009 0.3704505020237696 0.806657582805126 0.39485065412744563 0.8101201608318149
0 0.35750293169176584 0.8057822757618736 0.35494535871349625 0.7853881233426663 0.331088169537564 0.7883799859667959 0.3336457425158335 0.8087741383860033
0 0.4044865700791376 0.619503796680873 0.40297494679177576 0.601002398056106 0.3782871653808975 0.60301946855174 0.3797987886682593 0.6215208671765069
2 0.3833743412188947 0.608757227608673 0.32579732155447705 0.5783365684541286 0.31794237045885526 0.5932035925839491 0.37551939012327296 0.6236242517384933
0 0.8124604761876592 0.27558375396222107 0.8098473222378612 0.2579541507531869 0.7873900535925068 0.26128288705918684 0.7900032075423049 0.278912490268221
0 0.8240951220269354 0.23632475503867525 0.8181133037358599 0.21167930236064664 0.787998669183541 0.21898857251881715 0.7939804874746165 0.24363402519684577
0 0.7741780663036577 0.2604792501154183 0.7504634861312754 0.2569868045168095 0.7478871545116141 0.2744807413642271 0.7716017346839964 0.2779731869628359
0 0.7336917255141044 0.2596244082388758 0.7099771463020823 0.25613195683036677 0.7074008102703239 0.2736258938263302 0.731115389482346 0.27711834523483925
0 0.7225959596379025 0.23401977296088877 0.7166135138209696 0.20937444111976083 0.6864984466160744 0.21668461892495178 0.6924808924330073 0.24132995076607971
0 0.6710712567444436 0.22336148602566147 0.6650888106562771 0.19871615306715681 0.6349743572823406 0.206026181870075 0.6409568033705071 0.23067151482857967