1 0.7997362816722117 0.4625163258775304 0.7524288927354136 0.11900242614979817 0.6976429535299914 0.12654733113417554 0.7449503424667894 0.4700612308619078
2 0.7936152918388575 0.17649294938871757 0.6418175378925288 0.05773777323518829 0.6026344022942679 0.10782326987662194 0.7544321562405966 0.2265784460301512
2 0.5971820984375001 0.09816080781249999 0.5766481484375001 0.07263737031250002 0.5712543439025146 0.07697675886982762 0.5917882939025146 0.10250019636982759
2 0.7782795227172343 0.17058435057347934 0.6045394130968516 0.07009381991464095 0.5736261679865552 0.12354035421963487 0.747366277606938 0.22403088487847328
2 0.4209777089469613 0.07313780354547561 0.414549896875 0.06832291718750005 0.29438623640724326 0.2287398761643784 0.30081404847920445 0.23355476252235396
2 0.34907722776816064 0.17863644011529298 0.24724501113805958 0.062147792574712715 0.1867506021198989 0.11503088370941979 0.28858281874999997 0.23151953125000002
2 0.2982654353118797 0.08740453257701235 0.18904453993379322 0.08639834242902011 0.18788454242063254 0.21231486752775472 0.297105437798719 0.21332105767574694
2 0.2544487034437462 0.5131612106978306 0.2402346522642754 0.23339757108088363 0.22521343260491272 0.23416075955422705 0.2394274837843835 0.5139243991711739
2 0.6065809949075673 0.48189952706753836 0.5926715563422537 0.48049479300751347 0.5827058368048604 0.5791736587154213 0.5966152753701741 0.5805783927754462
2 0.6455282572373409 0.6194885021197989 0.6373721369752532 0.24122283018172616 0.5783385095034954 0.2424957063660757 0.5864946297655831 0.6207613783041483
2 0.7864406969785431 0.264699787935204 0.706025197224086 0.20009688156244138 0.6822798642229306 0.22965426415303275 0.7626953639773879 0.29425717052579536
2 0.7870373838977429 0.30531617549324297 0.6751732282050495 0.19909208629096575 0.656948841919885 0.21828411326071756 0.7688129976125784 0.3245082024629948
2 0.7908150583465732 0.34423974148324865 0.6529501031249999 0.19494335937500007 0.6408413716289655 0.20612494128554132 0.7787063268505389 0.3554213233937899
2 0.20997319780672682 0.9345937562791345 0.18571477147264054 0.24009223915258043 0.17271824361565186 0.24054619829571103 0.19697666994973817 0.9350477154222652
2 0.5612662715398932 0.39443472698519494 0.5231206879280621 0.3198012415432128 0.18773228973929626 0.49122009073380823 0.22587787335112725 0.5658535761757904
2 0.5618742423247893 0.43357443045061556 0.5233255350376276 0.3588767809187775 0.18836300856006366 0.531738610792664 0.22691171584722544 0.606436260324502
2 0.5629135625089534 0.47199886978007877 0.5243854744122786 0.3976453808909556 0.18919471414917013 0.5713327133020325 0.22772280224584493 0.6456862021911557
0 0.23567778682944626 0.9564103096789076 0.2355954831101307 0.9224738588922545 0.20961934159318446 0.922536857025847 0.20970164531250002 0.9564733078125001
0 0.20046693782267372 0.9299237653921081 0.1819941074759074 0.929030899725851 0.1808969768242487 0.9517298444408961 0.19936980717101502 0.9526227101071532
0 0.28225685937099093 0.9478116470600181 0.26363865783047996 0.9468193628508317 0.2624432070643146 0.9692495729561319 0.2810614086048256 0.9702418571653183
0 0.28047014279658206 0.928599435212522 0.27945973216532216 0.9067778898282659 0.26261655039040405 0.9075577855519621 0.26362696102166394 0.9293793309362182
0 0.28200949668163083 0.8715956938711485 0.2651517068165764 0.8661078737017904 0.2584082272258549 0.8868228677051316 0.2752660170909093 0.8923106878744897
0 0.28062472488369233 0.8297055379971866 0.26422740731114025 0.8262983496385331 0.25986577143802336 0.8472890085100016 0.2762630890105754 0.850696196868655
0 0.2871861372094369 0.6812184752938389 0.26471687675614386 0.6588704456888648 0.2431347168508861 0.6805696818464865 0.2656039773041792 0.7029177114514605
0 0.27904137185707 0.6572480693409797 0.2785206387789849 0.623002101710965 0.2509751664353267 0.6234209492306435 0.2514958995134118 0.6576669168606581
0 0.27813599564633323 0.6177806414914147 0.2776153251334178 0.583534676467243 0.250069842231425 0.583953473855518 0.25059051274434035 0.6181994388796898
0 0.2783844218410525 0.5775086998394959 0.27663110217554293 0.5437514694346703 0.2484772083999987 0.5452137569216873 0.2502305280655083 0.5789709873265131
0 0.2772099830164868 0.5376986570831013 0.2760793587592695 0.5043475705811497 0.2488893937347631 0.5052693286776301 0.25002001799198037 0.5386204151795817
0 0.27544975179693376 0.46572629783155356 0.24893105912212116 0.46457502258651473 0.2474427039811628 0.49885807761105116 0.2739613966559754 0.5000093528560899
0 0.27425713372336313 0.42570429413334293 0.24823512553985094 0.42516471362885006 0.2475273298012819 0.4592991316590373 0.2735493379847941 0.45983871216353017
0 0.27187242812500007 0.3463828125 0.2450411515625 0.3463828125 0.24504115156250003 0.379962890625 0.2718724281250001 0.379962890625
0 0.2733539093750001 0.3861497390625 0.24652263437500008 0.3861497390625 0.24652263437500008 0.4202734375 0.2733539093750001 0.4202734375
0 0.2710082296875 0.307083984375 0.24417695468749998 0.307083984375 0.24417695468749998 0.3406647140625 0.2710082296875 0.3406647140625
0 0.27080246875 0.26740624999999996 0.2426543203125 0.26740624999999996 0.2426543203125 0.3025631515625 0.27080246875 0.3025631515625
0 0.2705995486453133 0.2626354528853979 0.2694675747264501 0.22732058865508234 0.24187219848187672 0.22820512401634985 0.24300417240073996 0.26351998824666545
0 0.2705995486453133 0.2626354528853979 0.2694675747264501 0.22732058865508234 0.24187219848187672 0.22820512401634985 0.24300417240073996 0.26351998824666545
0 0.22897119375 0.20665039062499999 0.19942386875000004 0.20665039062499999 0.19942386875000004 0.23928645781250002 0.22897119375 0.23928645781250002
0 0.2227671181652804 0.29492597196910564 0.1946205857853103 0.29417163309517586 0.19369482562336876 0.32871438208334386 0.22184135800333887 0.32946872095727364
0 0.2219387859375 0.3345553390625 0.19510751093750006 0.3345553390625 0.19510751093750006 0.36813606718749997 0.22193878593750002 0.36813606718749997
0 0.2225013300924365 0.4079475502892037 0.2220887083436554 0.3737615074436157 0.19524154195497073 0.37408554976682795 0.19565416370375185 0.4082715926124159
0 0.22357740678814086 0.44492144961534247 0.22298353906249999 0.41679492187500006 0.19908850323919672 0.41729944524558793 0.19968237096483757 0.44542597298593034
0 0.2259638760161587 0.5117150802879824 0.2243966811996946 0.4759147595008887 0.19640561317855726 0.47714009647400973 0.1979728079950213 0.5129404172611035
0 0.22694811247899924 0.5169597767084808 0.19864311575237928 0.5163725029597153 0.197936855527571 0.550412324071013 0.226241852254191 0.5509995978197785
0 0.22992892381200275 0.5880509215464818 0.22623093518253748 0.553151448847578 0.19765159306153782 0.5561797491062342 0.2013495816910031 0.5910792218051379
0 0.22869580184164362 0.5960927595162178 0.20173345240337287 0.5951395728713144 0.2005417875613253 0.6288476446916483 0.22750413699959604 0.6298008313365517
0 0.18675774378720905 0.8247959265053829 0.18533170667265852 0.7889700865130888 0.15675780931825783 0.7901074621655088 0.15818384643280833 0.825933302157803
0 0.1841908719097373 0.7238056920682863 0.18276483479518676 0.6879798520759922 0.1541909374407861 0.6891172277284123 0.1556169745553366 0.7249430677207063
0 0.16359449289730885 0.20676019532116935 0.13949525029648874 0.20672682728529485 0.13945002738784457 0.23938795995217474 0.1635492699886647 0.23942132798804922
0 0.19647198824598205 0.24025307959409375 0.1961264049656832 0.20688639542485637 0.16884124790579064 0.2071689915028005 0.16918683118608951 0.2405356756720379
0 0.16800671458395425 0.17349003954586278 0.1580465235304517 0.14278061149248855 0.130948860632969 0.15156937496581807 0.14090905168647158 0.18227880301919228
0 0.1964161905446477 0.1791665547700445 0.19551079158314222 0.1439214881016429 0.1674557257043631 0.14464218549031851 0.16836112466586856 0.1798872521587201
0 0.22755014659860828 0.17817386987926648 0.2266447604828951 0.14292880074051015 0.19844338721647908 0.14365324624234574 0.19934877333219223 0.17889831538110207
0 0.2592196076591347 0.17683259755998743 0.2580295716616281 0.1416114648720073 0.2297466429768394 0.14256707591234435 0.23093667897434597 0.1777882086003245
0 0.29212107042212526 0.17502768019604947 0.29167197407791245 0.13966051578720096 0.2609104473300289 0.14005112921170898 0.26135954367424163 0.17541829362055752
0 0.22853160570233833 0.09439129857102413 0.22795050574891476 0.05692574396848784 0.19865358023700985 0.057380146478500836 0.1992346801904334 0.09484570108103713
0 0.16578900393402723 0.06066862290239072 0.13991053960635053 0.06046504137565924 0.1396497214116964 0.0936192005704074 0.16552818573937314 0.09382278209713889
0 0.19918254596389545 0.09261560762972323 0.1927273300450248 0.055753693914667835 0.1653393279972329 0.06054984932243116 0.17179454391610355 0.09741176303748655
0 0.2701071194632567 0.08885291318377532 0.2682403238749408 0.057895460537959395 0.24148925085057038 0.05950860312032759 0.24335604643888634 0.0904660557661435
0 0.33227057267028637 0.06024151676820837 0.31167805829919215 0.0565516595968343 0.30699175624186903 0.08270517665201538 0.32758427061296325 0.08639503382338945
0 0.3610314132650404 0.05722516531528996 0.3407788466304188 0.05688446944383972 0.34031517500666464 0.08444729377949092 0.36056774164128624 0.08478798965094117
0 0.3968608905208186 0.08819554116932406 0.3963852886823769 0.05231496752169905 0.3680349796875 0.052690754687499994 0.3685105815259417 0.088571328335125
0 0.44324463699590566 0.08723524741073277 0.44276902520073175 0.05135467383292737 0.4144187250000001 0.051730468750000015 0.414894336795174 0.08761104232780542
0 0.4733724228943764 0.04992085672825754 0.44586627233297405 0.04912200333095245 0.4448257525559519 0.08494921987085571 0.4723319031173543 0.08574807326816081
0 0.5022182070168479 0.08128234836634808 0.5017634681566092 0.04921630810989001 0.478670440787219 0.04954379778000301 0.4791251796474576 0.08160983803646107
0 0.5428703703125 0.05233919218750007 0.5224588484375 0.05233919218750007 0.5224588484375 0.07867708281250006 0.5428703703125 0.07867708281250006
0 0.5776450625 0.04676041718750006 0.5504243828125001 0.04676041718750006 0.5504243828125001 0.08150065156250007 0.5776450625 0.08150065156250007
0 0.6176360102466486 0.06666412709468376 0.5986520130651194 0.03907149943489219 0.5725420038344274 0.057035440664290206 0.5915260010159566 0.08462806832408179
0 0.640956790625 0.044784504687500074 0.611656378125 0.044784504687500074 0.611656378125 0.07936458281250006 0.640956790625 0.07936458281250007
0 0.6728160619206447 0.07829960921110217 0.672280615090727 0.041501934331129864 0.6428462583166081 0.041930236746344295 0.6433817051465258 0.07872791162631661
0 0.7258127578125 0.03887825468750009 0.6993930046875 0.03887825468750009 0.6993930046875 0.07494987031250008 0.7258127578125 0.07494987031250008
0 0.7671636145768689 0.05280046739876591 0.742744713096361 0.030598545613873363 0.7201650054209919 0.05543295691058767 0.7445839069014998 0.07763487869548022
0 0.7862165011826924 0.06946041620001606 0.7861677877098064 0.03883685432944735 0.761850092382426 0.03887553694242963 0.7618988058553119 0.06949909881299834
0 0.8017613171875 0.09513346406250009 0.772090534375 0.09513346406250009 0.772090534375 0.1317545578125001 0.8017613171875 0.1317545578125001
0 0.7712014670261451 0.0971340220805578 0.7409634903046242 0.09627985415704379 0.7400103596052159 0.13002116322272578 0.7702483363267367 0.13087533114623978
0 0.7385447482572858 0.09757760680758853 0.7099941353899065 0.0974425823278782 0.7098271157610907 0.13275849521865857 0.7383777286284701 0.1328935196983689
0 0.7076561331269977 0.13254957268369374 0.7050760530674587 0.0992904701008682 0.6777783460753579 0.10140809396958397 0.6803584261348969 0.1346671965524095
0 0.6761245496299237 0.1352458387761153 0.6746710276489787 0.09910664744063757 0.6479193820904351 0.10018260136790821 0.6493729040713802 0.13632179270338596
0 0.6172817644502632 0.1190646643027089 0.592551329423731 0.11863376267528229 0.5919990922417022 0.15032792412683765 0.6167295272682345 0.15075882575426428
0 0.588201151958318 0.1539227778840429 0.587171892657357 0.11747255466804 0.5569167663573419 0.1183268805787897 0.5579460256583029 0.15477710379479256
0 0.5554363456676831 0.11974263228944518 0.5272211437844158 0.11963256409798609 0.5270755090762765 0.15696499081352766 0.5552907109595439 0.15707505900498675
0 0.5205108474133714 0.09751609666411144 0.5203275743444451 0.07595737329754011 0.5046421739210092 0.07609071660475089 0.5048254469899355 0.09764943997132222
0 0.6081588892816608 0.09983743533708078 0.592260800954105 0.09621573566870179 0.5880215382933928 0.1148247254786928 0.6039196266209486 0.1184464251470718
0 0.625191092158636 0.2078159873892921 0.6237707318066715 0.17312004750088814 0.5960807940524961 0.17425360058695222 0.5975011544044605 0.20894954047535616
0 0.5959785357621792 0.19253744458525296 0.5942463521727904 0.17330614149697512 0.5809955208863572 0.17449965773426582 0.582727704475746 0.19373096082254365
0 0.7487551437500001 0.1692539062500001 0.7205246906250001 0.16899414062500012 0.7202097353874479 0.20322241494031507 0.7484401885124479 0.20348218056531503
0 0.8079423875 0.2085911453125001 0.7818930046875 0.2085911453125001 0.7818930046875 0.2431009109375001 0.8079423875 0.2431009109375001
0 0.8093886018633318 0.2823548904607705 0.8077894846590263 0.24741877302344872 0.7824391064806592 0.24857912594341497 0.7840382236849648 0.28351524338073675
0 0.8109951347379705 0.2871136212703952 0.7850938574948851 0.2862801983058309 0.7839815239536089 0.3208495114449791 0.8098828011966942 0.3216829344095434
0 0.8154387087744828 0.5584880303698918 0.8152849740879444 0.5256245195216381 0.7900294798618847 0.5257426640956047 0.790183214548423 0.5586061749438584
0 0.8148662546875001 0.5697180984375001 0.7944958843750001 0.5697180984375001 0.7944958843750001 0.5939739578125002 0.8148662546875001 0.5939739578125002
0 0.8169547328125001 0.6039947921875002 0.7904115218750001 0.6039947921875002 0.7904115218750001 0.6375156250000001 0.8169547328125001 0.6375156250000001
0 0.8186327215914995 0.6780279281092688 0.8184547211964499 0.643583074231411 0.7913979642637397 0.6437228952171483 0.7915759646587891 0.6781677490950061
0 0.820967206226239 0.7171213637890088 0.8188532392777759 0.6835057324336633 0.7915775505696847 0.6852210030414339 0.7936915175181478 0.7188366343967794
0 0.8213321676480818 0.756486745929836 0.8198268735191094 0.7230797243120406 0.7935890790610354 0.724261978701755 0.7950943731900078 0.7576690003195504
0 0.8227596659682425 0.7955202958325123 0.8214703029063711 0.7623600051434039 0.795090408858479 0.7633857277849909 0.7963797719203503 0.7965460184740994
0 0.829032267282274 0.8106147692287913 0.8045936983857978 0.7999445143692056 0.7919073639907195 0.8290006017108615 0.8163459328871957 0.8396708565704472
0 0.7511892680614742 0.874841508389191 0.7339961950429063 0.8720099033366477 0.7308181577442692 0.8913064599952538 0.7480112307628373 0.8941380650477975
0 0.6798720627351418 0.8750790825434466 0.6626706613700725 0.874569440366788 0.6620508948319225 0.8954877502391183 0.6792522961969919 0.8959973924157769
0 0.5824193945008691 0.24868034213402157 0.5812935045404475 0.2179928904154847 0.5548237502177883 0.21896403754493843 0.5559496401782098 0.2496514892634753
0 0.5792431739993948 0.28415439032697043 0.5778660986894791 0.25918779814534265 0.558989679299222 0.2602289595058052 0.5603667546091378 0.28519555168743294
0 0.5850861117597322 0.2962391808021037 0.5574416869571581 0.2953230786299973 0.5563466501204676 0.32836706041462066 0.5839910749230417 0.3292831625867271
0 0.5852151050135671 0.3361047698026397 0.5579574300583511 0.3339493210276517 0.5553187859279751 0.3673174552477162 0.5825764608831911 0.3694729040227042
0 0.5870232824632491 0.4073407105647172 0.5847621244921307 0.37343044901452604 0.5569710585582552 0.3752835751005413 0.5592322165293736 0.4091938366507324
0 0.5870142664508846 0.4487091591317758 0.5858411183758724 0.41223503894347574 0.5585883859500156 0.4131115916997632 0.5597615340250278 0.44958571188806323
0 0.588410995902552 0.4545228141632077 0.5607915287040102 0.45417982487561764 0.5603786009178564 0.48743114163006523 0.5879980681163982 0.4877741309176553
0 0.5885958423045459 0.4930313805157039 0.5608585443801555 0.4922752290909188 0.5599333970899311 0.52621166717961 0.5876706950143216 0.5269678186043951
0 0.590802106550005 0.5352367231487888 0.5636615473380477 0.5313997549178197 0.5590851145091147 0.563770871564212 0.5862256737210719 0.5676078397951811
0 0.5888186252179541 0.5726877054894771 0.5623758965628488 0.5723170324985587 0.5619070359073999 0.605764182393054 0.5883497645625052 0.6061348553839725
0 0.5975181892648026 0.6364847195148815 0.5830739874983273 0.6081882221439207 0.5573838518287989 0.6213019831212636 0.5718280535952742 0.6495984804922244
0 0.5953233491726249 0.6535709635505279 0.5675610107971785 0.648126392693483 0.5608663447097729 0.6822630749241299 0.5886286830852192 0.6877076457811746
0 0.5943076213847288 0.6907701733995356 0.56557975302734 0.6900887936367879 0.5647479369464462 0.7251592553322066 0.593475805303835 0.7258406350949543
0 0.5947812953691344 0.7633255484931588 0.5922511870602181 0.7298629002728337 0.5656546085227099 0.7318738655707213 0.5681847168316262 0.7653365137910464
0 0.5956933119536649 0.7685187098269323 0.5673256669115582 0.768383591675144 0.5671533573013706 0.8045594703002943 0.5955210023434774 0.8046945884520824
0 0.5967982679745507 0.8088612070767651 0.5680546925386575 0.8082299533401086 0.5672796798293206 0.8435194652764568 0.5960232552652138 0.8441507190131133
0 0.6010585728366291 0.8813735343346092 0.5950342847942776 0.8454577255629314 0.5661315863611787 0.8503056793336263 0.5721558744035302 0.8862214881053042
0 0.5984389154081045 0.8889123853614288 0.5709988984415151 0.8877565388810817 0.5695300947077383 0.9226262210237433 0.5969701116743278 0.9237820675040904
0 0.6017109448950133 0.9625451022082577 0.5982622757354135 0.9297784599289665 0.5702435949805158 0.9327274090275184 0.5736922641401156 0.9654940513068097
0 0.5330349796875 0.3646536453125001 0.518796296875 0.3646536453125001 0.518796296875 0.3835156250000001 0.5330349796875 0.3835156250000001
0 0.5454840556067226 0.36918789452156925 0.5328664873321306 0.3688661075599177 0.5324687423054468 0.3844620627356798 0.5450863105800389 0.38478384969733137
0 0.7518179783014091 0.23396294100870002 0.7510061290036016 0.22480643614544688 0.7443254582141424 0.22539876891546173 0.74513730751195 0.23455527377871488
0 0.6259347594081625 0.44690503422581235 0.6251221879655122 0.41247476888454127 0.5970303988609106 0.41313774912512596 0.5978429703035608 0.44756801446639705
0 0.6281504332866911 0.4551930988952323 0.6007544326011771 0.4523644762822771 0.5972830124397807 0.48598615090431707 0.6246790131252947 0.48881477351727226
0 0.6253196791350145 0.52069455926985 0.6224209388892384 0.4957968379981275 0.6020742675388427 0.4981657180441081 0.6049730077846188 0.5230634393158305
0 0.625903275340798 0.5613829641893064 0.6241419970047163 0.5349678970970346 0.6036569387778503 0.5363337800282542 0.6054182171139321 0.562748847120526
0 0.6301076988087425 0.6049386749308158 0.6287979645364843 0.5729526654470439 0.6012550944410711 0.5740804660543257 0.6025648287133293 0.6060664755380976
0 0.6296836401000172 0.6458850891260492 0.6294684375117585 0.6124318294179686 0.6021122682890157 0.6126078098298311 0.6023274708772743 0.6460610695379118
0 0.29001554180823297 0.22709943135774865 0.2749285325363098 0.2260083172553645 0.2737401330428376 0.24244050719552326 0.2888271423147608 0.24353162129790742
0 0.3026947387086981 0.22981585882367145 0.2868270998785053 0.22899765035664604 0.2859413584341258 0.2461749662886621 0.3018089972643187 0.2469931747556875
0 0.756141975 0.3335201828125001 0.7477674890625 0.3335201828125001 0.7477674890625 0.3431868484375001 0.756141975 0.3431868484375001
0 0.2211795254149477 0.28916003653147776 0.21999334953241118 0.25446461058764047 0.19233798912539796 0.2554100989523245 0.19352416500793446 0.2901055248961618
1 0.5806124302525106 0.9388937408736651 0.5802877525143397 0.9213908209293745 0.23485320822059816 0.9277986035670365 0.23517788595876915 0.945301523511327
1 0.24442533126963184 0.2856919413366624 0.22026245204902833 0.26382702424843385 0.21284165427481208 0.2720277340711774 0.23700453349541556 0.293892651159406
1 0.24701807582470833 0.3259621472879089 0.22610205230938987 0.30417070697087045 0.21885531931730445 0.3111263205267665 0.2397713428326229 0.3329177608438049
1 0.24798869589471395 0.365082133008016 0.22523310068392574 0.34309074475802737 0.21784457135589172 0.35073602756966915 0.24060016656667993 0.3727274158196578
1 0.24803198658420186 0.40397866591353865 0.2257005324745947 0.38298206218683356 0.2184255251542769 0.3907195750834599 0.24075697926388404 0.411716178810165
1 0.20447359078629876 0.5223136405337656 0.16706123163540548 0.17779361204871075 0.13816220454468123 0.18093183534848173 0.17557456369557448 0.5254518638335367
1 0.2607442277828209 0.10513109725646878 0.2497948522131214 0.08320300757480084 0.15005706665540658 0.13300517859905328 0.16100644222510613 0.15493326828072118
1 0.5744781873226621 0.16917787489327657 0.2666095070937744 0.0750944289844637 0.2452535150198722 0.14497751023494523 0.55312219524876 0.23906095614375814
1 0.45812638975748304 0.05032664552882556 0.4567305113835717 0.030565515043468085 0.19078020501824006 0.0493516002558267 0.19217608339215142 0.06911273074118418
1 0.5667647522190061 0.11415970328577041 0.4663844655172887 0.07570004935946396 0.45644835443801873 0.10163345169190179 0.5568286411397362 0.14009310561820826
1 0.7389767210657958 0.08885437681079951 0.7345021653706999 0.06346270540829399 0.5639264684058783 0.09352179227185467 0.5684010241009744 0.1189134636743602
1 0.7002384079896216 0.06680182074200817 0.6983363352758085 0.028820195073220554 0.5078399968240144 0.03836001547506787 0.5097420695378274 0.07634164114385548
1 0.93892019490746 0.6690164485416344 0.3050889339267609 0.05559663388946059 0.16402264839430075 0.2013568775353262 0.7978539093749999 0.8147766921875
1 0.9240434909582371 0.6497501354910089 0.346941701473535 0.050819904438612354 0.21807597890703864 0.17498902337870836 0.7951777683917407 0.7739192544311049
1 0.9173357590830905 0.6237632948101179 0.38824734506607345 0.048409144626262425 0.2511886619797767 0.1744465795491131 0.7802770759967939 0.7498007297329686
0 0.30449002327406693 0.060197208405068224 0.27701800234903 0.05541328866665894 0.2715576447180117 0.08676980535174027 0.29902966564304867 0.09155372509014956
1 0.9035641133630508 0.6016983648239002 0.39726325878349816 -0.0007053950048449664 0.2882176641704475 0.09094389642125504 0.79451851875 0.6933476562500002
0 0.7167002028884415 0.17458843027920157 0.6955870421307364 0.17086926610900227 0.690800175167964 0.198043622250787 0.7119133359256691 0.20176278642098627
0 0.683297628426194 0.20100669622328096 0.6826675622020958 0.17288770629798592 0.6621905380270852 0.1733465379038506 0.6628206042511834 0.20146552782914565
0 0.6528748178411052 0.17641318131238065 0.6316519693704788 0.17474379466413964 0.6296144300472599 0.20064695398027615 0.6508372785178864 0.2023163406285171
1 0.8809689345149536 0.5862629108600247 0.4217569465004997 0.0012924863718541512 0.3197958669717361 0.08133371250986077 0.7790078549861901 0.6663041369980313
1 0.5371768351092647 0.3843343984912591 0.5077786372151251 0.35754448046025594 0.2467745159298253 0.643960093970215 0.276172713823965 0.6707500120012182
1 0.5227072510940546 0.37559061910884683 0.48887035488333364 0.3432157990719322 0.24312606628927913 0.6000581221505855 0.2769629625 0.6324329421875001
1 0.7443018184683621 0.8658586465978468 0.7147480967641133 0.8043635819013513 0.5625182199332663 0.8775232645057232 0.5920719416375151 0.9390183292022186
1 0.6127859573535899 0.5173995636923415 0.6033436218749999 0.5093470046874999 0.5807804307928373 0.5358043357715958 0.5902227662714272 0.5438568947764374
1 0.8419838781454546 0.5829527876918406 0.6093257042297762 0.2251705631376078 0.5533431865615969 0.26157480414792805 0.7860013604772753 0.6193570287021608
1 0.2942817533299768 0.5501764753451173 0.2868039701523025 0.24282423015650473 0.26389004997562077 0.24338171860669192 0.27136783315329505 0.5507339637953046
1 0.32465955399170926 0.2477579264989917 0.2922574574063944 0.24573740770386476 0.27081837136154424 0.5895458089924435 0.303220467946859 0.5915663277875705
2 0.5576681188912327 0.37202850777607915 0.5525968762036768 0.15662912979472987 0.536119472782644 0.1570170645807628 0.5411907154702 0.3724164425621121
2 0.5517488973043136 0.3686182623525795 0.5408276154799356 0.09569575277081944 0.5093128709768326 0.09695684848208598 0.5202341528012105 0.36987935806384603
2 0.6054533423148772 0.1750402023618906 0.585215642019602 0.15925198151479109 0.5488211020432178 0.20590332998270872 0.569058802338493 0.2216915508298082
1 0.657184507602689 0.13082749975012806 0.6506502062500001 0.1258808593750001 0.6148702239580851 0.17314469279713346 0.6214045253107741 0.17809133317226145
1 0.23088477343749997 0.79112109375 0.22815548229130567 0.7203355050211359 0.2229329176719141 0.7205368722716187 0.2256622088181084 0.7913224610004826
1 0.2553619768114463 0.45240335188991276 0.23454282044638597 0.45160587850308376 0.22525033719181975 0.694199130004291 0.24606949355688007 0.69499660339112
1 0.8284728281944205 0.36923332516312907 0.3784593401340266 0.04170959553136746 0.33987334318960605 0.09472627036823851 0.7898868312499999 0.4222500000000001
2 0.6359020520444856 0.6169599069909493 0.6316736788245495 0.48416002954889353 0.5814755859089756 0.48575834632346054 0.5857039591289117 0.6185582237655163
0 0.631407921875 0.685390625 0.6308333328125001 0.650962890625 0.6032977919586824 0.6514224509443719 0.6038723810211823 0.6858501853193719
1 0.7925086303293197 0.3832081891356913 0.7728172961180964 0.1281167593431562 0.7486738687499999 0.12998046875 0.7683652029612233 0.38507189854253515
2 0.5315245850197137 0.06179047866375581 0.530960052296584 0.03645905201685718 0.25437752830769256 0.04262293246520182 0.25494206103082206 0.06795435911210045
2 0.8517181717247666 0.5389681193026741 0.6081436389939574 0.17655190291417186 0.5474285095544229 0.21735763569924157 0.7910030422852321 0.5797738520877438
1 0.7534288020537677 0.334494359577445 0.7507588338268346 0.23296488954651248 0.7449047830450639 0.23311883627332414 0.747574751271997 0.3346483063042566
0 0.7427983546875 0.2220052078125001 0.7345679015625 0.2220052078125001 0.7345679015625 0.2317708328125001 0.7427983546875 0.2317708328125001
1 0.795358581817041 0.5345235029118925 0.7413067104447533 0.23027913111749063 0.7108026399260147 0.23569846586569185 0.7648545112983024 0.5399428376600938
0 0.8121584359374999 0.49022265625000017 0.7933780859375 0.49022265625000017 0.7933780859375 0.5142877609375002 0.8121584359374999 0.5142877609375002
2 0.8016132118425287 0.5000534093327647 0.774160798870066 0.3346374774340032 0.752597576028709 0.33821610793025114 0.7800499890011718 0.5036320398290125
0 0.8115843262298335 0.47447962778425834 0.8090670224780137 0.4500671858469391 0.7908070558519922 0.4519500733767409 0.793324359603812 0.47636251531406015
0 0.8086781767305882 0.4117934385407863 0.7906579740651981 0.4107764257859716 0.7893044300468635 0.43475954439628256 0.8073246327122534 0.43577655715109725
0 0.8088598800141258 0.39576096746142986 0.8076693491699967 0.3714535954139226 0.7887435557888065 0.37238054632930256 0.7899340866329355 0.39668791837680983
0 0.8087741383860033 0.33364574251583357 0.7883799859667959 0.3310881695375641 0.7853881233426663 0.35494535871349636 0.8057822757618736 0.3575029316917659
0 0.6215861387410142 0.37985914519295044 0.6030937539639695 0.3782556677540493 0.6009554908159206 0.40291556251090377 0.6194478755929654 0.40451903994980504
2 0.6259370891354645 0.37077632700109914 0.5840318440716648 0.32241069872857003 0.5687541683551924 0.3356476764702127 0.6106594134189922 0.3840133047427418
0 0.2793323457178517 0.7906621372163924 0.261729426221979 0.7870259334381439 0.25717067183555803 0.8090949348911579 0.27477359133143076 0.8127311386694066
0 0.24357832141395233 0.7939133747015472 0.2189112336561906 0.788046415894663 0.21174082229368235 0.8181937498303817 0.23640791005144407 0.8240607086372659
0 0.2779812136436016 0.7715901057316514 0.27446665680782034 0.7478792017203464 0.25697799064184934 0.7504714652288572 0.2604925474776306 0.7741823692401623
0 0.2771265321498583 0.7311035285780911 0.27361152918458437 0.7073926991765633 0.2561229681576457 0.7099852843125393 0.25963797112291953 0.7336961137140671
0 0.2412723835829722 0.6924115510262783 0.21660470897929476 0.6865477888784038 0.20943801664778725 0.7166966301785889 0.2341056912514647 0.7225603923264632
0 0.23061550639306602 0.6408893219374807 0.2059484174913983 0.6350223609545822 0.1987780036548827 0.6651696955086452 0.2234450925565504 0.6710366564915438