1 0.7666121196007355 0.7779599339929933 0.7248482596941741 0.3120720891635481 0.2947236180924255 0.35063000706928693 0.3364874779989868 0.8165178518987322
1 0.4170901177795347 0.4797383293742711 0.41205769262711545 0.4544342928254178 0.294540907493155 0.4778058376853779 0.2995733326455743 0.5031098742342313
0 0.30140270579415984 0.49784923432794814 0.29685615972141977 0.47326401938051904 0.2672651090732545 0.4787362951121062 0.2718116551459946 0.5033215100595353
0 0.30333398437500003 0.4128935187500001 0.27211542074365636 0.41279480124669254 0.27203580781250003 0.4379717078125 0.3032543714438437 0.43807042531580753
0 0.30362129666424426 0.44983602486843177 0.2745071327339238 0.4422248349053093 0.26839889851121135 0.4655899241156022 0.29751306244153175 0.4732011140787248
0 0.40030138641207885 0.43177942163232147 0.40025195312500006 0.40969238750000014 0.37065190364433165 0.40975863576741156 0.37070133693141044 0.4318456698997329
0 0.4309333694231793 0.4673093638115014 0.4139384904734958 0.4657551467013539 0.41244863621727046 0.4820462379343013 0.4294435151669539 0.4836004550444488
0 0.3515217758869711 0.7654833657531126 0.3513767143996852 0.740619465215036 0.30022112749132046 0.7409179182074996 0.30036618897860634 0.7657818187455765
0 0.3541347048019926 0.7117504470119304 0.30248179168255496 0.7107934402885527 0.3020669438969595 0.7331841885494714 0.35371985701639713 0.734141195272849
0 0.3570632795300019 0.6781786715683191 0.30460867469693753 0.6781262730324275 0.3045845675980693 0.7022591676503562 0.35703917243113364 0.7023115661862478
0 0.2851223953125001 0.6765509265625 0.2545930984375001 0.676455246875 0.25451095747575897 0.7026646322954269 0.28504025435075897 0.7027603119829269
0 0.35689102428271646 0.6482960803856213 0.3046945536380549 0.6473297964130803 0.30426128944958897 0.670733746118653 0.35645776009425045 0.671700030091194
0 0.35797095865728207 0.6162523119782486 0.3057717681465689 0.6152366281944252 0.3053041285277688 0.6392701019397802 0.3575033190384819 0.6402857857236037
0 0.35886606059100457 0.5855474766563658 0.3055012586271061 0.5846511727869572 0.3051184860285361 0.6074409705520587 0.35848328799243456 0.6083372744214671
0 0.28587434843750004 0.6152273656249999 0.2557246093750001 0.6147350828124999 0.25533502392879537 0.6385951470832183 0.2854847629912953 0.6390874298957183
0 0.2864127609375001 0.579955246875 0.2564503868979387 0.5797133118436069 0.2562649623923989 0.6026771561413581 0.2862273364319603 0.6029190911727512
0 0.28829231718750004 0.542793209375 0.25796457523397687 0.5424439591346848 0.2576861984375 0.5666172843749999 0.28801394039102324 0.5669665346153152
1 0.3060687149447129 0.696774925552762 0.3059738427413638 0.6836672290992774 0.2843296074841509 0.6838238879215155 0.28442447968750006 0.6969315843750001
1 0.30616987216390934 0.6333407511964448 0.30608333281250005 0.6227638890624999 0.28505097865054413 0.6229359747212461 0.2851375180019534 0.6335128368551909
1 0.30900598058788364 0.5952146552904253 0.3088140480002225 0.5876454038882596 0.2862072584099687 0.5882186415037423 0.2863991909976298 0.5957878929059081
1 0.3192308822610133 0.5598096224120978 0.3190692683501923 0.5517163810769626 0.2872681530817089 0.5523514174479526 0.2874297669925299 0.5604446587830877
0 0.35951583635934065 0.5538716605483347 0.30720332798179156 0.5522780512759462 0.30647292301121337 0.5762546412747669 0.3587854313887624 0.5778482505471553
2 0.4072055039075323 0.648009958617972 0.3379404594574457 0.44587053453973163 0.28825127473004475 0.4628970181389914 0.35751631918013144 0.6650364422172318
2 0.7646082756192208 0.6898791212247726 0.4644259645339098 0.4246620945515917 0.26547371467876413 0.6498435126010952 0.5656560257640753 0.9150605392742761
0 0.479833984375 0.4092253093750001 0.450695697382525 0.40912138059306413 0.4506146933686703 0.4318323001215586 0.4797529803611453 0.4319362289034946
0 0.5414957605357563 0.32029308710194115 0.5199549663387752 0.3165183924113879 0.5171587383610429 0.3324754369763211 0.5386995325580239 0.33625013166687434
0 0.56292168093597 0.32365643465115296 0.5444302718952596 0.3161617787986698 0.5379330481104497 0.33219224437290257 0.5564244571511601 0.3396869002253857
0 0.5808398571877738 0.33319761436957857 0.5793896093972661 0.3175831567305338 0.5591024541811541 0.31946739777866867 0.5605527019716617 0.3350818554177134
0 0.6580389657580333 0.4550263526820072 0.6558466909615654 0.4321544283434971 0.6255896808254787 0.43505456388767316 0.6277819556219466 0.45792648822618326
0 0.6986685713813506 0.4363517924555385 0.667793393869575 0.4270351203802992 0.6602675172256346 0.4519756544504995 0.6911426947374102 0.4612923265257388
0 0.737091133430183 0.4589463655788622 0.7362610853575331 0.4303627972721146 0.7019068600740199 0.4313604214377868 0.7027369081466697 0.45994398974453443
0 0.7787161693150079 0.4373903206477059 0.7468860618865598 0.4279924701558907 0.7390218072491019 0.45462835568875415 0.77085191467755 0.4640262061805693
0 0.815712890625 0.4330961937500001 0.7808268537740085 0.43298645008131703 0.7807421875 0.45990072031249996 0.8156282243509916 0.460010463981183
0 0.5964972314793436 0.5800590186411808 0.596285610948436 0.5556212868561545 0.5423889608407706 0.5560880092921913 0.5426005813716781 0.5805257410772177
0 0.5959649790678834 0.5886516135710838 0.5433360638607062 0.5881112621252605 0.5430933746572947 0.6117485996521075 0.5957222898644718 0.6122889510979307
0 0.5943724536944193 0.6203907154710717 0.5429139295055097 0.6180857203107362 0.5418071343342146 0.642794685897442 0.5932656585231243 0.6450996810577776
0 0.5945666286964928 0.6520989810677107 0.5414710980580834 0.6508131421424325 0.5409166116924777 0.6737092819580985 0.5940121423308872 0.6749951208833768
0 0.5925377250299235 0.7061158135471993 0.5924707878786752 0.6805083123814956 0.5390120578541111 0.6806480517131095 0.5390789950053595 0.7062555528788133
0 0.5930840410222997 0.7145486532597061 0.5385271703047045 0.7127657403271492 0.5377554935415509 0.7363789345748168 0.592312364259146 0.7381618475073737
0 0.5914974469222656 0.769399669966079 0.5914263593609304 0.7435626811525279 0.536638645432287 0.7437134233695262 0.5367097329936221 0.7695504121830773
0 0.6314036453125002 0.7446733546875002 0.6020013015625001 0.7445447531250001 0.6018901082322072 0.7699670299342442 0.6312924519822073 0.7700956314967442
0 0.6339388015625002 0.6827582296875001 0.6044290359375 0.6824279828125002 0.604159135344919 0.7065454047536294 0.6336689009699191 0.7068756516286293
0 0.7106731765625001 0.7646419750000002 0.679138295256916 0.7642352280434493 0.6788420718194161 0.7872012780434494 0.7103769531250002 0.7876080250000002
0 0.535932466404744 0.43149522287907505 0.5191380653431559 0.43116451379076837 0.5188960114989791 0.44345673520632645 0.5356904125605674 0.4437874442946331
0 0.7906321609375 0.7622638890625001 0.7535539217705026 0.7622018004219939 0.753506702715551 0.7904001858023694 0.7905849418825484 0.7904622744428755
0 0.7439361984375001 0.6618379625000002 0.7290695512402664 0.6516464227992887 0.721357853608992 0.6628956639682063 0.7362245008062256 0.6730872036689177
0 0.7532041935848987 0.6531894728007118 0.743419921875 0.6426039093750001 0.7343439045881801 0.6509929025354668 0.7441281762980788 0.6615784659611785
0 0.6292288467517606 0.5539951940350267 0.6133210860863674 0.5538956271671408 0.6132503817081159 0.5651920388259837 0.6291581423735091 0.5652916056938696
0 0.656715482897564 0.5558332537144844 0.6426509778928847 0.5546043967510907 0.6417746933684726 0.5646336421769218 0.6558391983731519 0.5658624991403156
0 0.6843101277561131 0.555182188282223 0.6693009614680482 0.5549287084179388 0.6691475771576509 0.564010970739783 0.6841567434457159 0.5642644506040672
0 0.7126061622373782 0.5560798268637013 0.6974438717954977 0.5556388476546236 0.6971635707400516 0.5652765038668701 0.7123258611819321 0.5657174830759477
0 0.7371182564687415 0.5712934657075199 0.7367798441312078 0.5593734027453183 0.7199372354438084 0.5598515668786909 0.7202756477813421 0.5717716298408925
0 0.7873427518753661 0.530235581205644 0.7749372394924496 0.5297017219037435 0.7744777244175463 0.5403796663201045 0.7868832368004629 0.5409135256220049
0 0.7780978423807516 0.5230936197549172 0.7645038297800162 0.5229773394387818 0.7644194437254075 0.5328426814657045 0.7780134563261429 0.53295896178184
0 0.7688411497298526 0.5145601777976616 0.7556212340803605 0.5143614577312045 0.7554563943068525 0.5253274761122763 0.7686763099563446 0.5255261961787334
0 0.758942013511316 0.508246954456993 0.7444279702793446 0.5080582798916954 0.7442892975401951 0.518725865784558 0.7588033407721665 0.5189145403498557
0 0.7480641038681969 0.4926252002772986 0.7327771514555651 0.49202746699068023 0.7322107653564007 0.5065127190904654 0.7474977177690325 0.5071104523770837
0 0.8342465928303515 0.4852722075800123 0.8301654243808951 0.4722577811257608 0.8134882888379626 0.4774875313298422 0.817569457287419 0.4905019577840937
2 0.5866325117143548 0.3726499841331212 0.5515650190662427 0.328690627721394 0.4603729573987474 0.4014368463452402 0.49544045004685955 0.44539620275696745
1 0.5353489037289512 0.46897108341155275 0.5165983078124999 0.4688456796875001 0.5163695664388765 0.5030475114001131 0.5351201623553278 0.5031729151241657
1 0.5376754916866087 0.3337350197875825 0.5179227867883962 0.3335626473945528 0.5167884360425361 0.4635515344791628 0.5365411409407485 0.4637239068721925
2 0.556282648279874 0.4393171859566619 0.5330387331776121 0.43906363727986 0.5300308346138044 0.7148108418609114 0.5532747497160664 0.7150643905377134
2 0.743509661242596 0.6489426195991299 0.7357891336985303 0.5700203823919334 0.714722115082555 0.5720812527277424 0.7224426426266207 0.6510034899349387
1 0.8755350989102908 0.5772556333870446 0.795215205153852 0.5387200265624915 0.696998150997701 0.743434159930338 0.7773180447541399 0.781969766754891
1 0.6038899442059856 0.753360642850428 0.5913528640625001 0.7529074078125001 0.5910204116589183 0.7621034806639136 0.6035574918024038 0.7625567157018416
1 0.6040495510381412 0.6896307630949712 0.590625 0.6895534984375 0.5905678181656757 0.6994887065710149 0.6039923692038169 0.6995659712284861
1 0.8085531171112681 0.5837316531386095 0.7653954057121783 0.5278012367711391 0.5913266942311732 0.6621182632053977 0.6344844056302629 0.7180486795728682
1 0.781410543518968 0.622482958948502 0.7756170640440374 0.5526794935950248 0.5888424898834455 0.5681812263006834 0.5946359693583761 0.6379846916541607
1 0.7662111451639142 0.6074573625246154 0.7647864645674873 0.5533684140100051 0.594943299335055 0.5578420129352459 0.5963679799314818 0.6119309614498561
1 0.8092903640624998 0.6256846703125001 0.7438823998094016 0.6252037026103074 0.7436011429873284 0.6634524999416954 0.8090091072404265 0.6639334676438882
1 0.7556017383295176 0.5949168683064163 0.7543461638889901 0.5533778121250215 0.5960467494414142 0.5581626271160723 0.5973023238819417 0.5997016832974672
1 0.632306640625 0.5361671812500001 0.6114865172397065 0.535940332061165 0.6112919005215236 0.5538021728119075 0.6321120239068171 0.5540290220007427
1 0.6333527897112565 0.49615962068441427 0.6115515185595484 0.49614447727367567 0.6115276655841007 0.5304845076993868 0.6333289367358088 0.5304996511101254
1 0.6603131515625 0.4968179015625001 0.6400777722926342 0.49662007984331014 0.6397480427904532 0.5303484366709598 0.659983422060319 0.5305462583901497
1 0.689236328125 0.4975267484375 0.6685575181761096 0.4970080415135567 0.6677037652155069 0.531043822415407 0.6883825751643972 0.5315625293393504
1 0.7159078567399078 0.4970269840528528 0.6954981147465298 0.49690277612115114 0.6952910156250001 0.5309331281250002 0.715700757618378 0.5310573360567018
1 0.7367496648391946 0.49847350882396047 0.719958984375 0.49847273593750013 0.7199560648483057 0.5618984036760397 0.7367467453125001 0.5618991765625001
1 0.7145679419852986 0.5558653478272703 0.7144447503070297 0.537124350844281 0.6950514438107593 0.5372518304002848 0.6951746354890282 0.555992827383274
1 0.6876217453125001 0.5367088484375001 0.6664836892771926 0.5362334039501009 0.6660678024225091 0.5547235534241979 0.6872058584578166 0.5551989979115972
1 0.6602259109375 0.5359274687500002 0.6396028640625001 0.5355967078125002 0.6392907014826008 0.5550601413320175 0.6599137483576007 0.5553909022695176
1 0.7716140934712448 0.4884776668094514 0.7036664396616878 0.4357892384909195 0.6851640660763825 0.459650130059538 0.7531117198859393 0.51233855837807
1 0.7867648884535497 0.49910617965657267 0.7447159587665075 0.4428939283976299 0.719464128395719 0.46178327041738176 0.7615130580827614 0.5179955216763246
1 0.7775473130867049 0.4530448952189786 0.7678246400948873 0.4527671061338051 0.7657975098206824 0.5237170671648265 0.7755201828125001 0.5239948562500001
1 0.791262992568918 0.4558566118090752 0.7797552078125002 0.4554228390625002 0.7768696903122188 0.5319742466055072 0.7883774750686365 0.5324080193520822
1 0.797578125 0.48297119374999997 0.7893606965124975 0.4829187292773202 0.7891992577428384 0.5082046318514509 0.7974166862303409 0.5082570963241306
1 0.8073292751158334 0.5080250914470328 0.8072955734375 0.48303292187500013 0.7995395741729076 0.48304338075859626 0.799573275851241 0.5080355503306289
1 0.8174290359375 0.5078924890625001 0.8170735671875 0.48281481406250004 0.8094639357122974 0.4829226783756172 0.8098194044622973 0.5080003533756173
1 0.827791015625 0.5082998968749999 0.8274576828125 0.4828786015625 0.8186092478570111 0.4829946253006172 0.8189425806695111 0.5084159206131171
2 0.7458416209603191 0.513694955540754 0.736956295524579 0.490197750930614 0.619163663333239 0.5347403204965634 0.6280489887689792 0.5582375251067033
2 0.7599614844764628 0.524926103436408 0.7534838728801162 0.502192980219706 0.6411017292884791 0.5342153235472011 0.6475793408848258 0.5569484467639031
2 0.7687587494201483 0.5356905340832027 0.764659289195092 0.5170385594176845 0.6715025501997613 0.53751319296484 0.6756020104248177 0.5561651676303582
2 0.7806326054091 0.5454813295784746 0.778573524962041 0.5313917557747523 0.7010421692126386 0.5427223539093381 0.7031012496596976 0.5568119277130603
0 0.6763356937274291 0.6401774639716409 0.6451087470046758 0.6334484239722633 0.6397737759624986 0.6582060203778293 0.6710007226852519 0.6649350603772068
0 0.2904579429875125 0.7729508667669721 0.2884005592169964 0.748214032507636 0.25779936497700306 0.7507591601390754 0.2598567487475192 0.7754959943984115