1 0.6810654331443957 0.7334179152523996 0.663629113204277 0.2982298046773361 0.19813864466245373 0.3168802239818659 0.21557496460257242 0.7520683345569293
1 0.5332531673672664 0.41478282076152884 0.5320278501186273 0.29771071802166205 0.5042823790879295 0.2980011117485183 0.5055076963365686 0.415073214488385
0 0.5282370621615753 0.29432338440039346 0.5174755462457707 0.26668541025498094 0.49373121056770974 0.2759308435477851 0.5044927264835142 0.3035688176931976
0 0.58710648125 0.303333984375 0.5869747459546116 0.2719311570934282 0.5620282921875001 0.27203580781250003 0.5621600274828885 0.3034386350940718
0 0.5577751650946908 0.27450713273392385 0.5344100758843979 0.2683988985112114 0.5267988859212753 0.29751306244153175 0.5501639751315682 0.30362129666424426
0 0.5903076125 0.400251953125 0.5897536015625 0.3706529953125 0.5676839944870584 0.37106607754950227 0.5682380054245585 0.40066503536200226
0 0.5339337371097902 0.41378351667012153 0.5174541608518318 0.4132940233969869 0.5169607923948607 0.4299040639351497 0.5334403686528192 0.4303935572082843
0 0.25938053478496415 0.3513767143996852 0.2590820817925003 0.30022112749132046 0.23421818125442345 0.3003661889786064 0.23451663424688732 0.3515217758869712
0 0.2892065597114474 0.30248179168255496 0.2668158114505287 0.30206694389695943 0.26585880472715095 0.353719857016397 0.28824955298806965 0.35413470480199255
0 0.32184840099819534 0.35703955905136947 0.32179598731163195 0.30456978733462226 0.2976532113520824 0.3045939043042699 0.2977056250386457 0.35706367602101713
0 0.3235447531250001 0.2545930984375001 0.2973353677045733 0.2545109574757589 0.2972396880170733 0.2850402543507589 0.32344907343750007 0.28512239531250005
0 0.35267020358691975 0.30469455363805487 0.32926625388134717 0.30426128944958886 0.32829996990880617 0.35645776009425034 0.35170391961437875 0.3568910242827164
0 0.3847633718055749 0.3057717681465689 0.36072989806021993 0.3053041285277688 0.3597142142763964 0.35750331903848187 0.3837476880217513 0.35797095865728207
0 0.4153488272130428 0.3055012586271061 0.39255902944794147 0.3051184860285361 0.391662725578533 0.35848328799243456 0.4144525233436343 0.35886606059100457
0 0.3852649171875001 0.2557246093750001 0.36140485291678176 0.25533502392879537 0.3609125701042818 0.2854847629912954 0.3847726343750001 0.2858743484375001
0 0.4204788952194064 0.256601124287153 0.39748559687500007 0.2562662765625 0.3970514547805937 0.2860779132128471 0.420044753125 0.28641276093750007
0 0.45755604086531526 0.25796457523397687 0.4333827156250001 0.25768619843749996 0.43303346538468485 0.28801394039102324 0.457206790625 0.2882923171875001
1 0.3162268515625 0.30597460937500004 0.316176440625 0.284375 0.3030683715449672 0.28440559268525034 0.30311878248246715 0.30600520206025034
1 0.3772361109374999 0.3060833328125 0.37706402527875393 0.2850509786505442 0.3664871631448091 0.28513751800195347 0.36665924880355516 0.30616987216390934
1 0.41192436119918224 0.28624949269218564 0.40422873685310867 0.28605435568114823 0.40365577490109084 0.3086502739227971 0.41135139924716446 0.3088454109338345
1 0.4480030859374999 0.3190748703125 0.44765419869435963 0.2873339793530542 0.43972462148086977 0.2874211391097484 0.4400735087240101 0.3191620300691942
0 0.44772194872405385 0.30720332798179156 0.42374535872523333 0.3064729230112133 0.4221517494528449 0.35878543138876234 0.4461283394516654 0.3595158363593406
2 0.5451681120333379 0.36904562165296273 0.5416775107140192 0.29976452962091354 0.3338699434303646 0.3102345344555544 0.33736054474968336 0.37951562648760356
2 0.5753379054484083 0.46442596453390983 0.35015648739890487 0.2654737146787642 0.08493946072572407 0.565656025764075 0.31012087877522754 0.7646082756192207
0 0.5910751539426848 0.4508498897051162 0.5683618841789673 0.4506144328289775 0.5680614208612825 0.4795985274988614 0.5907746906250001 0.4798339843750001
0 0.6834816075886123 0.5199549663387755 0.667524563023679 0.517158738361043 0.6637498683331258 0.5386995325580239 0.6797069128980591 0.5414957605357564
0 0.6838382212013304 0.5444302718952598 0.6678077556270978 0.5379330481104498 0.6603130997746145 0.5564244571511602 0.6763435653488472 0.5629216809359703
0 0.6825198352718507 0.5793086472179543 0.6804068930419637 0.5590368096547891 0.6647833141914661 0.5606652619069503 0.6668962564213532 0.5809370994701156
0 0.5686451580880941 0.6547908389002635 0.5636668897511872 0.6250186025898044 0.5408376617784887 0.6288359182118959 0.5458159301153956 0.658608154522355
0 0.5720166501146593 0.6668645372084481 0.5470148189594279 0.6612094868794316 0.5398894468316437 0.6927118326574989 0.5648912779868752 0.6983668829865154
0 0.5692488572165301 0.7024561097175233 0.5405053790212117 0.7022694730207558 0.5402817080844224 0.7367165073172267 0.5690251862797409 0.7369031440139941
0 0.5720075298441095 0.74688606188656 0.5453716443112461 0.7390218072491022 0.5359737938194309 0.7708519146775501 0.5626096793522943 0.7787161693150079
0 0.5669038062499999 0.815712890625 0.5667935320762734 0.7806582133529105 0.5400992796875 0.7807421875 0.5402095538612266 0.8157968647720895
0 0.44437061283812823 0.5962873164837225 0.44391325621968847 0.5423908122828928 0.41947835700287595 0.542598162704658 0.4199357136213157 0.5964946669054878
0 0.4118887378747396 0.5433360638607062 0.3882514003478927 0.5430933746572947 0.38771104890206953 0.595722289864472 0.4113483864289164 0.5959649790678834
0 0.38191427968926395 0.5429139295055098 0.3572053141025583 0.5418071343342147 0.35490031894222257 0.5932656585231241 0.3796092845289283 0.5943724536944192
0 0.3491868578575676 0.5414710980580832 0.32629071804190174 0.5409166116924776 0.32500487911662346 0.5940121423308871 0.3479010189322893 0.5945666286964928
0 0.31945901901354484 0.5924768426205544 0.31935842908866174 0.53902526116555 0.2937534831154571 0.5390734468229613 0.2938540730403402 0.5925250282779657
0 0.28723425967285093 0.5385271703047045 0.2636210654251833 0.5377554935415509 0.26183815249262643 0.5923123642591461 0.28545134674029404 0.5930840410222997
0 0.25644478593755926 0.5914144684609141 0.2562597679226881 0.5366322130778993 0.23041907612662463 0.5367194857443053 0.2306040941414958 0.59150174112732
0 0.2554552468750001 0.6020013015625001 0.23003297006575604 0.6018901082322072 0.22990436850325607 0.6312924519822073 0.2553266453125001 0.6314036453125002
0 0.3175720171875001 0.6044290359375 0.29345459524637085 0.604159135344919 0.2931243483713708 0.6336689009699191 0.31724177031250006 0.6339388015625002
0 0.23535802500000003 0.7106731765624998 0.23518827187500008 0.6791308593750001 0.21222448118557663 0.6792544449444495 0.2123942343105766 0.7107967621319494
0 0.5688354862092316 0.5191380653431559 0.5565432647936736 0.5188960114989791 0.5562125557053669 0.5356904125605674 0.568504777120925 0.535932466404744
0 0.2384165238285511 0.7540378741397527 0.20987345625000006 0.7535071609374999 0.209193043358949 0.7901014477352473 0.23773611093750008 0.7906321609375
0 0.3483535772007113 0.7290695512402664 0.3371043360317939 0.721357853608992 0.3269127963310826 0.7362245008062256 0.33816203749999996 0.7439361984374999
0 0.3573960906250001 0.7434199218750001 0.34892823269093043 0.7344001005534826 0.3384416738650067 0.7442449397348698 0.34690953179907635 0.7532647610563872
0 0.4461043728328594 0.6133210860863674 0.43480796117401654 0.6132503817081159 0.4347083943061306 0.6291581423735091 0.44600480596497344 0.6292288467517606
0 0.4453956032489096 0.6426509778928847 0.43536635782307814 0.6417746933684726 0.4341375008596845 0.655839198373152 0.44416674628551583 0.6567154828975641
0 0.44507129158206143 0.6693009614680482 0.43598902926021726 0.6691475771576508 0.4357355493959331 0.684156743445716 0.4448178117177773 0.6843101277561133
0 0.4443611523453767 0.6974438717954977 0.4347234961331302 0.6971635707400516 0.4342825169240524 0.7123258611819321 0.44392017313629895 0.7126061622373782
0 0.440314967664179 0.7369484152879432 0.4401779901104847 0.7200738631789381 0.42831826064401357 0.720170133392174 0.4284552381977078 0.737044685501179
0 0.4702982780962567 0.7749372394924496 0.45962033367989574 0.7744777244175464 0.4590864743779954 0.7868832368004629 0.4697644187943563 0.7873427518753662
0 0.4770226605612186 0.7645038297800163 0.46715731853429576 0.7644194437254076 0.4670410382181601 0.778013456326143 0.47690638024508303 0.7780978423807517
0 0.48563854226879577 0.7556212340803605 0.474672523887724 0.7554563943068525 0.47447380382126686 0.7686763099563446 0.4854398222023386 0.7688411497298526
0 0.4926866215522289 0.7449165667536966 0.48203882302462286 0.7440722249398736 0.4808969018197534 0.7584727280593376 0.49154470034735953 0.7593170698731605
0 0.5078429889983176 0.7478980582692802 0.5072307503915356 0.7322401341473048 0.4927078805187424 0.7328079911344846 0.4933201191255243 0.74846591525646
0 0.5260263883030423 0.8317398964204591 0.5233417899284374 0.8143209167619263 0.5100307798496371 0.8163723983482425 0.512715378224242 0.8337913780067753
2 0.6711930036499214 0.5488749337574388 0.5783290704984263 0.4747950208814603 0.5485088465666855 0.5121765886270369 0.6413727797181806 0.5862565015030153
1 0.5311543203125002 0.5165983078125002 0.49695000541348877 0.516511783632228 0.4969025738261822 0.5352622062689122 0.5311068887251935 0.5353487304491843
1 0.6663873521153827 0.5175672024746024 0.5364480453125002 0.5168365890625002 0.5363369938062189 0.5365870555972899 0.6662763006091015 0.5373176690093923
2 0.5609289177166044 0.5330222932954234 0.28512299404692637 0.5309908239100853 0.28495210346624406 0.5541920765559374 0.560758027135922 0.5562235459412753
2 0.4299796176080665 0.7357891336985303 0.4279187472722577 0.7147221150825552 0.3489965100650614 0.722442642626621 0.3510573804008702 0.743509661242596
1 0.46046120507004085 0.7942613822067869 0.25186231203354714 0.7024582412675525 0.21714306013753354 0.781348761117603 0.4257419531740273 0.8731519020568375
1 0.2470925921875001 0.5913528640625 0.23789651933608638 0.5910204116589182 0.23744328429815836 0.6035574918024038 0.2466393571495721 0.6038899442059856
1 0.31052373779841974 0.6040446128609493 0.3104465015625001 0.590625 0.30050479625338394 0.5906822192286509 0.30058203248930365 0.6041018320896003
1 0.4504113551719679 0.7828328914021263 0.3387098486520091 0.5918067104292928 0.28495050061001004 0.6232421929125869 0.39665200712996895 0.8142683738854204
1 0.44978507977460447 0.7743241092289959 0.37047615764849545 0.5915559707329081 0.3199836894628281 0.6134662624294986 0.39929261158893714 0.7962344009255864
1 0.44858173954235137 0.7642158122171088 0.4020820421781555 0.5944040047968971 0.35549054116066403 0.607162191226748 0.4019902385248598 0.7769739986469596
1 0.3747962973896926 0.7438823998094015 0.33654750005830447 0.7436011429873283 0.33606653235611195 0.8090091072404266 0.3743153296875001 0.8092903640624998
1 0.44712287184584876 0.7542871958639138 0.43351406813649696 0.5959099116630417 0.3925996381037144 0.5994255449181868 0.40620844181306615 0.7578028291190588
1 0.46404269951122823 0.6114862832967398 0.4461854610902166 0.6113062724192057 0.4459755803289885 0.632126629747466 0.4638328187500001 0.6323066406250002
1 0.5038406714494496 0.6333268975858238 0.5038255278287412 0.6115253241502484 0.4694855507665223 0.6115491770886292 0.4695006943872307 0.6333507505242046
1 0.5033766703195657 0.6400747904996383 0.46965149960872576 0.6397505562438204 0.46945692772666014 0.6599889173066821 0.5031820984375 0.6603131515625
1 0.5026168950622534 0.6682170621140092 0.4689490734375002 0.6679869796875001 0.4688054299377469 0.6890062456984909 0.5024732515625001 0.689236328125
1 0.5030243841948528 0.6953757422751841 0.46906687187500007 0.695291015625 0.46901573924264717 0.715784413974816 0.5029732515625 0.715869140625
1 0.5015280369198287 0.7367490319646539 0.5015272640625 0.719958984375 0.4381000508198186 0.7199619039728351 0.4381008236771473 0.736751951562489
1 0.46279026860757366 0.7145127295485699 0.4627484562500001 0.6950950515625001 0.4440693680695228 0.6951352735043156 0.4441111804270963 0.7145529514903854
1 0.46371520504053276 0.6664443670616442 0.44524055515967537 0.6660744327173354 0.44481650168164266 0.6872518109681912 0.46329115156250006 0.6876217453125001
1 0.46440329218750015 0.6396028640625001 0.4449398586679828 0.6392907014826008 0.4446090977304828 0.6599137483576009 0.46407253125000014 0.6602259109375002
1 0.5634984983117775 0.7025196188472621 0.5390971747772052 0.6843277453984868 0.4877023068849825 0.7532652741794581 0.5121036304195548 0.7714571476282333
1 0.5511314152977372 0.7659273377548165 0.5506298886456156 0.7312239822146236 0.48497565782648433 0.7321728053490956 0.485477184478606 0.7668761608892886
1 0.5471053403617233 0.7677165689985899 0.4760731643948553 0.7671400110751738 0.4759940030965829 0.776892715947104 0.547026179063451 0.77746927387052
1 0.5445771609375001 0.7797552078125001 0.46786350219806716 0.7779141169385522 0.4675884326697723 0.7893755772183361 0.5443020914092053 0.7912166680922839
1 0.51702880625 0.797578125 0.5169763374999999 0.7893600265625 0.49169434196332773 0.7895214403875357 0.49174681071332776 0.7977395388250356
1 0.516967078125 0.8072955734375002 0.5169511165565077 0.7995395118993834 0.4919590438726809 0.7995909442762341 0.4919750054411732 0.8073470058143508
1 0.5171851859375001 0.8170735671875002 0.5170773216243829 0.8094639357122974 0.4919996466243828 0.8098194044622973 0.4921075109375 0.8174290359375002
1 0.5171213984374999 0.8274576828124998 0.5170053746993827 0.8186092478570108 0.49158407938688276 0.8189425806695109 0.491700103125 0.8277910156249998
2 0.5195950068063665 0.7211471337404894 0.44588631718749994 0.6264895828125001 0.4134748693234309 0.6517279851088809 0.4871835589422974 0.7463855360368703
2 0.4843071343391854 0.7590155955354223 0.47477827761387276 0.6445344457014832 0.4440823575872974 0.647089425489939 0.45361121431261003 0.7615705753238781
2 0.46988606915105047 0.7679254091720304 0.46677917996379226 0.674600244996647 0.4447591332741211 0.6753333146415553 0.4478660224613793 0.7686584788169388
2 0.4633221765023182 0.7796018947443767 0.4578972467818213 0.7020135330696333 0.4436157756911765 0.7030120845959156 0.44904070541167346 0.780600446270659
0 0.3665515760277368 0.6451087470046759 0.34179397962217084 0.6397737759624986 0.3350649396227932 0.6710007226852519 0.3598225360283592 0.6763356937274292
0 0.2520266316026986 0.288136986857101 0.24858387593230113 0.25763631342695387 0.22391289911932044 0.2604210435907536 0.22735565478971798 0.2909217170209007