1 0.8338366550432872 0.6373079235671039 0.770196865565557 0.21620368418182462 0.30485531312688247 0.28652888080218564 0.3684951026046126 0.707633120187465
1 0.5031098742342313 0.7004266673544256 0.479738329374271 0.5829098822204652 0.4544342928254178 0.5879423073728846 0.477805837685378 0.7054590925068449
0 0.5033215100595353 0.7281883448540054 0.49784923432794814 0.6985972942058403 0.473264019380519 0.7031438402785803 0.4787362951121061 0.7327348909267456
0 0.43807042531580753 0.6967456285561563 0.41289351874999997 0.6966660156249999 0.41279480124669243 0.7278845792563435 0.4379717078125 0.7279641921875
0 0.4723489908961181 0.7016859205735382 0.4488578918078595 0.6966212780554235 0.4424437501945224 0.7263716968986301 0.4659348492827811 0.7314363394167448
0 0.43178208520473194 0.599797486123456 0.40969238750000014 0.599748046875 0.40962614478281045 0.6293456164894835 0.4317158424875422 0.6293950557379394
0 0.48295584089104293 0.5700367956967601 0.46645966652151605 0.5696896531383964 0.4661092378163481 0.5863419848253719 0.4826054121858749 0.5866891273837357
0 0.7655491808170158 0.6487187754915903 0.7407110699937702 0.6485738644671967 0.7404135411471796 0.6995710504691518 0.7652516519704251 0.6997159614935453
0 0.7334267261980802 0.6978446146494336 0.7329877485807235 0.6458281187607235 0.7105441595131489 0.6460175246998491 0.7109831371305058 0.6980340205885591
0 0.7023530709372088 0.6430208594354903 0.6782450763934792 0.6428793393081399 0.6779373817581432 0.6952952092532869 0.7020453763018729 0.6954367293806373
0 0.7027617912597872 0.7152382850939836 0.6765509265625 0.7148776046875001 0.6761308828347272 0.7454024380793131 0.7023417475320144 0.7457631184857966
0 0.6709900605492078 0.6433293843284237 0.6475546510930245 0.6432574876610565 0.6473943810425625 0.695499050360429 0.670829790498746 0.6955709470277962
0 0.6402876880113053 0.6424973554452277 0.61625290022919 0.6420278209063001 0.6152331611531965 0.6942267759408101 0.6392679489353118 0.6946963104797377
0 0.6083386193470985 0.641518985870962 0.5855488966790505 0.6411322951083465 0.5846434197687477 0.6944968170031725 0.6074331424367957 0.6948835077657879
0 0.6387958624576088 0.7142796537308628 0.6149321009908374 0.7141237222330978 0.6147350041582287 0.7442874278772351 0.6385987656250001 0.7444433593750001
0 0.6029193789818726 0.7138989531798539 0.5799552468750001 0.7135872390625001 0.5795502710181275 0.7434220093201463 0.602514403125 0.7437337234375001
0 0.5669356163342736 0.7119608808417649 0.5427621197516437 0.7117073567542335 0.5424437877923702 0.7420602774749685 0.5666172843750001 0.7423138015624999
1 0.6969315843749999 0.7155755203124998 0.6968500514126192 0.6939760284157672 0.6837420264126193 0.6940255081032672 0.683823559375 0.715625
1 0.6333471322551809 0.6940032587484095 0.6227638890625001 0.6939166671875001 0.6225931974323192 0.7147786428140906 0.633176440625 0.7148652343750002
1 0.5957878929059081 0.7136008090023704 0.5952146552904253 0.6909940194121164 0.5876454038882595 0.6911859519997774 0.5882186415037423 0.7137927415900316
1 0.5602073618420718 0.6810153766970886 0.5519969140625001 0.6809251296875001 0.5516498857264979 0.7124969019132263 0.5598603335060696 0.7125871489228148
0 0.5771940485181879 0.6409478265609125 0.5532853581553423 0.6405703513931836 0.5524565486594013 0.6930658565345149 0.5763652390222469 0.6934433317022439
2 0.6648281257834663 0.6426447229417218 0.6519029297289526 0.5972930697970935 0.44619754864360106 0.6559189895958193 0.4591227446981147 0.7012706427404476
2 0.8738270572942379 0.3334781673968627 0.5851888536522311 0.1988022058897858 0.42174787985826245 0.54908972973206 0.7103860835002693 0.683765691239137
0 0.4319389702678193 0.5205129837608479 0.4092253093750002 0.5201660156250002 0.4087826191542855 0.5491459550344564 0.4314962800471046 0.5494929231703041
0 0.33422538939501684 0.4598985680318973 0.31770961400621905 0.4598539189327622 0.31765141826111426 0.48138062100182477 0.3341671936499121 0.4814252701009599
0 0.3402119993014553 0.4450931462268759 0.3241466193499132 0.43680797478738925 0.31511931730570986 0.4543123847246743 0.33118469725725197 0.4625975561641608
0 0.3350818554177134 0.4394472980283382 0.3331976143695785 0.41916014281222636 0.3175831567305338 0.4206103906027339 0.3194673977786686 0.4408975458188459
0 0.4579264882261832 0.3722180443780533 0.4550263526820072 0.3419610342419667 0.432154428343497 0.34415330903843466 0.43505456388767294 0.3744103191745213
0 0.4601583105754977 0.30737812625424843 0.43518956863271496 0.30160774988574035 0.42791661977997997 0.3330782071782775 0.4528853617227627 0.33884858354678554
0 0.45994398974453443 0.2972630918533302 0.4589463655788621 0.2629088665698171 0.4303627972721146 0.26373891464246685 0.4313604214377869 0.29809313992597997
0 0.4644868780816667 0.23015888296467918 0.4380335360410227 0.22094426834208963 0.4271537861011646 0.252177885618952 0.4536071281418087 0.26139250024154154
0 0.46001046398118295 0.18437177564900853 0.43309619374999986 0.18428710937500004 0.4329864500813169 0.21917314622599154 0.45990072031249996 0.21925781250000004
0 0.5805257410772177 0.4573994186283222 0.5800590186411808 0.4035027685206566 0.5556212868561544 0.4037143890515641 0.5560880092921912 0.45761103915922974
0 0.6119375068814963 0.4567958632345361 0.6113949302355473 0.40395021895288136 0.5877481553580087 0.4041930050514326 0.5882907320039578 0.4570386493330873
0 0.6439485940665396 0.40607204684670994 0.6188693454285621 0.40585265740092885 0.6184152728523153 0.45775943440578076 0.6434945214902928 0.45797882385156186
0 0.6742171439739167 0.4058434499425469 0.6513913461579749 0.40567778469103766 0.6510054476793 0.4588479007622713 0.6738312454952419 0.4590135660137805
0 0.7062555528788133 0.4609210049946407 0.7061158135471993 0.40746227497007653 0.6805083123814957 0.40752921212132487 0.6806480517131096 0.460987942145889
0 0.7373650941791585 0.40742872602035307 0.7136566061110602 0.4071826041260951 0.7130905135548395 0.4617133018320322 0.736799001622938 0.4619594237262902
0 0.7695504121830774 0.4632902670063778 0.7693996699660791 0.40850255307773436 0.743562681152528 0.40857364063906954 0.7437134233695263 0.463361354567713
0 0.7700941359375002 0.36904947968750007 0.7446733546875002 0.36859635468750007 0.744149384023262 0.39799165098988376 0.7695701652732619 0.39844477598988376
0 0.7068755404889269 0.366392733996424 0.6827582296875 0.3660611984375001 0.6823525794445604 0.3955699275083859 0.7064698902459872 0.3959014630673098
0 0.7876080250000002 0.28962304687500007 0.7646419750000001 0.28932682343750005 0.7642352280434492 0.3208617047430841 0.7872012780434493 0.32115792818058414
0 0.44360127655878634 0.4641984421640501 0.4312373814648659 0.464190167918728 0.4312260777526151 0.48108088205636645 0.44358997284653556 0.4810891563016885
0 0.7904641588409005 0.20962608902035548 0.7622638890625 0.2093678390625001 0.7619262739715996 0.24623458910464463 0.7901265437500001 0.24649283906250002
0 0.6726241995017067 0.2621228362094742 0.6608360079192612 0.2555009660232448 0.6518105972391354 0.2715679179892959 0.6635987888215809 0.27818978817552525
0 0.661328002962739 0.2548206500470882 0.6522535190242061 0.24630147454710558 0.6421084225131539 0.2571078624827217 0.6511829064516867 0.2656270379827043
0 0.5652704608439862 0.38667567211374915 0.5651708066011236 0.37075395158150265 0.5538374454116033 0.3708248872273171 0.553937099654466 0.3867466077595636
0 0.5656572364242878 0.34404796427941164 0.555456981464993 0.3434877792689105 0.5546882235554027 0.3574858808474941 0.5648884785146976 0.35804606585799525
0 0.5643234912379116 0.3159235258710299 0.5552133569427712 0.3156145565425956 0.5547039472795443 0.33063478676012825 0.5638140815746848 0.3309437560885625
0 0.5662325907204282 0.2883471195143449 0.5563636614879539 0.2872553670922505 0.5547179783581014 0.30213156980901135 0.5645869075905757 0.3032233222311057
0 0.5717716298408925 0.2797243522186578 0.5712934657075199 0.2628817435312584 0.5593734027453184 0.2632201558687921 0.559851566878691 0.2800627645561915
0 0.5415452532165423 0.2137370157242156 0.5315834664389655 0.21142271571902596 0.5286368335440965 0.2241063472899783 0.5385986203216733 0.22642064729516792
0 0.5332961987385398 0.22241853381984197 0.5236239744419333 0.22123996979096675 0.5219472052864792 0.23500085758987677 0.5316194295830858 0.236179421618752
0 0.5255544099856898 0.2443514205661455 0.5253551102794775 0.23109294419750936 0.5142551271312622 0.2312597977121134 0.5144544268374747 0.24451827408074953
0 0.5189771150584914 0.24129555806346073 0.5083056702829317 0.24093984690381606 0.5078225889135696 0.25543243735388826 0.5184940336891292 0.25578814851353293
0 0.5071104523770837 0.25250228223096755 0.4926252002772985 0.2519358961318032 0.4920274669906801 0.26722284854443495 0.5065127190904654 0.26778923464359927
0 0.4905019577840937 0.18243054271258086 0.4852722075800123 0.16575340716964837 0.4722577811257607 0.16983457561910476 0.47748753132984206 0.18651171116203724
2 0.44539620275696745 0.5045595499531406 0.3726499841331211 0.4133674882856452 0.32869062772139396 0.4484349809337574 0.4014368463452402 0.5396270426012528
1 0.5031729151241657 0.4648798376446722 0.46897108341155286 0.46465109627104884 0.4688456796875001 0.4834016921875001 0.5030475114001131 0.4836304335611235
1 0.4637239068721925 0.4634588590592516 0.3337350197875825 0.46232450831339145 0.3335626473945529 0.4820772132116039 0.4635515344791628 0.483211563957464
2 0.7150643905377134 0.44672525028393395 0.439317185956662 0.4437173517201263 0.4390636372798601 0.46696126682238814 0.7148108418609114 0.4699691653861958
2 0.6500404289006052 0.2784333755039299 0.6496700818529081 0.25704933218976056 0.5709058924029369 0.2584134374059024 0.571276239450634 0.2797974807200717
1 0.7836499201114094 0.20130547454119388 0.563536348473433 0.13887408591556907 0.538797988293396 0.22609381521468147 0.7589115599313723 0.2885252038403062
1 0.7625262343750001 0.3964414062500001 0.7533292355788374 0.3961314317257111 0.7529074078125001 0.4086471359375 0.7621044066086629 0.40895711046178906
1 0.6995659712284861 0.3960076307961833 0.6896307630949712 0.39595044896185894 0.6895534984375 0.409375 0.6994887065710149 0.4094321818343244
1 0.7180486795728683 0.3655155943697371 0.5837316531386095 0.19144688288873182 0.5278012367711389 0.23460459428782157 0.6621182632053977 0.4086733057688268
1 0.6379846916541607 0.40536403064162385 0.6224829589485019 0.21858945648103187 0.5526794935950248 0.2243829359559626 0.5681812263006835 0.41115751011655455
1 0.6083112692322941 0.40382692735442804 0.6081210970413378 0.2351480734888216 0.5535164609375001 0.2352096359375 0.5537066331284562 0.40388848980310643
1 0.6639344750382734 0.19116882823809395 0.6256846703125001 0.1907096359375001 0.6249004663833624 0.2560322624621816 0.6631502711091357 0.2564914547627754
1 0.5997016832974672 0.4026976761180583 0.5949168683064163 0.2443982616704823 0.5533778121250215 0.24565383611100974 0.5581626271160722 0.4039532505585857
1 0.5540290220007426 0.367887976093183 0.5361671812500001 0.3676933593750001 0.5359403320611649 0.3885134827602936 0.5538021728119074 0.38870809947847657
1 0.5305002663000667 0.3668411512155171 0.49616436486149745 0.3664453893529389 0.49591313985420626 0.38824141849294325 0.5302490412927756 0.3886371803555214
1 0.5305462583901496 0.34001657793968115 0.4968179015625001 0.3396868484375001 0.49662007984331014 0.35992222770736615 0.5303484366709597 0.36025195720954717
1 0.5315625293393504 0.311617424835603 0.4975267484375001 0.3107636718750001 0.4970080415135568 0.33144248182389036 0.5310438224154072 0.3322962347844932
1 0.5310573360567017 0.2842992423816222 0.4970269840528526 0.2840921432600926 0.496902776121151 0.30450188525347044 0.5309331281250002 0.30470898437500005
1 0.562074492184843 0.2793482290944552 0.5618924392272382 0.26263472887011374 0.49829068297989537 0.2633275154006586 0.49847273593750013 0.28004101562500006
1 0.5559515044315962 0.304836923975914 0.5558809518841379 0.2854419911429637 0.5371809912025416 0.2855100156045497 0.53725154375 0.3049049484375
1 0.555198997911597 0.31279414154218343 0.5367088484375 0.31237825468749997 0.5362334039501008 0.3335163107228076 0.5547235534241979 0.33393219757749104
1 0.5553933593908367 0.3400940223027806 0.53592746875 0.33977408906250006 0.5355885191856185 0.3603970013526521 0.5550544098264552 0.36071693459293264
1 0.512401235073792 0.24719074984162476 0.48962294370979986 0.2281442778951705 0.43453105279596754 0.29403045075471484 0.4573093441599597 0.3130769227011691
1 0.5173205995396981 0.23979820876202282 0.5067572548253697 0.21728757075744043 0.44176279677893254 0.24778687800611615 0.452326141493261 0.2702975160106985
1 0.5239948562500001 0.22447981718750007 0.45304489521897845 0.22245268691329528 0.4527671061338049 0.2321753599051127 0.5237170671648265 0.23420249017931752
1 0.5323518515625 0.21311262968750005 0.45603769698063495 0.20867253965400007 0.45536460037757376 0.2202414037596793 0.5316787549594387 0.22468149379317928
1 0.508256944351291 0.202637433040884 0.48297119374999997 0.20242187500000006 0.4829011443341577 0.21063892898458986 0.5081868949354488 0.21085448702547377
1 0.5080355503306289 0.20042672414875903 0.5080250914470328 0.19267072488416656 0.48303292187500013 0.19270442656250003 0.48304338075859626 0.2004604258270925
1 0.5079991626279742 0.19018063096745577 0.5078924890625001 0.1825709640625 0.482814759041268 0.18292250781714445 0.48292143260674203 0.1905321747221002
1 0.5084409389725425 0.1809818245019163 0.508298685476068 0.17213363517540245 0.4828786015624999 0.17254231718749996 0.48302085505897435 0.18139050651401384
2 0.5582375251067033 0.3719510112310207 0.513694955540754 0.25415837903968075 0.490197750930614 0.26304370447542097 0.5347403204965634 0.3808363366667609
2 0.556948446763903 0.3524206591151742 0.5249261034364079 0.24003851552353694 0.502192980219706 0.24651612711988352 0.5342153235472011 0.3588982707115208
2 0.5561651676303581 0.32439798957518223 0.5356905340832026 0.23124125057985162 0.5170385594176844 0.23534071080490798 0.53751319296484 0.32849744980023854
2 0.5568119277130604 0.2968987503403024 0.5454813295784746 0.21936739459090004 0.5313917557747525 0.22142647503795895 0.5427223539093382 0.2989578307873613
0 0.6636903480500951 0.32814139531622927 0.6385571090335411 0.3243991270752168 0.6338320587870235 0.356132773506404 0.6589652978035775 0.35987504174741647
0 0.7754959943984114 0.740143251252481 0.772950866766972 0.7095420570124877 0.748214032507636 0.7115994407830037 0.7507591601390754 0.742200635022997