0 0.0812886237400399 0.8856902226479798 0.07382719890702447 0.8345963492385063 0.03184196679041097 0.8407276059358452 0.03930339162342639 0.8918214793453186
0 0.9645061734375 0.82421875 0.9233539093750001 0.82421875 0.9233539093750001 0.8776041671874999 0.9645061734375 0.8776041671874999
1 0.992906315328422 0.9198772733286628 0.9860116755082832 -0.00600737874856482 -0.0005782820076390067 0.0013393057352721132 0.006316357812499998 0.9272239578124998
1 0.8910966981158616 0.8722945432928413 0.8903128568669227 0.8219604458387255 0.12092500718856129 0.8339419447333845 0.12170884843749999 0.8842760421875001
0 0.12461700227592169 0.8724041638363575 0.11380034379563612 0.8707266336937703 0.11170189180123531 0.8842573822534951 0.12251855028152088 0.8859349123960824
1 0.1309429549208466 0.8282412262139764 0.028614196875000043 0.7670930984375 0.010839460136489888 0.796838354771306 0.11316821818233644 0.8579864825477828
0 0.1392904556525556 0.8221474342458643 0.1222483388475432 0.8210261320664334 0.12099392175074719 0.8400913966114935 0.13803603855575958 0.8412126987909245
1 0.1378909468750001 0.7930013015624999 0.1221707812500001 0.7930013015624999 0.1221707812500001 0.8202539062499999 0.1378909468750001 0.8202539062499999
2 0.11628117957942856 0.874247953614615 0.030645892793402213 0.004089884640759845 -0.06335973699006398 0.013341306138811853 0.022275549795962378 0.8834993751126671
0 0.04365160804016165 0.012445203006592846 0.0431611281222786 -0.00033189587226662516 0.024163326332116937 0.0003973808086405274 0.02465380625 0.013174479687499999
1 0.17694958906250008 0.7868391921875 0.14179526718750007 0.7868391921875 0.14179526718750007 0.818505859375 0.17694958906250008 0.818505859375
0 0.18494795286773785 0.7910725894876881 0.18474201484214042 0.7746404080711128 0.17315648358631242 0.7747856049486203 0.17336242161190984 0.7912177863651956
1 0.19537773653042997 0.820303490121024 0.19236552168748608 0.38140627888810374 0.0984687523445561 0.3820507059545796 0.10148096718749997 0.8209479171874998
2 0.17970894399692142 0.7273986068840171 0.1753048778467027 0.7273588230202326 0.17487216822478138 0.7752596958237153 0.1792762343750001 0.7752994796874999
0 0.1824694215187807 0.7154662189985194 0.17339920925062396 0.714442421238097 0.1719461008375865 0.7273160592400558 0.18101631310574323 0.7283398570004783
1 0.1566666671875 0.7423470046875 0.15591337696356272 0.7168028091844938 0.14091458928019726 0.7172451186763491 0.14166787950413456 0.7427893141793553
1 0.14973254026152022 0.7397137557226052 0.039307895953811504 0.26591380419324256 -0.030406756392404467 0.28216162284226876 0.08001788791530426 0.7559615743716314
1 0.1186640953125 0.74250390625 0.11625966401812202 0.6956128031961756 0.1000956820392771 0.6964416423912587 0.10250011333365508 0.7433327454450832
2 0.19852787124550156 0.6880839992302729 0.1138978888392475 0.6868787418324293 0.11381754884374604 0.6925200035396565 0.1984475312500001 0.6937252609375001
0 0.11580791095366658 0.694736231989544 0.11234517017603948 0.6844824592934609 0.1016219812476862 0.6881037238434925 0.1050847220253133 0.6983574965395757
0 0.20807531443565347 0.6848005991234196 0.19854151409619133 0.6834468585304495 0.19686291667154482 0.6952684828357406 0.20639671701100695 0.6966222234287108
1 0.1926399756525565 0.7143118416786346 0.17864176410241994 0.460090937806574 0.11104361208874236 0.4638131070612391 0.12504182363887895 0.7180340109332997
0 0.11399308859016224 0.4719331707085475 0.11094863244478659 0.46021526549854386 0.10015566263339097 0.4630194120315867 0.10320011877876663 0.47473731724159035
1 0.3846152265625 0.7901087234374999 0.36832856401396047 0.7896668815893287 0.36746590932646045 0.8214650597143285 0.383752571875 0.8219069015624998
0 0.38480282279931466 0.8221166887984819 0.370854117911606 0.8195630749899576 0.36803523589392517 0.8349607648233407 0.3819839407816338 0.8375143786318648
1 0.3682784513945389 0.8147560111512592 0.32592205459845125 0.5361130344040973 0.2946113545641377 0.540872560196201 0.3369677513602253 0.8195155369433629
1 0.45066572339618016 0.8103590915423717 0.3573424341318983 0.08737820990653886 0.2843721761607168 0.09679730336434342 0.37769546542499866 0.8197781850001764
1 0.4028595671875002 0.7120501296875 0.3874405121700927 0.7119754707957363 0.38730737562691553 0.7394717225559668 0.40272643064432306 0.7395463814477304
1 0.38681524171258375 0.7621008471179802 0.3834284359107525 0.712079893871317 0.36768275846408127 0.7131459981390063 0.37106956426591253 0.7631669513856694
1 0.3639823023799807 0.7382346985270222 0.363123696213975 0.6932026265284313 0.34816042736395103 0.6934879244134284 0.3490190335299567 0.7385199964120193
2 0.453213706621758 0.7797780404770324 0.404272949741704 0.7477588064448216 0.39157771922296625 0.7671632116135634 0.4405184761030202 0.7991824456457741
2 0.3862192425863197 0.6464538784218744 0.3828969495326363 0.6438051397347866 0.35547273593749995 0.6782031250000001 0.3587950289911833 0.6808518636870879
0 0.36118820280798036 0.6934355726969771 0.3597299427396098 0.6784021730875691 0.3490578659323366 0.6794373789531067 0.3505161260007072 0.6944707785625146
0 0.39527133533003245 0.7716168226074228 0.39511772108422166 0.7554952828818249 0.3815388266717469 0.7556246695073967 0.38169244091755766 0.7717462092329946
0 0.4594434826275415 0.7966026598982219 0.45059119076269766 0.7850543982486113 0.44067908600703765 0.7926524980279812 0.4495313778718815 0.8042007596775915
0 0.3936036491262356 0.6458314164198935 0.39275656282506854 0.6324255707095215 0.38165863952280393 0.6331268244016686 0.38250572582397097 0.6465326701120405
1 0.7876002952518983 0.8606838842103046 0.7874022640625 0.6737441406250002 0.4550928169770452 0.6740961665441145 0.4552908481664435 0.8610359101294189
0 0.33288430371891853 0.5305723968610445 0.32433592829166386 0.5232258957077581 0.31613472527869374 0.5327688006698896 0.3246831007059484 0.540115301823176
2 0.38005960829498386 0.46305651073843246 0.3728578683646175 0.4578010646730837 0.3242640444108262 0.5243910511339178 0.33146578434119256 0.5296464971992666
0 0.3811146587547743 0.4580687434631049 0.377507652774214 0.44563528285200515 0.36623533608377185 0.44890543546590383 0.3698423420643322 0.4613388960770036
1 0.3824002062500001 0.47874414062500004 0.3661640953125001 0.47874414062500004 0.3661640953125001 0.5095846359375 0.3824002062500001 0.5095846359375
0 0.3823820512270133 0.521732636731055 0.3779300471260352 0.5064931811895368 0.3653415953267233 0.5101707298317976 0.3697935994277014 0.5254101853733157
1 0.4379127735960803 0.0001972778870633199 0.3479704837991251 -0.0021886067270314195 0.3345633623551963 0.5032286272536464 0.42450565215215147 0.5056145118677411
1 0.4000684156250001 0.4029531250000001 0.385617415431731 0.40281894656512074 0.385376674806731 0.42874668094012075 0.3998276750000001 0.4288808593750001
1 0.3808139414224838 0.42889561814520205 0.3804502365883794 0.38483971903086184 0.36411398085486985 0.38497458349398456 0.3644776856889743 0.4290304826083247
1 0.3734698832149782 0.4509594589925269 0.3556631893920201 0.36985007715646234 0.33360086901242536 0.3746936226888088 0.3514075628353835 0.4558030045248732
1 0.7116599398154203 0.02504585538163444 0.5530805365943972 -0.01895226767611826 0.373194649338342 0.6293980406201127 0.531774052559365 0.6733961636778655
1 0.6308405343750001 0.785484375 0.6145653296875002 0.785484375 0.6145653296875002 0.8160859374999999 0.6308405343750001 0.8160859374999999
1 0.6318284441599936 0.8310812442589988 0.6274222629136915 0.8138764609483509 0.6144133807128945 0.8172080630821036 0.6188195619591966 0.8344128463927515
1 0.6585647403361079 0.8097545888246713 0.6042981638798641 0.6417089862357976 0.54549580911187 0.6606978941968787 0.5997623855681139 0.8287434967857525
1 0.8774104937500002 0.8121087234375001 0.8771714279849052 0.7816512938088016 0.8602829218750001 0.7817838546875 0.8605219876400951 0.8122412843161986
0 0.8769519125394117 0.8117141231533573 0.8617972986937538 0.8115108465706149 0.8615482121876017 0.830080667865192 0.8767028260332597 0.8302839444479346
1 0.9468813062022559 0.8099007000278936 0.9413747456171622 0.15350180236750072 0.8355721032558542 0.1543893856073601 0.8410786638409478 0.8107882832677531
1 0.8565306040700588 0.8100790635617952 0.853481670447246 0.39342067696158833 0.7995694717016824 0.39381518411834177 0.802618405324495 0.8104735707185485
0 0.9013601847960692 0.8273693677582781 0.9008790725322843 0.8129551902072784 0.886548061413154 0.8134335265658711 0.8870291736769389 0.8278477041168706
2 0.9086765654893629 0.8047411554519078 0.8774759071732869 0.7610683900814308 0.8629429211750714 0.7714510330534547 0.8941435794911474 0.8151237984239319
0 0.8763384398624833 0.7637623462176881 0.8736599469832591 0.7497094600952036 0.8621794625026539 0.7518976508813043 0.864857955381878 0.7659505370037889
1 0.8688603756661675 0.7542427483920022 0.8547183684956365 0.7026233419818879 0.8340114053062413 0.7082963638600893 0.8481534124767721 0.7599157702702036
1 0.895094956982919 0.7312670955392258 0.89482253125 0.7055592453124999 0.8789878617670812 0.7057270450857742 0.8792602875000002 0.7314348953125
1 0.8769598765625 0.73194921875 0.8767129967206013 0.6875444558737837 0.8600050716773863 0.6876373479336877 0.8602519515192849 0.732042110809904
0 0.8753765262168338 0.6720545201447135 0.8633867538459045 0.6710308943990535 0.8619651083582826 0.6876826891209168 0.8739548807292119 0.6887063148665769
0 0.8359898608508043 0.6835881632314982 0.8290082070326601 0.6688835360632643 0.8157677891160835 0.6751699936009834 0.8227494429342279 0.6898746207692172
0 0.8010873493613377 0.6738405827795882 0.787920437199942 0.6732567140895441 0.787226146560305 0.6889137685308244 0.8003930587217007 0.6894976372208685
2 0.8204495890624999 0.6851100265625001 0.820284669504359 0.6775565699209058 0.8006642991918593 0.6779849542959059 0.8008292187500002 0.6855384109375
1 0.8646566339856758 0.6832499089682855 0.8646270578124999 0.6727858078125 0.8312832760717168 0.672880052071842 0.8313128522448926 0.6833441532276275
1 0.9577875138260769 0.6786124480648736 0.9528721702573824 0.6532643012384123 0.8711561937976888 0.6691101183744973 0.8760715373663833 0.6944582652009587
0 0.9618009265625 0.6411041671875002 0.94970113125 0.6411041671875002 0.94970113125 0.6560898437500001 0.9618009265625 0.6560898437500001
1 0.8748562945574596 0.5017644218101435 0.874272634375 0.47135612031249996 0.8574691078954146 0.47167864899210404 0.8580527680778742 0.5020869504897475
0 0.8750339187679254 0.5175555413893419 0.874684368652791 0.5013017960572089 0.8590222533068145 0.5016386226845839 0.8593718034219489 0.5178923680167169
1 0.9395659582789815 0.4923443219772989 0.9168787701881185 0.2576063435412491 0.8336718483455545 0.26564820834250996 0.8563590364364175 0.5003861867785597
1 0.892570310273914 0.41996583687963895 0.8919295265624999 0.3945286453125 0.8775331778372448 0.3948913011403901 0.878173961548659 0.42032849270752903
1 0.8733930046875 0.3763170578125001 0.8579459875 0.3763170578125001 0.8579459875 0.42194466093750016 0.8733930046875 0.42194466093750016
1 0.6488251031250001 0.7092688796875 0.6349547328125 0.7092688796875 0.6349547328125001 0.7352076828125 0.6488251031250002 0.7352076828125
1 0.9652612625034391 0.014443304693579951 0.8612874724726598 -0.023363883119572916 0.5866448210956733 0.7319326363912749 0.6906186111264525 0.7697398242044278
0 0.6098532312574628 0.640071790801392 0.6029499059023858 0.628100813874705 0.5918779217336962 0.634485715417062 0.5987812470887732 0.646456692343749
0 0.05983348071792423 0.5126036880308235 0.0476806896427499 0.5118930990203959 0.046650476783786976 0.5295122311125209 0.0588032678589613 0.5302228201229483
1 0.1370211095102913 0.5244797179746944 0.13593351182095642 0.4805873846772896 0.05807906949816509 0.4825165213900953 0.0591666671875 0.5264088546875001
1 0.11652144697653662 0.5088701927014676 0.1160764031147116 0.4730684241346223 0.099087363950675 0.47327961112065464 0.09953240781250002 0.5090813796875
1 0.1633903019763126 0.509396738127673 0.16329695513189318 0.48004378298389205 0.1377582296875 0.480125 0.13785157653191946 0.509477955143781
0 0.17108000538346788 0.5029159023303496 0.16314788582662526 0.49563239511957846 0.1552921679969874 0.5041876819101726 0.16322428755383 0.5114711891209437
2 0.1796311276723227 0.46234648484922447 0.1670326806277804 0.46120726007776247 0.16359079505601795 0.4992703484124501 0.17618924210056025 0.5004095731839121
0 0.18292872451685943 0.4619769875732899 0.18077584251723047 0.4473220751812895 0.1687437644993044 0.44908964932230344 0.17089664649893338 0.46374456171430384
2 0.15935297171645502 0.44282783892057004 0.15269344715277983 0.42769985997046434 0.10296685410534905 0.4495901249529476 0.10962637866902421 0.46471810390305335
0 0.16898662500000003 0.43505533906249994 0.15745370312500004 0.43505533906249994 0.15745370312500004 0.44762890625 0.16898662500000003 0.44762890625
1 0.3321033387496434 0.07474081613809389 0.24143635428430402 0.05600299807745836 0.1153254266846564 0.6662179909109934 0.20599241114999572 0.6849558089716289
1 0.15500462968750003 0.40587304687500003 0.1378085344879257 0.4057772235066583 0.13764443917542574 0.4352251406941582 0.15484053437500006 0.43532096406249987
1 0.16463189608196238 0.4154646793333229 0.062086554734839795 0.24741937947277887 0.02097681319563176 0.27250554660942883 0.12352215454275435 0.4405508464699729
0 0.04837977954935879 0.24697170957923803 0.028748341705016445 0.24128009072641993 0.022114320357486228 0.26416204770735774 0.041745758201828576 0.26985366656017584
0 0.11234316793250602 0.38566872263511814 0.11064084165688896 0.3705781607476435 0.09899765872916008 0.3718915973431449 0.10069998500477713 0.38698215923061957
2 0.15075886427056368 0.3124575009939863 0.1437471131394063 0.3074951566910994 0.0999853146178324 0.36933021317974746 0.10699706574898978 0.37429255748263424
0 0.1622357292649746 0.30780402961378367 0.1548465907642103 0.2978005714003791 0.14401260993673573 0.3058031824115955 0.1514017484375 0.3158066406250001
1 0.3509884715327721 0.012777653339632832 0.3060391649759248 -0.010645106054638998 0.14454275799527197 0.29927360945665116 0.1894920645521192 0.32269636885092295
0 0.029650017185130474 0.4435497825186875 0.022647094139289337 0.43647129720697553 0.0163722153341058 0.44267919218162133 0.023375138379946935 0.44975767749333323
1 0.17865855537675404 0.4323150237960034 0.11279226883650631 0.09015571235516373 0.04866356592128322 0.10250060369797562 0.11452985246153094 0.44465991513881536
1 0.2195713732297646 0.0008613111697642034 0.11326141594493208 -0.008497036381186134 0.07380400139133039 0.4397355210148426 0.18011395867616295 0.44909386856579286
2 0.09297541701050745 0.358507045601532 0.06408414280003169 0.2545982573405087 0.037322459073180145 0.2620391981485589 0.0662137332836559 0.3659479864095822
0 0.1520606710231151 0.25634185738998433 0.13850852937921085 0.23720132861352203 0.12154972995993607 0.24920873209357636 0.1351018716038403 0.26834926087003863
2 0.13077506964945748 0.25440750360574305 0.048592529426660355 0.16460985480801965 0.022205352228780117 0.18875932063997855 0.10438789245157727 0.278556969437702
1 0.1364209482924748 0.0019181912989118173 0.04897188334290749 -0.0009997926335784159 0.040513566481030126 0.25248751837676475 0.12796263143059744 0.255405502309255
1 0.1513955765625 0.09239257812500003 0.13522479375000002 0.09239257812500003 0.13522479375000002 0.11910221406249999 0.1513955765625 0.11910221406249999
0 0.1331044234375 0.2020677078125 0.11862743292285768 0.2011239451519405 0.11761949309574837 0.21658539104951485 0.1320964836103907 0.21752915371007436
1 0.13408035691535883 0.2024219134335392 0.13352128768511326 0.16987832389235408 0.11671702216009434 0.17016700587010652 0.1172760913903399 0.20271059541129172
1 0.17534046789398972 0.14856117354938206 0.15042393107666757 0.13668761436782106 0.12460284441224725 0.19087288827763726 0.14951938122956943 0.2027464474591983
0 0.18091359976779037 0.14791067625111495 0.1768180077891368 0.13494570520061838 0.16571559716838596 0.1384529204273214 0.16981118914703947 0.15141789147781798
0 0.1801334476442649 0.0749973886334921 0.16733652075688316 0.07266571440366812 0.16476368120932877 0.08678622882282991 0.17756060809671054 0.08911790305265391
2 0.17475246766982833 0.13726355274574134 0.173306962289588 0.08721153609970732 0.1679150914947597 0.087367253666466 0.16936059687500002 0.1374192703125
0 0.14188313617980405 0.15403747088187672 0.130838607412711 0.15376467973977664 0.13052389681826757 0.16650640656741705 0.14156842558536062 0.16677919770951713
2 0.13214053645830112 0.1618990012430047 0.1217053236983392 0.1307502307522843 0.012700587488167303 0.16726812845022204 0.023135800248129224 0.19841689894094244
2 0.07514795386484897 0.1707138681366509 0.06171502031250002 0.17053841093750002 0.06140194301015108 0.19450748498834913 0.07483487656250003 0.1946829421875
0 0.04504525611021067 0.13990589604682366 0.033407072197632816 0.13737654868684152 0.030384487084496314 0.15128424756389525 0.04202267099707417 0.15381359492387742
2 0.11980907391008222 0.09615343126389844 0.021592738082780068 0.09478292757471064 0.020908435438262547 0.14382307162662122 0.11912477126556471 0.14519357531580904
1 0.03887532781018958 0.14315459590080137 0.03814351875000001 0.05334960937500001 0.02005467389042391 0.0534970129999958 0.02078648295061348 0.14330199952579717
1 0.06355225169831019 0.08214183516945807 0.06236259693279326 -0.00018773648402498413 0.045564327270157794 0.000054996973167094516 0.046753982035674733 0.08238456862665014
1 0.19798309815300147 0.058250965723553906 0.14518074805502817 -0.004434839053227157 0.12055124088215992 0.016311418653972943 0.17335359098013323 0.07899722343075401
0 0.358424704719155 0.352505878567427 0.34825328906169706 0.35175314892517584 0.34719238036412825 0.36608889808647116 0.35736379602158624 0.3668416277287223
0 0.39052259561208563 0.3184076354880045 0.38875143745587315 0.30466872896704367 0.37799795040462836 0.3060550202464464 0.3797691085608409 0.31979392676740725
2 0.38385834685161196 0.3174647265467031 0.379626028125 0.3141940109375001 0.35160412640433825 0.35045446081395226 0.3558364451309501 0.35372517642315526
0 0.39290643366332667 0.37732475496779916 0.3803333934371086 0.3701470776812295 0.3723359969758626 0.38415600889918833 0.3849090372020807 0.3913336861857579
2 0.4083569808691513 0.3498575797293763 0.4019392784430396 0.3451087699688723 0.382819959375 0.3709472656250001 0.38923766180111163 0.3756960753855041
0 0.4195086636580328 0.34780752830690415 0.4115961229375169 0.3336630836510725 0.3998053369079901 0.3402589647093689 0.4077178776285059 0.35440340936520054
1 0.47065456314837856 0.25619136376774765 0.45853446537677855 0.2477797014200523 0.39929831531734383 0.33313119327233975 0.4114184130889438 0.34154285562003517
1 0.6054570354913887 0.022084234227957023 0.5648373609527256 -0.003921035440582088 0.3712383154468376 0.2984765293483228 0.4118579899855007 0.3244817990168619
0 0.47986127697254954 0.25422740282525397 0.4743766738491126 0.23894724075357326 0.461061322658382 0.24372660214959468 0.4665459257818189 0.2590067642212754
2 0.47299256125849076 0.2411975400383973 0.4726937796145009 0.14778846290885003 0.4658591402310102 0.14781032443295272 0.4661579218750001 0.2412194015625
0 0.47749756487329637 0.14674849207179613 0.47397127456563115 0.13022719396393365 0.4609883506528045 0.132998257016005 0.46451464096046974 0.1495195551238675
1 0.4739623351245531 0.13360373125499997 0.47366272931586756 0.035932185575473785 0.4633331098163144 0.03596387150797384 0.463632715625 0.1336354171875
0 0.47563532948932324 0.01948812514832025 0.4611175463409104 0.018622980505162458 0.45977838146603245 0.04109518258976151 0.4742961646144453 0.04196032723291931
1 0.4734372421875001 0.023265625000000005 0.4730153206852087 -0.000052912701863938595 0.4626166581852087 0.00013523886063605966 0.4630385796875001 0.023453776562500007
2 0.464248306980084 0.04851350183824468 0.4639559502371703 0.035807016229670086 0.42548422172873934 0.03669219168946804 0.42577657847165307 0.049398677298042634
0 0.4270698637926432 0.05204951522456713 0.4238256602546193 0.03668199878962293 0.4109785542701446 0.03939412386621806 0.4142227578081684 0.05476164030116226
1 0.3995324078125 0.1173802078125 0.398194959375 0.0885983078125 0.38041544702150526 0.08942449305449907 0.38175289545900526 0.11820639305449906
1 0.41593191402188034 0.044153767939383505 0.3827188870998992 0.02709148674847304 0.34189858627811415 0.10655130428328019 0.3751116132000953 0.12361358547419066
1 0.39899485625 0.19347005156249997 0.39721102152941434 0.15439663817124258 0.37021494068471994 0.15562910142824787 0.37199877540530557 0.19470251481950526
1 0.3796929015625 0.16666536406250004 0.3632479421875 0.16666536406250004 0.3632479421875 0.19909830781250004 0.3796929015625 0.19909830781250004
0 0.3786304270345213 0.19845299862171578 0.36445421875 0.19781184843750005 0.3638232899992892 0.21176205480562116 0.3779994982838105 0.21240320498983692
0 0.37809001581879953 0.1535417925293512 0.37013971741776536 0.14316000147916744 0.3612204028157945 0.14999034628919072 0.3691707012168286 0.1603721373393745
0 0.3280421429130177 0.1581474063643345 0.3253644261187656 0.14418872044451883 0.3143203473599905 0.14630732353791126 0.3169980641542426 0.16026600945772693
2 0.3651978969995105 0.14998431495835787 0.3259135796875 0.14906640625000006 0.3257985622300765 0.15398888084110526 0.36508287954208696 0.1549067895494631
0 0.3151111718959365 0.06627347349471482 0.30910562036050787 0.054574611811330456 0.3002498529975298 0.05912067524241345 0.3062554045329585 0.07081953692579782
2 0.30982393944852255 0.05686326927376364 0.3097190026692388 0.00023605350757336662 0.3051450632207163 0.000244529546309737 0.30525 0.05687174531250001
2 0.6029574267296798 0.6302615501937949 0.6027649171875 0.5657526046875 0.5982511918447831 0.5657660746829003 0.5984437013869629 0.6302750201891952
0 0.6083785130850471 0.5641102142637094 0.6048939916450053 0.5503411525373523 0.5939136505909832 0.5531199354771128 0.597398172031025 0.5668889972034699
1 0.6257087346522822 0.54583457279811 0.5908816512837269 0.4021197938169796 0.5587581340296335 0.40990443796722686 0.5935852173981887 0.5536192169483573
1 0.62821965 0.4750924484375 0.61201851875 0.4750924484375 0.61201851875 0.5055670578125 0.62821965 0.5055670578125
0 0.6273156928930887 0.5064019865504186 0.6127056644887385 0.5053534925039265 0.6116376959038361 0.5202348849282138 0.6262477243081864 0.5212833789747059
1 0.6576260659351172 0.5008448992719401 0.6571750676131176 0.4730256083376633 0.6307717603417944 0.4734536511408655 0.631222758663794 0.5012729420751424
0 0.6631861181742981 0.5019264273751268 0.6619962152133363 0.48810992262773106 0.6520424995529827 0.4889671550431188 0.6532324025139444 0.5027836597905145
2 0.6715925921875001 0.42577929687500005 0.6609320430992169 0.4257068133435592 0.6604873632105556 0.49110831472484096 0.6711479122988387 0.4911807982562818
0 0.6741267574958412 0.4259548613687512 0.6729944773102033 0.4106722427866842 0.662728647208297 0.41143283207647735 0.6638609273939349 0.4267154506585443
1 0.6812561866111257 0.40222877398979284 0.622461275842915 0.34231979580341154 0.6071394955331071 0.3573566522712801 0.6659344063013177 0.41726563045766146
0 0.6167500826674412 0.3516902446499655 0.6023844162812004 0.3484050797473288 0.5993156616142425 0.3618244078703562 0.6136813280004835 0.36510957277299283
2 0.6035234969242548 0.352102364693432 0.6009295265625 0.28578059843750003 0.5949699517335367 0.2860136887387344 0.5975639220952915 0.35233545499466634
0 0.6053510125595905 0.28456242743896876 0.6015750405614149 0.2696198674967995 0.5908797230836392 0.27232256499066787 0.5946556950818148 0.2872651249328371
1 0.6078370104295037 0.16022581194625554 0.5433468300858463 0.15686887222580057 0.5374788615688357 0.26959843528796623 0.6019690419124931 0.27295537500842115
0 0.5488335452122911 0.16017795899842807 0.5468403676331157 0.14650909250180572 0.5361565593647686 0.14806699250075148 0.5381497369439439 0.1617358589973738
2 0.5447827015885627 0.14819201131888776 0.54383281875 0.04753971406250001 0.5393438421614374 0.04758207774361227 0.5402937250000001 0.14823437500000003
0 0.5479582786895032 0.035328520349398526 0.5359655585857863 0.034682186331201445 0.535316495519961 0.04672554388155643 0.5473092156236778 0.047371877899753514
1 0.5445406375 0.0357330734375 0.5442240031268827 0.00039769458427336215 0.5373842593749999 0.0004589843750000003 0.5377008937481172 0.03579436322822664
0 0.5642838642303654 0.41002072392698635 0.5607224090321357 0.39566929771961296 0.5500386829661088 0.39832057510379126 0.5536001381643385 0.41267200131116466
2 0.5557303269610101 0.3976317082518377 0.5384794234374999 0.3776328125000002 0.5352825324139898 0.38039042768566267 0.5525334359375 0.40038932343750017
0 0.5400085983359296 0.3656522794536837 0.5266092744645283 0.3643957376998358 0.5250511181952752 0.38101137377403765 0.5384504420666765 0.3822679155278856
1 0.6131130197412936 0.086059608212866 0.5409344498776676 0.06440246647255624 0.45520292574444027 0.35012709617508986 0.5273814956080664 0.3717842379153996
1 0.6261672933639927 0.1947409090868183 0.6258583371015971 0.16207573370724915 0.6080741146660218 0.16224394180132679 0.6083830709284175 0.19490911718089593
0 0.6250638824233177 0.19423144714417467 0.610043752542187 0.19300457942584895 0.6087311388171577 0.20907446890065068 0.6237512686982882 0.2103013366189764
1 0.8842422626598838 0.015796726932997808 0.7381370096468558 -0.03414788695079607 0.4644178182306982 0.7665753263556093 0.6105230712437261 0.8165199402394032
1 0.6330592250375917 0.4249154636427119 0.6325143694757736 0.3872814230156459 0.6101682054509727 0.38760494479410346 0.6107130610127909 0.42523898542116945
1 0.6468713984375001 0.4255651046874999 0.6464387859375 0.3982220046874999 0.6300300039078283 0.3984816184187817 0.6304626164078283 0.4258247184187818
0 0.6435067077172817 0.3888055978850623 0.6328597152650562 0.3757278338234545 0.6202021519085825 0.38603272851990866 0.630849144360808 0.3991104925815165
2 0.6541134054291577 0.3630855403627833 0.6496913125726962 0.35965993076390956 0.6344595946435383 0.3793224372761264 0.6388816874999999 0.3827480468750001
0 0.6624904467748178 0.3628573937171174 0.6616738972827855 0.3460639218388011 0.6478295864272158 0.346737074185056 0.6486461359192482 0.3635305460633723
1 0.7097952671875001 0.3543893234375 0.7068734562500001 0.00032161406249999955 0.656802376988652 0.0007348068591446925 0.659724187926152 0.3548025162341447
1 0.6442236971154848 0.11321044251004761 0.6437340531250001 0.0850833328125 0.6271754794470153 0.0853715887399524 0.6276651234374999 0.11349869843750002
1 0.64362693938043 0.06400026574344526 0.6187169175147214 0.05457253745561434 0.5982980292656165 0.10852349332005058 0.6232080511313252 0.11795122160788149
2 0.6652686424710577 0.03579587280591805 0.659884259375 0.030835285937500068 0.6424885590914423 0.04971714750658211 0.6478729421875 0.0546777343750001
0 0.6747534139745741 0.024764070613600486 0.6631879002725947 0.01709567233192879 0.6552281945299034 0.029100537291910023 0.6667937082318829 0.03676893557358172
0 0.6485925820962978 0.06492797409536694 0.6473455105055015 0.04959397608617634 0.6342161575424299 0.05066175000110509 0.6354632291332261 0.06599574801029569
2 0.8436672758012653 0.2527270651325965 0.843532288931104 0.19996018998152124 0.8386246564539771 0.19997274456138012 0.8387596433241384 0.2527396197124554
0 0.8463306158043652 0.2533490662727444 0.8359718266594587 0.2521801696899758 0.8345382823587091 0.26488427316692853 0.8448970715036154 0.2660531697496971
0 0.8502206796875 0.19084309843750008 0.8399392999999999 0.19084309843750008 0.8399392999999999 0.20255403593750007 0.8502206796875 0.20255403593750007
1 0.8641236232791425 0.18466996406277197 0.8152466443591955 0.07592287052157398 0.7873610637290696 0.08845619800873843 0.8362380426490168 0.19720329154993643
0 0.821185590773775 0.06553226331048938 0.8102507815244101 0.06221112769017707 0.8056012534432927 0.07751965720509116 0.8165360626926577 0.08084079282540346
2 0.8166352874999999 0.0650611984375 0.8163728406875761 0.0007828304481442103 0.8119280748057752 0.0008009783052559817 0.8121905216181992 0.06507934629461178
0 0.8776923448814188 0.3682311691543748 0.8669203647886997 0.35741082515634365 0.8563845876163487 0.3678995103573445 0.8671565677090676 0.37871985435537564
2 0.9512005155522125 0.309571110757378 0.936331171006006 0.28837703630799777 0.8579678327339316 0.3433552085957943 0.8728371772801381 0.36454928304517453
0 0.9602186010589945 0.3152833106019288 0.9599588911784135 0.30111610752873585 0.9474217562216316 0.30134593537870946 0.9476814661022125 0.31551313845190243
1 0.9590387583465976 0.6441873884155779 0.9530376925593245 -0.00009524329442646556 0.9428122421875 0 0.9488133079747731 0.6442826317100044
1 0.8717520578125001 0.15883593750000008 0.854428281551761 0.15876735236066947 0.8542940937485121 0.19266156768328155 0.8716178700092512 0.19273015282261213
0 0.8717434902014787 0.18912459854318828 0.8549781797831176 0.188606619324231 0.8544080550188726 0.20705971222823752 0.8711733654372337 0.20757769144719482
0 0.9446847868358075 0.15397619457999365 0.943551926142898 0.13987950560863327 0.9311869572837139 0.1408731990367908 0.9323198179766236 0.1549698880081512
2 0.9374300488480103 0.1395874108314648 0.9155658373660291 0.11502771113516612 0.9112237656249998 0.1188932296875 0.933087977106981 0.14345292938379867
0 0.91915076182019 0.11163836470607533 0.9090853551191875 0.10283674252953459 0.9008195098810095 0.11228944254108023 0.9108849165820118 0.12109106471762096
1 0.9124015078081236 0.11719616943952316 0.8393159853727294 0.07552572590443019 0.8207172851455425 0.10814586640229899 0.8938028075809367 0.14981630993739198
1 0.8908225312500001 0.10982031249999999 0.8904973382992271 0.0824139611491174 0.874036947674227 0.08260927364911741 0.874362140625 0.11001562499999999
1 0.9027644068692231 0.012150103289414415 0.8734450351631707 0.0026353764313300056 0.8400540429684972 0.10552880956837203 0.8693734146745495 0.11504353642645644
0 0.909321501551583 0.014031018678007134 0.9046089596492601 -0.0008506211405137076 0.8919876244816802 0.0031461541857145557 0.896700166384003 0.018027794004235397
2 0.920208592488297 0.010075887966989227 0.9195141769402934 -0.00044222994566841536 0.9059438353704123 0.00045369613693473364 0.9066382509184161 0.010971814049592377