0 0.9657623349148399 0.8385105821386073 0.9244669306595096 0.8354516611253994 0.9205789461899615 0.8879394140667747 0.9618743504452917 0.8909983350799827
0 0.07664609062500011 0.82421875 0.0354938265625001 0.82421875 0.03549382656250011 0.8776041671874999 0.07664609062500011 0.8776041671874999
1 0.9995138890625004 0.0013313796875001247 0.012921782898678147 -0.004881085645692103 0.007091536023678009 0.921011492479308 0.9936836421875002 0.9272239578125001
1 0.8790209139630661 0.8734153716269285 0.10992517007082817 0.8217374247453255 0.10665186904687514 0.8704522448554988 0.8757476129391131 0.9221301917371016
0 0.8878301706209492 0.8845281865657981 0.8864258979476901 0.8710601510150315 0.8754951076389379 0.8721998725482756 0.8768993803121969 0.8856679080990423
1 0.9759379849000075 0.7707657603844938 0.9405313357923891 0.7421999738506512 0.8680188359971973 0.832077584366395 0.9034254851048157 0.8606433709002378
0 0.879335601866367 0.8229694006483808 0.8615595093393573 0.8210938852111118 0.8596340298258948 0.8393435361124194 0.8774101223529044 0.8412190515496883
1 0.87782921875 0.7930013015625001 0.862109053125 0.7930013015625001 0.862109053125 0.8202539062499999 0.87782921875 0.8202539062499999
2 0.9996428971401299 0.00471340063809212 0.8927558730073242 0.0036275631961450784 0.8839088904482504 0.8745016017618321 0.990795914581056 0.8755874392037791
0 0.9756001586069788 0.00037243609894415384 0.95682613125 1.1657341758564144e-16 0.9565721663930212 0.012802043588556078 0.9753461937499999 0.013174479687500115
1 0.863214399473455 0.7942302438314874 0.8243181163104625 0.7862033654749967 0.818682983686896 0.813509835618528 0.8575792668498885 0.8215367139750185
0 0.8270038299975399 0.7748412188116204 0.8154434013377105 0.7745092867097473 0.8149715213959136 0.7909437754873194 0.8265319500557429 0.7912757075891925
1 0.9002458505839425 0.3820326230294907 0.8065915163729785 0.38166416020570526 0.8048646986015363 0.8205794543637145 0.8985190328125002 0.8209479171875002
2 0.825132568814021 0.7752270000507197 0.8243456796875002 0.7273619796875 0.8199368764984791 0.7274344593242804 0.8207237656249999 0.7752994796875
0 0.8285009977248148 0.7268130954084487 0.8262320518679541 0.7142674053079577 0.8170791821269059 0.7159227439709561 0.8193481279837667 0.7284684340714471
1 0.8586770044282048 0.7172293084587991 0.843667792909191 0.7170310155025479 0.8433333328124999 0.7423470046875 0.8583425443315136 0.7425452976437513
1 0.969891975 0.2680579421875001 0.871339819466629 0.26606489933493327 0.8617055997273155 0.7424586311448977 0.9602577552606866 0.7444516739974646
1 0.8998466139563949 0.6964324715906545 0.8836803123277941 0.6956240140772765 0.8813359046875003 0.7425039062500002 0.8975022063161011 0.7433123637633781
2 0.8861363171875001 0.6892805984375 0.8016329063798011 0.6880771436083345 0.80155246875 0.6937252609375001 0.8860558795576988 0.6949287157666657
0 0.8982967229996811 0.6880290797490952 0.8875872181191037 0.6845526117686511 0.8842427722483677 0.6948554132260367 0.8949522771289452 0.6983318812064809
0 0.8023314388169188 0.6957594611135071 0.8019614801513184 0.683522159274574 0.7923124536597114 0.6838138690821904 0.7926824123253119 0.6960511709211235
1 0.8905939419027422 0.4644333545783764 0.8327262383316819 0.44953076295530414 0.7677062211390373 0.7020075922380709 0.8255739247100976 0.7169101838611432
0 0.8998749587708174 0.4631913557259423 0.8891324835900587 0.46016177726078966 0.88584857554621 0.4718060707038256 0.8965910507269687 0.47483564916897814
1 0.6316779828125 0.7899082031250001 0.6153897082917305 0.7897077435456858 0.614993623583105 0.8218914710065691 0.6312818981038746 0.8220919305858834
0 0.6314907896369626 0.8354630769136302 0.6293904529674355 0.8197690434464937 0.6154157750924181 0.8216392783002163 0.6175161117619451 0.8373333117673528
1 0.6786410129272991 0.5366850806098874 0.6387678907150249 0.5361445697447297 0.6349831455931586 0.8153426664239815 0.6748562678054327 0.8158831772891391
1 0.7095790888267015 0.09539453033493603 0.6353496596344377 0.08669020622815611 0.5504100888288159 0.8110446511443472 0.6246395180210798 0.819748975251127
1 0.6125637336111411 0.7121622319693517 0.5971404328125001 0.7120501296875001 0.5969419257638591 0.7393612055306484 0.6123652265625001 0.7394733078125001
1 0.6321898140625002 0.7131373703125001 0.6163818838984624 0.7121361647056952 0.6132159744294712 0.7621223767797483 0.6290239045935089 0.7631235823865532
1 0.6519615499061602 0.6935572052701666 0.637015246769961 0.6931776976209711 0.6358736562388009 0.7381374189133046 0.650819959375 0.7385169265625
2 0.6079358227565692 0.7679319789189534 0.5987768988858101 0.7495955146564264 0.5459606099001965 0.7759768476674932 0.5551195337709556 0.7943133119300201
2 0.6445272640625 0.6782031250000001 0.6166669492967448 0.6441086943079838 0.6133813301507944 0.646793542881449 0.6412416449165497 0.6808879735734653
0 0.652566097847352 0.6819388501243342 0.6420172605918089 0.6780188531845008 0.636965940595967 0.6916121170006889 0.6475147778515102 0.6955321139405223
0 0.6183976343750002 0.7555768234375 0.6047551437500002 0.7555768234375 0.6047551437500002 0.771654296875 0.6183976343750002 0.771654296875
0 0.5592944376885706 0.792514881166109 0.549349090919075 0.7850337663613413 0.5405548781386055 0.79672473728599 0.5505002249081011 0.8042058520907578
0 0.6187108101446588 0.6336393246870139 0.6078203981769926 0.6321300567906293 0.6059719193260031 0.6454681104582491 0.6168623312936694 0.6469773783546338
1 0.548717972670599 0.7928213212626292 0.25056204015754124 0.6113642078880975 0.16062332614489735 0.7591443673250918 0.45877925865795516 0.9406014806996236
0 0.6838837704186734 0.5320598761022018 0.6754081680685065 0.523208192498107 0.6670639149739357 0.5311979235257748 0.6755395173241027 0.5400496071298695
2 0.6733462463421318 0.5263091196264267 0.6273077590243182 0.4578524175710864 0.6200694184608462 0.46272034489197944 0.6661079057786596 0.5311770469473196
0 0.6333842156973846 0.44843372433162115 0.6219156500464955 0.4458100463471911 0.6189766861829897 0.4586567829567258 0.6304452518338787 0.4612804609411558
1 0.6338359046875001 0.47874414062500004 0.61759979375 0.47874414062500004 0.61759979375 0.5095846359375 0.6338359046875001 0.5095846359375
0 0.6347098375455323 0.5102428902135501 0.6221393320875257 0.5064359829100935 0.6175410024724843 0.5216197851190694 0.6301115079304911 0.5254266924225259
1 0.6626576856971531 0.5037129855342146 0.6534792578621019 -0.0014932656095193065 0.5630036025565385 0.0001504675611829251 0.5721820303915897 0.5053567187049169
1 0.6145459755654559 0.4287908278853143 0.6143835702868089 0.4028626028452676 0.5999315843749999 0.40295312499999997 0.600093989653647 0.4288813500400467
1 0.636429357177124 0.38542006403095397 0.619753508071401 0.384595963195899 0.617593737986654 0.428299353004859 0.634269587092377 0.42912345383991396
1 0.6572494371448487 0.3715533576795253 0.6310481883903797 0.370310667134709 0.6271792209821074 0.45188510085832007 0.6533804697365764 0.4531277914031363
1 0.6299403888729131 0.6270382580907283 0.3868312808888796 -0.0031710073051713027 0.2691690388965805 0.04221830107984539 0.512278146880614 0.672427566475745
1 0.3854349201482251 0.7855503102026031 0.369159465625 0.785484375 0.3690355167194605 0.8160799399739641 0.3853109712426856 0.8161458751765671
1 0.38427465158360163 0.8167665312042605 0.3700846204019498 0.8161002618748885 0.3692951757581286 0.832913648921491 0.3834852069397804 0.833579918250863
1 0.4417561615580115 0.6487634471540026 0.3696904732066072 0.6394523622197814 0.3473631470465111 0.8122608093707624 0.41942883539791537 0.8215718943049835
1 0.13971707812500012 0.7817838546875 0.12283055153854446 0.7816199119335203 0.12253455625274838 0.8121081899557427 0.13942108283920404 0.8122721327097224
0 0.13834921647304096 0.8115916764509958 0.12333977915791064 0.8113219814634656 0.12300288471101854 0.8300712957490136 0.13801232202614885 0.8303409907365438
1 0.16718700725042684 0.15528764721918897 0.05862838297710025 0.15342847031271484 0.047397124557063776 0.8092294103371144 0.15595574883039037 0.8110885872435885
1 0.19874274740804915 0.3935404797027028 0.14454686555575985 0.3934174785354084 0.14360121796274047 0.8100818594722095 0.19779709981502974 0.8102048606395037
0 0.11354444981026716 0.8136187904625694 0.0992071568181651 0.8129115916987729 0.0984989709805399 0.8272688959909686 0.11283626397264197 0.8279760947547651
2 0.12783205748752646 0.7639951093865933 0.11516971225318354 0.7587174985150066 0.09407779460503832 0.8093224312039616 0.10674013983938124 0.8146000420755485
0 0.13800746281145562 0.7522947058257936 0.12673427591502262 0.7494680879683886 0.12324563652500824 0.7633815654322278 0.13451882342144122 0.7662081832896328
1 0.15995073046995295 0.7065125621266704 0.13286763222579565 0.7060481119565641 0.13201713199865223 0.7556426275601019 0.1591002302428095 0.7561070777302082
1 0.1207397125 0.7314348953125 0.12046379200048465 0.7053972563566588 0.10463637951221957 0.7055649792276613 0.10491230001173493 0.7316026181835025
1 0.1397594422697385 0.7317112801298716 0.13912879189223643 0.6873971426122265 0.12240947305999794 0.6876350812323548 0.1230401234375 0.73194921875
0 0.1378835467107506 0.68773037242651 0.13667126909122485 0.6710704729630724 0.1246805383004503 0.671942992909025 0.1258928159199761 0.6886028923724627
0 0.1841166830096185 0.6748476447679953 0.17089262574318145 0.6689104706030338 0.16417336715201283 0.6838764894410863 0.17739742441844988 0.6898136636060478
0 0.21294637149823728 0.6887413696184829 0.2118120303945581 0.673085149118685 0.1986031950295141 0.6740421696771585 0.19973753613319328 0.6896983901769563
2 0.19947213705735775 0.6783307202788035 0.1798681256777354 0.6775110704136103 0.17955041093750007 0.6851100265625 0.1991544223171224 0.6859296764276933
1 0.16871605000000006 0.6731184890625 0.13537294218750007 0.6727858078125 0.13526867769303544 0.683235757366166 0.16861178550553543 0.683568438616166
1 0.12775517313479887 0.6784537119659987 0.04772621829403345 0.6529820791556531 0.04073230149374614 0.6749561652277063 0.12076125633451155 0.7004277980380518
0 0.05038322426471149 0.6559782544688508 0.050021165344288424 0.6409487828541904 0.03796958022944087 0.6412391046970296 0.03833163914986395 0.65626857631169
1 0.14309440693015069 0.5014691555107845 0.14251023108246105 0.4710339882027584 0.125727365625 0.47135612031249996 0.12631154147268964 0.5017912876205262
0 0.14108531849517805 0.5019837107192348 0.12552719475339486 0.5012125116797004 0.12472629759313528 0.5173697635498351 0.14028442133491847 0.5181409625893694
1 0.1689860407568472 0.26662609484429833 0.09895304333193555 0.2523734577730592 0.051486002987071455 0.4856116366184452 0.12151900041198309 0.4998642736896842
1 0.12246730452787194 0.39492972281143374 0.10807047343750005 0.3945286453125 0.10736294234712818 0.4199257459385663 0.12175977343750007 0.4203268234375
1 0.14205401250000005 0.3763170578125 0.12660699531250003 0.3763170578125 0.12660699531250003 0.4219446609375 0.14205401250000005 0.4219446609375
1 0.3650452671875001 0.7092688796875 0.3511748968750001 0.7092688796875 0.3511748968750001 0.7352076828125 0.3650452671875001 0.7352076828125
1 0.41442647295705176 0.7308839676920247 0.09241647381398767 -0.007827641165370307 0.009476819606678292 0.028326383842482882 0.3314868187497424 0.7670379926998778
0 0.40708408378423655 0.6415886144663449 0.4012764579644628 0.6280660074057651 0.3901166465502797 0.6328588708397512 0.39592427237005345 0.646381477900331
0 0.9532378531126527 0.5295590078549041 0.952349793924094 0.5119346017761002 0.9402121412960938 0.512546194240302 0.9411002004846525 0.5301706003191059
1 0.9413831854238751 0.48174387062311935 0.8640563984619751 0.4807919317244296 0.8635065458506 0.5254569157888103 0.9408333328125 0.5264088546875001
1 0.9005673764823628 0.4732293942576383 0.8835821497488714 0.47318212047761293 0.8834823654540086 0.5090341059074747 0.9004675921875 0.5090813796875
1 0.8622417703125003 0.48012500000000014 0.837493840548644 0.4789827803538036 0.8361105056277134 0.508954840085987 0.8608584353915697 0.5100970597321836
0 0.844388787677706 0.5030596920089174 0.8350191544134207 0.4964217086229404 0.8286821785441774 0.5053664643487331 0.8380518118084627 0.5120044477347102
2 0.8365848511513094 0.4986673126687345 0.8274766494062755 0.46089429733943355 0.8168766689688864 0.46345026909534104 0.8259848707139206 0.5012232844246419
0 0.8311825223019713 0.44901693129519904 0.8191892845992642 0.4473554704079511 0.8171497276883688 0.46207799022669116 0.8291429653910759 0.4637394511139391
2 0.8927902680818478 0.4413157121950245 0.8422463984375002 0.4391946609375001 0.8412976799245648 0.4618022734017794 0.8918415495689125 0.46392332465930386
0 0.842546296875 0.43505533906250016 0.831013375 0.43505533906250016 0.831013375 0.4476289062500002 0.842546296875 0.4476289062500002
1 0.8441076477812265 0.6792878278572696 0.7837291338531981 0.061206387134797556 0.6752608783612619 0.0718023242451459 0.7356393922892902 0.6898837649676179
1 0.8623549374999998 0.43511328125000004 0.8619993005127803 0.40566767745721266 0.8448038286377801 0.4058753602697126 0.8451594656249999 0.4353209640625
1 0.9634602389723279 0.26196613585083767 0.9250277360042849 0.24346858763371984 0.8395186042311552 0.4211315904323488 0.8779511071991981 0.4396291386494666
0 0.9779575927012001 0.26390828389261833 0.9709636788804394 0.24113265531074596 0.9513924372565283 0.24714256967121578 0.958386351077289 0.26991819825308816
0 0.9009732992487068 0.37187850396119454 0.8893271455863887 0.37059532976121046 0.8876643935815756 0.385686550696468 0.8993105472438936 0.38696972489645204
2 0.9000950524621876 0.36907260474471 0.8531836421874998 0.30966731718750007 0.8463250553356811 0.3150834340845084 0.8932364656103691 0.37448872164171826
0 0.8558377749148537 0.3054929562583619 0.8449157325511656 0.29782640588349435 0.8376762091988119 0.30814009025013245 0.8485982515624999 0.3158066406250001
1 0.846502275968156 0.30423692314335743 0.6971171453261302 -0.011170348349778614 0.654138444336071 0.009185488190801205 0.8035235749780968 0.32459275968393725
0 0.9836157444032285 0.44273171977160786 0.9774171260838438 0.4364662177177575 0.9703513187847408 0.4434565980877627 0.9765499371041255 0.44972210014161307
1 0.9306593938725424 0.09562314321180432 0.8544713420567784 0.08965513043157872 0.8274972843139985 0.43400776248319195 0.9036853361297623 0.43997577526341747
1 0.9074037876762535 0.4468882002769708 0.8993477910657249 -0.0018353376322504972 0.7850859766721104 0.00021602074702404273 0.7931419732826389 0.4489395586562453
2 0.9627287925990389 0.26224358364076333 0.9369445554336229 0.2544770752517849 0.9057998360509314 0.357875255076487 0.9315840732163474 0.36564176346546545
0 0.8782696894461539 0.24852927211318881 0.8610327667159805 0.23709338483789294 0.8479025791080183 0.25688406865479596 0.8651395018381918 0.26831995593009184
2 0.9749979741231053 0.1846609014152593 0.9466380430261664 0.16124747062611444 0.8693876710732333 0.2548183464848466 0.8977476021701722 0.2782317772739914
1 0.9601922728409141 0.2519831194282161 0.9312465163099262 -0.0011641529706272636 0.854742847455509 0.007583547731035123 0.883688603986497 0.26073082012987847
1 0.8647757000269525 0.11876663366982668 0.8642283953125002 0.09239257812499999 0.8480571187230476 0.09272815851767331 0.8486044234374999 0.11910221406249999
0 0.881594253604893 0.20137076699444628 0.8669070624891205 0.20118060243859856 0.8667053864145029 0.21675687551527822 0.8813925775302753 0.21694704007112592
1 0.8828842593750001 0.1701601562500001 0.8660798012811114 0.17010143092565266 0.8659661314617845 0.20262844949296102 0.8827705895556732 0.20268717481730847
1 0.8782955689598164 0.18016848085916676 0.8349341941557913 0.13971250312101752 0.8125356744090697 0.16371960081321113 0.8558970492130946 0.20417557855136037
0 0.833985234039568 0.13818185837096117 0.822774783345787 0.13511001431866668 0.8192196734645467 0.14808410524130028 0.8304301241583276 0.1511559492935948
0 0.8350568479077426 0.08692257200573425 0.8328274342630004 0.07283869201238917 0.8199459978095647 0.07487776435656837 0.8221754114543067 0.08896164434991345
2 0.830887859375 0.0873326828125001 0.8255016527329773 0.08730596434812075 0.8252531964829772 0.13739255184812077 0.8306394031250001 0.1374192703125001
0 0.8695197158908226 0.1540730791751672 0.8582941324458389 0.1537967227059406 0.8579837833263945 0.16640308559352077 0.8692093667713781 0.16667944206274737
2 0.9817601803527829 0.16060157234252684 0.8704416137163993 0.14882601234671972 0.8667112188665966 0.18409076475048097 0.9780297855029803 0.19586632474628812
2 0.9382849796875 0.1705384109375001 0.9248837110927305 0.17038274209171184 0.9246015165426614 0.19467639534201475 0.938002785137431 0.19483206418780302
0 0.9693419880380191 0.1514230430374623 0.9668542222449948 0.1373887595749886 0.955053290936904 0.13948063361420115 0.9575410567299283 0.15351491707667483
2 0.9792258601000373 0.14376431309191923 0.9782942390624998 0.09478450468749999 0.8799976405517826 0.09665415632710697 0.8809292615893203 0.14563396473152618
1 0.9799807777224746 0.053520023208192935 0.9618564812500001 0.05334960937500011 0.9610121712182365 0.14314587205900234 0.9791364676907109 0.14331628589219517
1 0.9546719744128935 0.00007600199592004975 0.9378775816957907 -0.00023975716206189047 0.9363300932203973 0.08206705334201816 0.9531244859375002 0.08238281250000011
1 0.860335390625 0.0002115890625001171 0.8395469293074616 -0.00820010853912887 0.8080199786140255 0.06971481731644502 0.8288084399315638 0.07812651491807401
0 0.652829812484233 0.366072735939836 0.6516969676019893 0.3517368139912299 0.6415248727766641 0.35254062734944147 0.6426577176589079 0.36687654929804764
0 0.6220481233381828 0.30611053858869763 0.6112802924297295 0.3045952858789371 0.6093479021606539 0.3183274188310931 0.6201157330691072 0.31984267154085366
2 0.6481532921875001 0.35064192656250004 0.6203739718750001 0.31419401093750016 0.616127059703303 0.3174308581353055 0.6439063800158029 0.3538787737603054
0 0.6276135940064531 0.38429530935414713 0.6197091299456091 0.3701624211502197 0.6071351986157035 0.377194967284218 0.6150396626765474 0.39132785548814536
2 0.6171800406249999 0.3709472656250002 0.5971255140624999 0.3458007812500002 0.5909005553979144 0.35076523660000947 0.6109550819604144 0.37591172097500947
0 0.6001567660969549 0.34106360575724803 0.5893373678392065 0.3330650920630382 0.5796363113661404 0.34618747923591914 0.5904557096238887 0.354185992930129
1 0.600974738820241 0.33242459425368853 0.5365159468749999 0.25121484375000014 0.5247278507087438 0.26057143496593654 0.5891866426539848 0.34178118546962494
1 0.6158865084259906 0.30705545805336165 0.4355064598561583 -0.0037539699903220702 0.39605915101851874 0.019139503765829645 0.5764391995883511 0.32994893180951335
0 0.5388576625236963 0.2436365285717117 0.5255579162439038 0.23896826484586256 0.5201746248717877 0.25430510389437166 0.5334743711515801 0.2589733676202208
2 0.5338420781250002 0.2412194015625 0.5333960906250002 0.1478079421875 0.5265649681583523 0.1478405569785704 0.5270109556583523 0.24125201635357038
0 0.5392729031833436 0.13346303636180948 0.526313593694713 0.12996222407604852 0.5219561171005309 0.14609273413028712 0.5349154265891617 0.14959354641604808
1 0.536367284375 0.13363541718750002 0.536067502450521 0.0359064577287248 0.525749166236025 0.03593810904993945 0.526048948160504 0.13366706850871468
0 0.5402323545368882 0.04108550916123333 0.5388402034318331 0.018605830781872938 0.5243260898831625 0.019504679905721113 0.5257182409882176 0.0419843582850815
1 0.5372794160563709 0.00013194059369781296 0.5268801214864809 -0.000009854907175672889 0.5265621257426099 0.02331198106162658 0.5369614203124999 0.023453776562500063
2 0.5751365103992716 0.042001979517393664 0.5369496068200916 0.03528052711358012 0.5348024262075363 0.04747940528643072 0.5729893297867162 0.05420085769024426
0 0.58835442615082 0.03884409836149652 0.5752466326335149 0.037067381078015174 0.5731219961034297 0.05274196093076002 0.5862297896207349 0.05451867821424137
1 0.6187688687000776 0.08888272053085879 0.6009503849708409 0.08858397879803565 0.6004675921875 0.11738020781250007 0.6182860759167368 0.11767894954532324
1 0.6402972105878919 0.1167301345637255 0.6317261195835261 0.03712843221174293 0.5875106302793337 0.04188932263784266 0.5960817212836995 0.12149102498982522
1 0.6304587739479893 0.15782603315829763 0.6083020461587052 0.14953820395196038 0.5929905127698143 0.19047214079935376 0.6151472405590983 0.198759970005691
1 0.6367520578125001 0.16666536406250007 0.6203750740937076 0.16662623709073154 0.6202975081957954 0.1990922161794584 0.6366744919145879 0.19913134315122694
0 0.6361586390801779 0.21177349397785009 0.63554578125 0.1978118484375 0.6213785783078316 0.1984337293776609 0.6219914361380094 0.21239537491801103
0 0.6387744019303961 0.1499775860178123 0.6298487551342047 0.14315933705042738 0.6219090878909811 0.15355301229333734 0.6308347346871725 0.16037126126072226
0 0.6857926778686498 0.14643034849669068 0.6749070986177791 0.14394151657759782 0.6716955570767024 0.1579880617438926 0.6825811363275731 0.16047689366298545
2 0.6741682429117101 0.15399321306068012 0.6740864203125 0.14906640625 0.6348291852132899 0.1497183760018199 0.6349110078125 0.1546451828125
0 0.6992796426169576 0.05845544953971253 0.6901125874653642 0.054526025187105184 0.6849580930147915 0.0665510778835973 0.6941251481663848 0.07048050223620465
2 0.69475 0.0568717453125 0.6946450625 0.000244140625 0.6900791145852392 0.0002526018545001594 0.6901840520852391 0.056880206542000156
2 0.4017534388821364 0.565818909161153 0.3972350828125001 0.5657526046875001 0.3962892564303636 0.6302064814638471 0.40080761249999997 0.6302727859374999
0 0.4060415138888973 0.5530882308986566 0.3950489203001769 0.550436611640991 0.3917166907812496 0.5642507535997254 0.40270928436997 0.5669023728573909
1 0.44128759081443814 0.41007131868168367 0.4104532831750222 0.401833361080352 0.3722725989963434 0.5447419579464556 0.4031069066357594 0.5529799155477872
1 0.3879814812500001 0.47549023437500015 0.3717803500000001 0.4750924484375001 0.371032558544997 0.5055486973091259 0.38723368979499695 0.5059464832466258
0 0.3886220843972007 0.5197057640460716 0.38660399417500346 0.5046556037545142 0.37212931477514644 0.506596527199873 0.37414740499734367 0.5216466874914304
1 0.36922427968750005 0.4736979171875001 0.3432718828878981 0.47258732056172725 0.34207306817947436 0.5006011955188596 0.3680254649790763 0.5017117921446326
0 0.34767002683011605 0.4888340886470151 0.3375975305161567 0.4884225591335277 0.3370335699985172 0.5022259196434611 0.34710606631247654 0.5026374491569484
2 0.33973301699972114 0.49082426716537875 0.3323686354705656 0.4253338577328324 0.3223690314232465 0.4264583109158712 0.329733412952402 0.4919487203484175
0 0.3367900485670626 0.4111447635804681 0.3264228730714981 0.41099186526189796 0.32619701473042045 0.42630604975382147 0.336564190225985 0.4264589480723916
1 0.3928605044668928 0.3575398321037201 0.3779033172894747 0.3422992306871421 0.31799248870678054 0.40109595744169396 0.33294967588419877 0.41633655885827203
0 0.40028223908471927 0.36205974497951277 0.39783490080990724 0.348459513444632 0.3835365169922894 0.3510324830220294 0.3859838552671014 0.3646327145569102
2 0.4030036778670428 0.2858055624188957 0.39699521089314194 0.28576742678154465 0.39657375528116995 0.35216993900879523 0.40258222225507073 0.3522080746461463
0 0.40893909224935676 0.27215258719346586 0.3982378341898648 0.26966649568423157 0.39474622024601225 0.28469597537896557 0.4054474783055042 0.2871820668881998
1 0.45790398497699425 0.15974168552185672 0.40688612055985296 0.13614066820432386 0.3533497305744665 0.2518692509560762 0.40436759499160785 0.2754702682736091
0 0.46289427888146817 0.1605079697875553 0.4622945297349436 0.14681833882528056 0.4514798629889792 0.14729213444246808 0.4520796121355037 0.1609817654047428
2 0.4601783616990097 0.04755852319004417 0.455692280260313 0.047537487168597035 0.4552201935613033 0.14821333897855293 0.459706275 0.14823437500000008
0 0.46508703500001436 0.04611937157172245 0.46318795680182445 0.034095469182799557 0.45146324789869646 0.03594729218816315 0.45336232609688637 0.047971194577086054
1 0.4626157406250001 0.00045898437500005787 0.4557775959726789 0.00036670919420784957 0.45530038470197126 0.035730928161873274 0.46213852935429245 0.035823203342665484
0 0.45081126717272646 0.40696658378097245 0.44453827335218976 0.39543196463550334 0.43389268896307465 0.4012214652897276 0.44016568278361135 0.4127560844351967
2 0.46425172804161774 0.379866568415284 0.4610017986710339 0.37720851410694445 0.4442166346919163 0.39773126912916057 0.44746656406250007 0.4003893234375001
0 0.47523585992298534 0.3807138496247432 0.47301045182329987 0.3641228207170461 0.4597423357345338 0.36590251582672123 0.4619677438342193 0.3824935447344183
1 0.4860797328125 0.08361588593750005 0.395031378125 0.08361588593750005 0.39503137812500005 0.37130273437500005 0.4860797328125 0.37130273437500005
1 0.3917714620082433 0.19463889932885256 0.39146502031249997 0.1622395828125 0.37361457121499037 0.1624084172966614 0.37392101291073365 0.19480773381301397
0 0.3912476051532353 0.20909938089014152 0.39000017369316825 0.19302842491532524 0.3749659846372284 0.19419538227830743 0.37621341609729547 0.21026633825312374
1 0.4791749295193072 0.7985469003240706 0.3350394024044271 -0.030103931850673882 0.161968621875 5.551115123125783e-18 0.30610414898988014 0.8286508321747444
1 0.3898870153979338 0.38769125814528216 0.36753862251400193 0.3872248147600262 0.36675278306766723 0.42487621950819127 0.38910117595159915 0.42534266289344724
1 0.36954218124999993 0.42552148437500004 0.36946951849051796 0.3981797271816965 0.353055938803018 0.39822334749419647 0.3531286015625 0.42556510468750003
0 0.3797715510169393 0.3861041802330421 0.36722884788649096 0.3757385459318393 0.35647752522230114 0.38874794260917966 0.3690202283527495 0.3991135769103825
2 0.3654286162524215 0.37913999098815426 0.3495889921874999 0.3602174484374999 0.34527868843507836 0.3638255043243457 0.3611183125 0.3827480468750001
0 0.3520615134813782 0.34665132236126295 0.3381888899075638 0.3461272580852102 0.3375533916092472 0.36294967677924406 0.3514260151830616 0.36347374105529684
1 0.34037527692774117 0.35446131024327726 0.33980794020696126 0.0002468456014940286 0.2896376400963852 0.0003272021549003505 0.2902049768171651 0.3545416667966836
1 0.37305865351440526 0.08551770531574977 0.356265946875 0.08508333281250004 0.35554216992309473 0.11306432593425027 0.3723348765625 0.11349869843750002
1 0.3933161803752895 0.11219762477487091 0.390874795481412 0.058733130102991124 0.3576776441676254 0.06024903377391597 0.3601190290615029 0.11371352844579578
2 0.3571809051461939 0.05023119079553009 0.34011574062499994 0.030835285937500047 0.3346296064870884 0.03566216987687134 0.3516947710082824 0.05505807473490139
0 0.344796912577865 0.028862592255137477 0.3366459301461571 0.017029903405274015 0.3251600810600669 0.024941964248067983 0.33331106349177475 0.036774653097931445
0 0.3669872408342487 0.053243472509327885 0.3540282157110445 0.04914978901883469 0.3494653840339367 0.06359395659405379 0.3624244091571409 0.06768764008454697
2 0.16143437354364318 0.20000265938930978 0.15650763285854863 0.19991185772703096 0.1555351810878784 0.25267540392887555 0.16046192177297294 0.25276620559115437
0 0.1652044361658034 0.253376746579662 0.15471308926177113 0.2521588666757453 0.15323296082139434 0.26490933647213166 0.16372430772542662 0.2661272163760484
0 0.16006070000000003 0.1908430984375 0.14977932031250005 0.1908430984375 0.14977932031250005 0.2025540359375 0.16006070000000003 0.2025540359375
1 0.21570521708306595 0.0924564275400239 0.1852473280903927 0.07555373522152839 0.12805294044404636 0.17861544143445895 0.15851082943671962 0.19551813375295443
0 0.19441283062055248 0.07749189759083293 0.1897202166542768 0.06220743899214336 0.17879194961074998 0.06556262087343297 0.18348456357702564 0.08084707947212252
2 0.1880236625 0.000800781250000023 0.1835779820684247 0.0007860301669222619 0.1833647125 0.06506119843750001 0.18781039293157528 0.06507594952057777
0 0.1435690541774515 0.3681373928538504 0.13318851627680955 0.35738153075595946 0.12229148650499048 0.3678983103056873 0.13267202440563244 0.37865417240357824
2 0.13830381844090606 0.35088352973397585 0.06780635323559558 0.28735741594803466 0.04857678317868117 0.30869723771910007 0.11907424838399164 0.3722233515050412
0 0.0526481801183478 0.31515659980004535 0.05239119370793949 0.3011379623297943 0.03976806199092459 0.30136936665242914 0.04002504840133289 0.3153880041226802
1 0.0571877578125002 9.194034422677077e-18 0.04696262328401923 -0.00011090782487284036 0.039974454534019106 0.6441625296751271 0.050199589062500084 0.6442734375
1 0.14557253125000003 0.15897265625 0.12824794218750002 0.1588359375 0.12798171033318062 0.19257203786246252 0.14530629939568063 0.19270875661246253
0 0.1455110553715144 0.20712329391499704 0.14513993018751475 0.18869384018162122 0.12832707994835904 0.18903241083210476 0.1286982051323587 0.2074618645654806
0 0.0702303519237947 0.1427586841100288 0.05876282123590983 0.13856130107975653 0.05377172719606101 0.1521973032399818 0.06523925788394587 0.15639468627025405
2 0.08877623437500001 0.11889322968750002 0.08452766436387248 0.11493796572219743 0.062049178595521615 0.13908336318966236 0.06629774860664914 0.14303862715496493
0 0.09916421744720096 0.11215717207228697 0.09081691063475954 0.10280188570049505 0.08082983574436695 0.11171290936731722 0.08917714255680835 0.12106819573910914
1 0.1648909170885427 0.12411676012556314 0.16466045752235423 0.0820282435801433 0.08865105740764555 0.08244444008252606 0.08888151697383403 0.12453295662794592
1 0.1262744844927866 0.08280114463349016 0.1098185300866887 0.08241619243998935 0.10917746875000003 0.10982031250000004 0.12563342315609796 0.11020526469350085
1 0.1473889527375413 0.10997103772376489 0.1396903349883051 0.005872873254379955 0.09843082773828409 0.008924235172804256 0.10612944548752026 0.11302239964218919
0 0.10806456228413999 0.0032849537829762188 0.09556790975657278 -0.0009455966549378969 0.0905552769717534 0.013861254387137043 0.10305192949932063 0.01809180482505116
2 0.09409603507574979 0.0005390047285486893 0.08050356083232083 -0.0005209686990221521 0.07968364705401434 0.009993122148522866 0.09327612129744331 0.011053095576093708