0 0.734285600368348 0.9233159975614882 0.6802892253751478 0.9218448323968345 0.6791649743702217 0.9631083698343648 0.7331613493634219 0.9645795349990186
0 0.720703125 0.03395061718750009 0.6666666671875 0.03395061718750008 0.6666666671875 0.07664609062500008 0.720703125 0.07664609062500008
0 0.4405204303498209 0.037019969270842785 0.42235419235171506 0.03492981853136161 0.42078443515931196 0.048573132488474335 0.4389506731574178 0.05066328322795551
0 0.4835739428794904 0.0543183016201374 0.48280338245029075 0.03308060375913338 0.4575488119918779 0.033996907059945444 0.45831937242107756 0.05523460492094946
0 0.19451318350015265 0.14862181674734282 0.18441730078092228 0.13158501487160157 0.16427202251926049 0.14352295769440324 0.17436790523849083 0.16055975957014446
0 0.1888020828125 0.03703703750000002 0.1647135421875 0.03703703750000002 0.1647135421875 0.05246913593750002 0.1888020828125 0.05246913593750002
0 0.06388617728500688 0.1074654917620091 0.044314535278913846 0.10591909067347408 0.04330473427381097 0.11869938675305669 0.06287637627990401 0.12024578784159172
0 0.13266942968252185 0.15728293733033163 0.11901380935204167 0.15512257909495966 0.11742577025753746 0.16516057121563912 0.13108139058801765 0.1673209294510111
0 0.23414748766837482 0.13557680066784283 0.22912325957446678 0.1260493747020127 0.21944492921202707 0.1311531812793075 0.22446915730593514 0.1406806072451376
0 0.2799479171875 0.14043209843750004 0.2688802078125 0.14043209843750004 0.2688802078125 0.14866255156250002 0.2799479171875 0.14866255156250002
0 0.29640572201162124 0.17825510217318824 0.2846385014640251 0.17732534685215143 0.28398415056482096 0.18560697877426466 0.29575137111241706 0.1865367340953015
0 0.2936197921875 0.041152264062500034 0.2819010421875 0.041152264062500034 0.2819010421875 0.04938271562500003 0.2936197921875 0.04938271562500003
0 0.07998346987294822 0.3638828697684942 0.0785743593308817 0.3555603084001561 0.06705729218749999 0.35751028749999997 0.06846640272956651 0.36583284886833806
0 0.061197917187500006 0.3924897125000001 0.05623326730519436 0.38341371148883685 0.044206805127442995 0.3899922887677385 0.04917145500974864 0.3990682897789017
0 0.09624922855258562 0.4215151085257462 0.09405695532102101 0.41263639994019996 0.08070690721125648 0.4159327073737811 0.08289918044282109 0.4248114159593273
0 0.12664346670606536 0.39786370266703136 0.12386216825707479 0.3876083810988591 0.11619507442071172 0.38968773824564257 0.11897637286970231 0.39994305981381484
0 0.19140625000000006 0.4747942390625 0.17838541718750006 0.4747942390625 0.17838541718750006 0.48353909531249994 0.19140625000000006 0.48353909531249994
0 0.3005425814190862 0.4755170470657689 0.2877113455577568 0.47395731529425866 0.2867444008354381 0.4819119495612295 0.29957563669676757 0.48347168133273977
0 0.23549817765716638 0.37657429647401053 0.22563981169914543 0.375925186169217 0.22510584899017458 0.38403474744731947 0.23496421494819555 0.38468385775211306
0 0.28907731413053306 0.3756020878791241 0.2788382101186512 0.37425372894129055 0.27785052315128256 0.3817539792873276 0.2880896271631644 0.3831023382251611
0 0.2864696581989835 0.3308015852449408 0.28471764007389055 0.3245721848972048 0.2758019364024852 0.32707972552042663 0.2775539545275782 0.33330912586816264
0 0.3772120865841172 0.3206963511990801 0.37593586194882145 0.3110050172251194 0.36388418368867803 0.3125920689904986 0.3651604083239738 0.32228340296445923
0 0.4709601191631506 0.317091406160278 0.467933331940573 0.3077880906349394 0.4539219973585622 0.3123466083342031 0.45694878458113974 0.3216499238595416
0 0.3946996629195815 0.43334616121657854 0.39309386174152483 0.4218295643523219 0.3797530799106177 0.4236897183051581 0.38135888108867433 0.4352063151694147
0 0.4095052078125 0.4737654328125 0.3958333328125001 0.4737654328125 0.3958333328125001 0.48353909531249994 0.4095052078125 0.48353909531249994
0 0.544921875 0.12602880625000007 0.5325520828125 0.12602880625000007 0.5325520828125 0.13477366250000006 0.544921875 0.13477366250000006
0 0.5484912819369899 0.3810816203532762 0.5480241174955814 0.37280404818986185 0.5370783685194555 0.3734217975256914 0.5375455329608639 0.38169936968910567
0 0.5526189452108359 0.6263198235693862 0.5516851785460855 0.6186381424386871 0.5393106480499692 0.6201423605743545 0.5402444147147196 0.6278240417050536
0 0.5201822921875 0.6003086421875 0.5091145828125 0.6003086421875 0.5091145828125 0.6090534984375 0.5201822921875 0.6090534984375
0 0.458984375 0.6090534984375 0.4479166671875 0.6090534984375 0.4479166671875 0.616769546875 0.458984375 0.616769546875
0 0.44758009038627283 0.8188324981850977 0.43448378592438824 0.8175390363070514 0.4335592578194255 0.8268998854759875 0.4466555622813102 0.8281933473540338
0 0.413860962500008 0.6760851657954785 0.40735506741378413 0.6678511409683623 0.3995425671341557 0.6740239796769574 0.4060484622203796 0.6822580045040738
0 0.38106403726748406 0.6484457772998943 0.3693941847956424 0.6461406196712789 0.3677805707036163 0.654309535396031 0.37945042317545796 0.6566146930246465
0 0.3689988923329597 0.82473290856382 0.36587487265645585 0.8160344640826738 0.3544352560151711 0.8201429673393763 0.35755927569167495 0.8288414118205225
0 0.3288568736405452 0.9236638375936582 0.32683459096870887 0.9142791892041341 0.31437812985185676 0.9169634118221207 0.3164004125236931 0.9263480602116448
0 0.2911327837426985 0.953034637686858 0.29027086371927946 0.9428192966161957 0.2793244876048118 0.9437428977658463 0.2801864076282309 0.9539582388365087
0 0.43284741904381185 0.9107219509486815 0.42829219715004846 0.9001524099819012 0.4167264205478077 0.9051369858459324 0.42128164244157107 0.9157065268127127
0 0.4819310580433592 0.9629043112213944 0.4776924169469421 0.950847730022937 0.4644621734622529 0.9554989866956809 0.46870081455866996 0.9675555678941384
0 0.24373398814359026 0.8764492158299555 0.2431828782083386 0.867381731671586 0.23228050334400335 0.8680443638858399 0.23283161327925503 0.8771118480442095
0 0.24393186342793977 0.8573133927052508 0.24298177893819561 0.8488962371172686 0.2322374980468677 0.850108995337264 0.23318758253661181 0.8585261509252462
0 0.1813431224698458 0.8522780609771845 0.18073065241425584 0.8453016525783166 0.16800732213191 0.846418654101132 0.16861979218749998 0.8533950625
0 0.07245391714481073 0.8794028972537108 0.07181597226217865 0.869714106199881 0.056258420157149124 0.870738471437664 0.056896365039781224 0.8804272624914938
0 0.13151041718750014 0.9573045265625 0.11653645781250013 0.9573045265625 0.11653645781250013 0.9675925921875 0.13151041718750014 0.9675925921875
0 0.08474107328113675 0.6709353409907244 0.08282509068938987 0.658824447708798 0.06890366276665794 0.6610268627521226 0.07081964535840482 0.673137756034049
0 0.054851000273069064 0.6433360907358507 0.051336815251234943 0.6326617502628691 0.03512309630761479 0.6379995983860498 0.0386372813294489 0.6486739388590316
0 0.08378836574618168 0.6189696958154426 0.08282142081394364 0.6110150598215556 0.06897890834114523 0.6126977197566299 0.06994585327338326 0.620652355750517
0 0.16210937500000008 0.6023662546875 0.14778645781250008 0.6023662546875 0.14778645781250008 0.6111111109375 0.16210937500000008 0.6111111109375
0 0.23893229218750006 0.6229423875 0.22851562500000008 0.6229423875 0.22851562500000008 0.6306584359375 0.23893229218750006 0.6306584359375
0 0.2854125703119007 0.5559820072090844 0.28494540585791317 0.5477044334037744 0.2732349242479148 0.5483653421284729 0.2737020887019023 0.556642915933783
0 0.06510416718750006 0.538580246875 0.05078125000000007 0.538580246875 0.05078125000000007 0.547325103125 0.06510416718750006 0.547325103125
0 0.0366886738663267 0.567750824396032 0.03138778330346059 0.5593741113033895 0.021392868392850994 0.5656990205536342 0.026693758955717108 0.5740757336462767
0 0.02354582418586183 0.6823083692663572 0.021968678661659823 0.6733260297287901 0.010411354673800787 0.675355298576062 0.011988500198002794 0.684337638113629
0 0.3588943887740355 0.17818283659111697 0.34803052960545766 0.17740249241638284 0.3474122998594865 0.18600941371024007 0.3582761590280643 0.18678975788497418
1 0.7267562843787132 0.9602306196510781 0.7197629540362142 0.028885131855264524 -0.00631299127999895 0.03433712470418645 0.0006803390625000003 0.9656826125000002
1 0.5065749399960165 0.06474601154915863 0.5058591474290499 0.04767015879444654 0.38176011837053336 0.0528721925577879 0.3824759109375 0.0699480453125
1 0.7664752038236676 0.9891816192988558 0.7563284492234918 0.007490250569680249 -0.008852808082710693 0.015399158287378542 0.0012939465174650652 0.9970905270165542
1 0.654345703125 0.14135339531250007 0.6267317703125 0.14135339531250007 0.6267317703125 0.1571805562500001 0.654345703125 0.1571805562500001
1 0.6999098303153786 0.10768329533560579 0.0008285512326109753 0.10604152488728039 0.0005575739279244867 0.2214262066836073 0.6996388530106921 0.2230679771319327
1 0.5771153614599666 0.15908275224779747 0.5764244796875 0.12357201718749997 0.5421980656175005 0.12423791175650012 0.5428889473899672 0.15974864681679762
1 0.5499857260660261 0.11394020919682943 0.5354569706226318 0.0836396382213743 0.35154927515495843 0.17182114258221562 0.3660780305983528 0.20212171355767072
1 0.3520729171875 0.03278549375000005 0.2890225271652317 0.03018672965021456 0.2884574224777317 0.043897120275214564 0.3515078125 0.04649588437500005
1 0.34181447863262937 0.15996982822749267 0.341530810714161 0.14548546448169414 0.3156941961440316 0.14599145969170146 0.31597786406249995 0.1604758234375
1 0.3239377214278134 0.10568430523304706 0.30972802893580476 0.051776760470183 -0.010093650583049169 0.1360797599525731 0.0041160419089594615 0.18998730471543718
1 0.2634326666800271 0.1269006746425088 0.23092348629584108 0.126301101699853 0.230649674303314 0.14114734111984423 0.2631588546875 0.1417469140625
1 0.2936506947831309 0.1729704252662604 0.2706683584974818 0.14304035226336312 0.2518463280876916 0.1574931814433868 0.27482866437334075 0.1874232544462841
1 0.5908109759797866 0.383712906966133 0.13070291936857478 0.16090343860063666 0.11060163592335218 0.20241317572814893 0.570709692534564 0.4252226440936452
1 0.03062956116926973 0.16286944223956124 0.030337301464867527 0.146772048916827 0.0044088546875 0.14724279843750002 0.004701114391902206 0.16334019176023423
1 0.04735632428336677 0.10862078083697113 0.0040256713756558074 0.10817186106660064 0.003842515788574177 0.12585041232620053 0.04717316869628514 0.12629933209657102
1 0.36818616322972997 0.31581217424019936 0.03334710468789277 0.14308979591688317 -0.002142535510699539 0.21188990061345586 0.3326965230311376 0.3846122789367721
1 0.6591672114019466 0.388916832766894 0.6299010421875 0.38743158437499997 0.6291253606022584 0.402716050363387 0.658391529816705 0.404201298755281
1 0.6579329253798039 0.4401299047828816 0.6568774562329864 0.34837634330016837 -0.0002554543145761749 0.35593554319642456 0.0008000148322412158 0.4476891046791378
1 0.5796100265625002 0.3854259265624999 0.5790638015625001 0.3706728390625 0.5473815957727125 0.3718458554129776 0.5479278207727125 0.38659894291297753
1 0.583986690433117 0.35267272922837434 0.4653184188482169 0.316059058819292 0.45687607503992733 0.3434214711822625 0.5755443466248276 0.3800351415913448
1 0.3466373703125 0.4053914609375001 0.346184814865347 0.3907208113380039 0.318169839865347 0.3915850082130039 0.31862239531250003 0.4062556578125
1 0.3456682567736912 0.3393349967053924 0.0006632514956909006 0.337811780467273 0.000537963471999868 0.3661892321993807 0.3455429687500001 0.3677124484375001
1 0.39643459198755926 0.37625853117976743 0.31842781902757916 0.3710770165729715 0.3152581513480206 0.4187957949227645 0.3932649243080007 0.4239773095295605
1 0.28290599623107787 0.40551108745580866 0.28242090494893896 0.3797292328502437 0.24187025635014905 0.3804922022495089 0.24235534763228794 0.4062740568550739
1 0.267193359375 0.3870905343750001 0.2671146137230281 0.3731107762105762 0.23646223906250002 0.3732834359375 0.23654098471447194 0.38726319410192395
1 0.034744238572078076 0.39466609623642956 0.008673176562500051 0.39354886874999995 0.007991801348469229 0.4094491000570161 0.03406286335804725 0.41056632754344574
1 0.06682680785079351 0.3686952809087276 0.06603122240025036 0.3528368856874666 0.0007466700468626491 0.3561120871988997 0.0015422554974057977 0.37197048242016073
1 0.052807305453193024 0.37612643310807226 0.007937994693278555 0.3753419162639777 0.0076704947524377275 0.390641190032534 0.05253980551235219 0.39142570687662853
1 0.18161458281250004 0.47173971249999996 0.10290560278267194 0.4091318657540898 0.0953372171810452 0.4186466461232995 0.17404619721087328 0.48125449286920974
1 0.5917775717874381 0.6368991346391649 0.12984156927312646 0.39180386774865283 0.10231023473640263 0.44369273031677253 0.5642462372507143 0.6887879972072847
0 0.40232691343412286 0.5580223768309763 0.40203824999460364 0.5428630079434116 0.3831397483775844 0.54322287163688 0.38342841181710363 0.5583822405244447
1 0.6639490991684537 0.5526785217432314 0.4031180793555567 0.5335662078052286 0.39876555893814947 0.5929662544406822 0.6595965787510464 0.6120785683786851
1 0.6597936203124999 0.6499768515625 0.6595339087082837 0.6337511069099113 0.6313860671875 0.6342016453125001 0.6316457787917164 0.6504273899650888
1 0.5847037765625 0.6150313781250001 0.5517662765625 0.6150313781250001 0.5517662765625 0.6303914609375 0.5847037765625 0.6303914609375
1 0.5850091140625 0.5956769546874999 0.5229697415436506 0.5945135550770364 0.5226644040436507 0.6107959628895365 0.5847037765625 0.6119593625
1 0.35157296536007016 0.525596270809577 0.05996992477777522 0.5181308285276047 0.05769014729786905 0.6071798118138351 0.349293187880164 0.6146452540958075
1 0.3480390625000001 0.6380673875 0.3228828125000001 0.6380673875 0.3228828125000001 0.65252211875 0.3480390625000001 0.65252211875
1 0.3754773616230848 0.6192056080297298 0.32338064530444866 0.6181498434118484 0.32275526458408854 0.6490092617215176 0.3748519809027247 0.650065026339399
1 0.2732291671875 0.63482253125 0.2727781846205656 0.6181390345261251 0.2379841645764443 0.6190795745539844 0.23843514714337877 0.6357630712778595
1 0.27654702237773343 0.5544965183020449 0.16481172431836724 0.5486773483390136 0.16161004976187318 0.6101534803529671 0.2733453478212394 0.6159726503159985
1 0.03954417993663959 0.615677090168591 0.03629897458179345 0.5962713597949831 -0.0025843975423461398 0.6027737961888923 0.0006608078124999972 0.6221795265625001
1 0.045410469453293925 0.6209601831437629 0.011812250604653872 0.6204877869246795 0.011576583561817155 0.6372491253113483 0.0451748024104572 0.6377215215304316
1 0.02787304687500005 0.5737860078125001 0.022029581123554465 0.5671422494667598 -0.005192423563945514 0.5910851510292597 0.0006510421875000727 0.597728909375
1 0.45315857443801094 0.6123578302805956 0.0011835937500000338 0.5114326125 -0.022921478824534703 0.6193827358779171 0.42905350186347624 0.7203079536585127
1 0.037263671874999994 0.6547926953124998 0.03714391388995965 0.6400032959733192 0.011416049827459654 0.6402116287858192 0.0115358078125 0.6550010281249998
1 0.0948649596379552 0.6308937887249252 0.07890665970992342 0.613221309327535 0.014443664884378338 0.6714315798024934 0.030401964812410132 0.6891040591998835
1 0.5929549804050216 0.7527468141702472 0.0008742770619293045 0.733702279506506 -0.0038077564316589207 0.879263288630951 0.5882729469114334 0.8983078232946922
1 0.6226075741737974 0.8456455540753103 0.002217701320827925 0.7921333480363464 -0.007810142910512474 0.9083904315724061 0.612579729942457 0.9619026376113698
1 0.04517085072921869 0.8505144002166312 0.0022877609375000496 0.8297294234375 -0.008076335329957551 0.8511123903549154 0.03480675446176109 0.8718973671340462
1 0.05873372343750011 0.8666306578125 0.015828776562500105 0.8666306578125 0.015828776562500105 0.882497428125 0.05873372343750011 0.882497428125
1 0.03974739531250001 0.9018575109375002 0.039562500000000014 0.8855540125000001 0.015547568262905473 0.8858263619178393 0.015732463575405472 0.9021298603553394
1 0.17159245001631826 0.8501588260218149 0.15684530868600421 0.8280324468662146 -0.002808731014613386 0.9344412122074995 0.011938410315700665 0.9565675913630999
1 0.2804986984375 0.9504768515625001 0.28039595586039356 0.9418896027063063 0.0005482996103935448 0.9452378542688062 0.0006510421874999991 0.953825103125
1 0.27643880156250006 0.8651013375 0.2427643234375001 0.8651013375 0.2427643234375001 0.8795679015625 0.27643880156250006 0.8795679015625
1 0.3628767239123197 0.8251795025333752 0.3513700929520131 0.7972136570066225 0.23674785149008012 0.8443753217981953 0.24825448245038667 0.8723411673249479
1 0.35953039386017677 0.8488706719620105 0.3281285808870791 0.8310500331862016 0.28731481667530095 0.9029681168547927 0.31871662964839864 0.9207887556306018
1 0.4302335517893562 0.8693073671773561 0.3272118801386922 0.8625900701575722 0.32459640047059474 0.9027030928186411 0.42761807212125885 0.9094203898384251
1 0.35294726562499995 0.899352365625 0.3527059636400225 0.883918860371249 0.32551027856606146 0.8843440633749265 0.3257515805510389 0.8997775686286775
0 0.5557213546875002 0.8639953703125001 0.5408841140625003 0.8639953703125001 0.5408841140625003 0.8757119343750001 0.5557213546875002 0.8757119343750001
1 0.5882610683823819 0.876524518583315 0.5879166671874999 0.8609423875000001 0.5533256061468522 0.8617069300834848 0.5536700073417343 0.8772890611667996
1 0.6652322016127453 0.8197827365858131 0.44457194881782297 0.8089306136226065 0.4426657320048378 0.8476904291224269 0.6633259847997601 0.8585425520856333
1 0.6635983078125001 0.8960468109375002 0.6634338714387147 0.8810461002655678 0.6378411453124999 0.8813266453125002 0.6380055816862853 0.8963273559844325
0 0.5639507205987309 0.048495813999200624 0.5598347456241207 0.029283234376000843 0.53588864570261 0.03441328718251917 0.5400046206772202 0.053625866805718944
0 0.5238400997098994 0.03528361304981993 0.4998300864360353 0.031203918426634104 0.4968277162631753 0.04887361048979407 0.5208377295370393 0.052953305112979895
0 0.44404947968749997 0.03250257187500006 0.4202213546875 0.03250257187500006 0.4202213546875 0.05180812812500004 0.44404947968749997 0.05180812812500004
2 0.423612755932728 0.012655651119648104 0.0006737536433573124 0.01039106848111427 0.000552281172584106 0.03307756475651978 0.4234912834619548 0.03534214739505362
2 0.28071620322241064 0.14007103305080648 0.27273066801109225 0.0356297150105278 0.2597537977862231 0.036621920548123924 0.2677393329975415 0.14106323858840258
2 0.260125 0.0843307609375 0.26005664235783443 0.0721249603425183 0.2391145845453344 0.07224224471751829 0.23918294218749994 0.08444804531249998
2 0.22710788321196307 0.057446155441133365 0.20264212462014122 0.04346535396571175 0.1549746932177134 0.12688116324061297 0.17944045180953525 0.14086196471603457
2 0.17356901093749996 0.05252417656250001 0.16308834016114 0.03965611332599626 0.11021033328431636 0.08272374294518844 0.12069100406067634 0.09559180618169219
2 0.12312369843750001 0.15674742812500003 0.06222135468750001 0.11258796250000006 0.05962025886032836 0.11617525301520537 0.12052260261032836 0.16033471864020538
2 0.3489407546875 0.18332716093750007 0.3489162626520846 0.1787097130851621 0.2941421254651713 0.1790002480626505 0.29416661750058676 0.18361769591498844
2 0.45789713593750003 0.31815329218750005 0.45786090018458836 0.3137676809480501 0.3748706658095884 0.31445338094805003 0.3749069015625 0.3188389921875
2 0.4005856241307459 0.4759574902677978 0.39153192537939036 0.43371330469149694 0.3786582837706379 0.4364723606744332 0.3877119825219934 0.47871654625073407
2 0.285865234375 0.37546862187499996 0.2837799484375 0.33227417656249997 0.27549397125949204 0.33267419632343775 0.27757925719699206 0.37586864163593775
2 0.12086458281250004 0.387906378125 0.07970117187499999 0.3594161515625 0.07591217152072705 0.36489059657202344 0.11707558245822709 0.39338082313452344
2 0.09060612031250007 0.4130097734375001 0.05918249989736903 0.391285587274938 0.05457358703447015 0.39795229171423874 0.08599720744960118 0.41967647787680085
2 0.2886282472779173 0.4804942349418203 0.28854462575247414 0.47485889191958847 0.1887298171875 0.4763400203125 0.1888134387129432 0.4819753633347319
2 0.05583405550779728 0.5492059756272388 0.05251551199154525 0.5450034098632255 0.030430989062500035 0.5624423875 0.03374953257875206 0.5666449532640133
2 0.15064175268733698 0.6103721399988925 0.15029693555636253 0.6035679744254787 0.081072814634692 0.6070760699462147 0.08141763176566644 0.6138802355196284
2 0.07299804687499996 0.6600550406249999 0.05068431050128326 0.6408373851054143 0.04663541718749999 0.6455385796875 0.0689491535612167 0.6647562352070856
2 0.14466304292636475 0.9383300481439736 0.0699299788353831 0.8759474740863483 0.04959324080921421 0.90031047560192 0.12432630490019587 0.9626930496595453
2 0.2351425781250001 0.8495468109375002 0.18069726562500008 0.8479377578125001 0.18056891510646417 0.852280736911605 0.23501422760646423 0.853889790036605
2 0.3211790359375001 0.9237206796875 0.3177085045682388 0.9193929575684205 0.283994140625 0.9464295265625001 0.2874646719942613 0.9507572486815796
2 0.4355553390625002 0.8203564812499999 0.36807291718750007 0.8203564812499999 0.36807291718750007 0.8254465015625 0.4355553390625002 0.8254465015625
2 0.4728561203125 0.9537196499999998 0.42429511039092843 0.9109547156775639 0.41738104707590284 0.9188058652831692 0.4659420569974745 0.9615707996056052
2 0.4041126296875001 0.6711728390625001 0.3803713313387047 0.6509116246728781 0.37656835937500005 0.6553677984375001 0.40030965772379545 0.6756290128271222
2 0.5115511632499293 0.6064877065530596 0.5105614547597784 0.5965084559809479 0.45248112911338767 0.602268667230038 0.4534708376035386 0.6122479178021496
2 0.38797786406249996 0.5523940328124999 0.38791541672453417 0.5478277884716571 0.2849284385995342 0.5492362244091573 0.2849908859375 0.55380246875
1 0.5751236984375 0.1034490734375001 0.5475325515625 0.1034490734375001 0.5475325515625 0.11905092656250009 0.5751236984375 0.11905092656250009
1 0.6537141921875 0.12388117343750009 0.6250358078125 0.12388117343750009 0.6250358078125 0.1387834359375001 0.6537141921875 0.1387834359375001
1 0.6530482665521201 0.11886010362577686 0.6528907460437465 0.1033782265330101 0.6264004216791264 0.10364775259473327 0.6265579421874999 0.11912962968750003
1 0.34241601981107206 0.12140483059160607 0.3422303456611425 0.10522343448263252 0.31537612732547887 0.10553157440627799 0.3155618014754084 0.12171297051525154
2 0.3098463546875 0.03570113125000004 0.28977912419369517 0.03506215355483669 0.28748158389995077 0.10721689540632999 0.3075488143937556 0.10785587310149333
2 0.3370628889268251 0.04244719961231941 0.33678849842565706 0.03143907850301738 0.3093064721839073 0.03212410066790031 0.30958086268507534 0.043132221777202336
2 0.3109147616134503 0.10701518761336522 0.29643508669548235 0.10674008819205491 0.29601803411515937 0.1286913731421052 0.3104977090331273 0.12896647256341548
2 0.2604407546875 0.06356944375 0.2601696134644559 0.05046762138894299 0.22349767050769898 0.05122654447541788 0.2237688117307431 0.06432836683647489
2 0.2606614578125 0.0440576125 0.2606539120815034 0.03219416986457906 0.23800677770650344 0.03220857455207907 0.2380143234375 0.04407201718750001
2 0.1165266921875 0.07719907343750002 0.0689420578125 0.0771990734375 0.06894205781250001 0.09072273593750001 0.1165266921875 0.09072273593750002
1 0.03002278593750002 0.1290097734375 0.004313151562500015 0.1290097734375 0.0043131515625000165 0.1443544234375 0.030022785937500025 0.1443544234375
1 0.3808658859375 0.03262088437500004 0.35126953125 0.03262088437500004 0.35126953125 0.04634002031250005 0.3808658859375 0.04634002031250005
1 0.3824609375 0.056931584375000045 0.353125 0.056931584375000045 0.353125 0.07123714062500004 0.3824609375 0.07123714062500004
1 0.34938319698800263 0.12553354690547283 0.3148441569105747 0.1252436136273342 0.314705078125 0.14181172812500004 0.3492441182024279 0.14210166140313868
1 0.263584855145515 0.145969986074019 0.23733181216080665 0.14581739757859985 0.23724519722915138 0.16071960575371336 0.26349824021385976 0.16087219424913252