0 0.07760569625713233 0.26686279687057146 0.03662575689800527 0.26574627267348666 0.03515459173335147 0.31974264766668703 0.07613453109247853 0.3208591718637718
0 0.9660493828125001 0.2792968750000001 0.9233539093750001 0.2792968750000001 0.9233539093750001 0.3333333328125001 0.9660493828125001 0.3333333328125001
0 0.9644235236829024 0.578171819338976 0.9632035093880725 0.559642902495938 0.9496306664539947 0.5605365900515211 0.9508506807488246 0.579065506894559
0 0.9666809765245171 0.517035204562932 0.9455640343907428 0.5165323532970894 0.9449600750010028 0.5418952714214365 0.9660770171347771 0.542398122687279
0 0.8683102587912055 0.8152712772963608 0.8511895708118755 0.8054331253745779 0.8394549173098032 0.8258541701756549 0.8565756052891331 0.8356923220974378
0 0.9629629625 0.8111979171874999 0.9475308640625 0.8111979171874999 0.9475308640625 0.8352864578125001 0.9629629625 0.8352864578125001
0 0.8940809093265261 0.9556854647210862 0.8925345082379911 0.9361138227149931 0.8797542121584083 0.9371236237200959 0.8813006132469432 0.956695265726189
0 0.8455444747670334 0.8798844825477433 0.8418302982068692 0.866678515997477 0.8315529406834787 0.8695690216085967 0.8352671172436429 0.882774988158863
0 0.874119041000359 0.771250471844415 0.8650773251026266 0.7655352180744105 0.8591985282145818 0.7748356644624865 0.8682402441123142 0.780550918232491
0 0.8595679015625001 0.7200520828125001 0.8513374484374999 0.7200520828125001 0.8513374484374999 0.7311197921875002 0.8595679015625001 0.7311197921875002
0 0.8226746531478486 0.7153614985359751 0.8217448978268118 0.703594277988379 0.8134632659046984 0.704248628887583 0.8143930212257352 0.7160158494351793
0 0.9588477359375001 0.7063802078125001 0.950617284375 0.7063802078125001 0.950617284375 0.7180989578125001 0.9588477359375001 0.7180989578125001
0 0.6424897125000001 0.9329427078125001 0.6418728364215507 0.9204509644132578 0.6337586216345763 0.920851666287889 0.6343754977130257 0.9333434096871311
0 0.6139789474011363 0.9401650273836986 0.6047849146148577 0.93822784761772 0.6016326738125599 0.9531886714893929 0.6108267065988386 0.9551258512553712
0 0.5864031624235766 0.9053889251460749 0.5772394934901975 0.9040724837009915 0.575313146682143 0.9174816668179556 0.584476815615522 0.918798108263039
0 0.612391618901141 0.8761378317429254 0.6021362973329689 0.8733565332939348 0.6000569401861855 0.8810236271302978 0.6103122617543576 0.8838049255792884
0 0.5253682141585814 0.8087648839412122 0.5167843492631821 0.8083127298879109 0.5160904128835061 0.8214866826273551 0.5246742777789054 0.8219388366806566
0 0.5260426847057416 0.7122886544422433 0.5244829529342312 0.6994574185809139 0.5165283186672605 0.7004243633032327 0.5180880504387707 0.713255599164562
0 0.624074813830783 0.7743601883008544 0.6234257035259894 0.7645018223428336 0.615316142247887 0.7650357850518045 0.6159652525526805 0.7748941510098254
0 0.6264691704791807 0.7183968584307183 0.6222715411694332 0.7101052418389153 0.6151439347527525 0.7137135912206969 0.6193415640625 0.7220052078125
0 0.6754278151027953 0.7152823599261096 0.6691984147550593 0.7135303418010166 0.6666908741318375 0.722446045472422 0.6729202744795735 0.7241980635975149
0 0.688447138441661 0.6238583226791146 0.6786771199962044 0.6231565483959013 0.6778185668786738 0.6351092232022116 0.6875885853241304 0.6358109974854249
0 0.6893004109375 0.5299479171875 0.6790123453125 0.5299479171875 0.6790123453125 0.5442708328125 0.6893004109375 0.5442708328125
0 0.578092846773127 0.606852234117111 0.5665475174709622 0.605331862028231 0.5647865646608325 0.6187041017761302 0.5763318939629973 0.6202244738650103
0 0.5262345671875 0.5904947921875 0.5164609046875 0.5904947921875 0.5164609046875 0.6041666671875 0.5262345671875 0.6041666671875
0 0.8739895003772103 0.45535845790308366 0.865394205798302 0.45493399900703596 0.8647873408326993 0.46722301732551985 0.8733826354116075 0.46764747622156755
0 0.6271959518101381 0.4519758825044186 0.6189183796467237 0.4515087180630101 0.6183006303108941 0.46245446703913606 0.6265782024743085 0.4629216314805446
0 0.3814427100101339 0.4486743479039451 0.37396097933933337 0.44698535095624503 0.3712290840343978 0.4590867966812858 0.3787108147051983 0.4607757936289859
0 0.3998264718402241 0.48097281523569757 0.3913253147370977 0.4795334665171893 0.3895179741415314 0.4902080765989563 0.39801913124465776 0.4916474253174646
0 0.3909465015625001 0.541015625 0.3832304531250001 0.541015625 0.3832304531250001 0.5520833328125 0.3909465015625001 0.5520833328125
0 0.18246096369294856 0.565516214075612 0.18116750181490254 0.5524199096137273 0.17180665264596645 0.5533444377186898 0.17310011452401244 0.5664407421805745
0 0.3321488590316378 0.592644932586216 0.32391483420452155 0.586139037499992 0.3177419954959263 0.5939515377796204 0.3259760203230426 0.6004574328658444
0 0.35385938032872105 0.6306058152043577 0.35155422270010567 0.618935962732516 0.3433853069753536 0.620549576824542 0.345690464603969 0.6322194292963836
0 0.18383080825576253 0.6338488112245159 0.17485347810779064 0.6310083257403363 0.1712021443972252 0.6425483347925685 0.18017947454519712 0.6453888202767479
0 0.08582563005724586 0.6734797732171233 0.07652560683924976 0.6710303827020913 0.07327883960423916 0.683357943572324 0.08257886282223525 0.6858073340873562
0 0.05718070338380439 0.7097291362807205 0.04696536231314201 0.7088672162573014 0.04604176116349148 0.719813592371769 0.05625710223415385 0.7206755123951881
0 0.09718631277472932 0.5689803053923457 0.08642415942250471 0.5676720856858648 0.08491685914777544 0.5800719881060191 0.09567901250000005 0.5813802078125001
0 0.04915226997706312 0.5223075830530579 0.037095688778605654 0.5180689419566409 0.032444432105861544 0.5312991854413301 0.04450101330431901 0.5355378265377471
0 0.13242872213496654 0.7674079997888009 0.13175094402001392 0.7562564274307093 0.12236806911802867 0.7568267064065963 0.12304584723298131 0.767978278764688
0 0.15134195078107812 0.757531187468671 0.1433873447149447 0.7558170640349949 0.14105967136945083 0.7666189258789428 0.14901427743558426 0.7683330493126188
0 0.15496155883027976 0.819518657642179 0.1478347085569895 0.8183911695231807 0.14579995278404592 0.8312528569255851 0.1529268030573362 0.8323803450445835
0 0.12962962968750014 0.927734375 0.11985596718750013 0.927734375 0.11985596718750013 0.943359375 0.12962962968750014 0.943359375
0 0.04295877417237838 0.8687301911695992 0.03309570801285557 0.8680217333275773 0.03199661418719504 0.8833231873803322 0.041859680346717845 0.8840316452223542
0 0.34117555229120206 0.9171749093106101 0.32906465900927573 0.9152589267188633 0.3268622439659513 0.9291803546415955 0.3389731372478776 0.9310963372333424
0 0.3673195868510383 0.9486486163877528 0.35664643896901893 0.9451524045098836 0.3513331483443912 0.9613726847897393 0.3620062962264106 0.9648688966676083
0 0.3878600828125001 0.9166666671874999 0.3796296296875001 0.9166666671874999 0.3796296296875001 0.9303385421874999 0.3878600828125001 0.9303385421874999
0 0.3976337453125001 0.837890625 0.3888888890625001 0.837890625 0.3888888890625001 0.8522135421874999 0.3976337453125001 0.8522135421874999
0 0.3770576125000001 0.7610677078125 0.36934156406250007 0.7610677078125 0.36934156406250007 0.771484375 0.3770576125000001 0.771484375
0 0.45245422990480044 0.715403237656628 0.444206927470607 0.7142184402994295 0.44254706600169696 0.7257726351579789 0.4507943684358904 0.7269574325151773
0 0.4614197531250002 0.9348958328125001 0.4526748968750002 0.9348958328125001 0.4526748968750002 0.94921875 0.4614197531250002 0.94921875
0 0.44010924634170834 0.9679119182669018 0.4310370717615684 0.9636110362126296 0.42596664738742807 0.9743064643915783 0.435038821967568 0.9786073464458506
0 0.325227731094111 0.9887173119287013 0.324389180596383 0.9770431112259645 0.31517744877029524 0.9777047841322639 0.31601599926802326 0.9893789848350008
0 0.8225975075836173 0.6519694703945423 0.8218171634088833 0.6411056112259647 0.8132102421150261 0.6417238409719357 0.8139905862897601 0.6525877001405134
1 0.967040114601588 0.9993482662241157 0.9670167958644271 0.2740721545988596 0.03429407064671787 0.27410214306218367 0.03431738938387875 0.9993782546874398
1 0.9527311355810271 0.4944127740421564 0.9359543256780765 0.49296914007986886 0.9252718447916191 0.6171127636061662 0.9420486546945698 0.6185563975684537
1 0.9906226549658429 0.24122719184531732 0.008888718074003644 0.2335564174718879 0.002909729569318846 0.9987693721987944 0.9846436664611582 1.0064401465722237
1 0.8586466046875001 0.34599934843750013 0.8428194437500002 0.3456542968750001 0.8422177120720455 0.3732551111972981 0.8580448730095455 0.3736001627597981
1 0.8939584751127196 0.9991714487673891 0.8923167046643943 0.30009016968462127 0.7769320228680673 0.30036114698930777 0.7785737933163925 0.9994424260720753
1 0.8764279828124998 0.42357552031250006 0.8409172477522027 0.42288463854003344 0.8402513531832024 0.4571110526100329 0.8757620882434998 0.45780193438249944
1 0.918512155559928 0.4676545283749853 0.8864178571719143 0.44976037073097846 0.7876511793069031 0.6269046260379147 0.8197454776949167 0.6447987836819216
1 0.9672145062500002 0.6479270828125001 0.9535506207489419 0.6473638949386236 0.9509215279032691 0.7111501113705387 0.9645854134043275 0.7117132992444153
1 0.8545145355183058 0.658469189285839 0.8400301717725073 0.6581855213673706 0.8395241765625 0.6840221359375 0.8540085403082985 0.6843058038559684
1 0.9058276749999999 0.6760865890625002 0.8231579218749999 0.6760865890625002 0.8231579218749999 0.9993489578125001 0.9058276749999999 0.9993489578125001
1 0.8736988983001469 0.7690765137041591 0.8730993253574912 0.736567333319973 0.8582530859374999 0.7368411453125001 0.8588526588801557 0.769350325696686
1 0.8567024622204981 0.7324110076491624 0.834925851904619 0.7027810450694846 0.8171971553091207 0.7158107921078223 0.838973765625 0.7454407546875002
1 0.8390965613993633 0.8692970806314252 0.6162870930338669 0.4091890240202135 0.5747773559063548 0.42929030746543606 0.797586824271851 0.8893983640766479
1 0.8530844791676193 0.9696511748271675 0.8369867978811948 0.9694480747279449 0.8366595202760754 0.9953880452132775 0.8527572015624999 0.9955911453125001
1 0.8916670431027287 0.9959781846362145 0.891528125836151 0.9527241980211245 0.8738151322530807 0.9527810862028628 0.8739540495196584 0.9960350728179528
1 0.8569102040831169 0.9666528953121075 0.6841878257598004 0.6318138367702701 0.6153877210632278 0.6673034769688625 0.7881100993865442 1.0021425355106999
1 0.6125684156250001 0.3700989578125001 0.612062439679725 0.34128852271497645 0.596752253742225 0.3415574039649764 0.5972582296875001 0.37036783906250004
1 0.6506798693912835 0.34307658152452153 0.5590871547060764 0.34223771639880085 0.5530699289778753 0.9992373012201792 0.6446626436630825 1.0000761663459
1 0.6293271609375 0.4209361984375001 0.6145740734375 0.42038997343750006 0.6134010570870225 0.4520721792272875 0.6281541445870225 0.4526184042272875
1 0.683940941180708 0.5346815811517831 0.6473272707716259 0.41601330956688304 0.6199648584086553 0.42445565337517255 0.6565785288177375 0.5431239249600727
1 0.6087922105378804 0.6535457539368361 0.5941061250400362 0.653356143060192 0.5937443421874999 0.6813776046875 0.608430427685344 0.681567215564144
1 0.6608055562499999 0.65445703125 0.6322875515625 0.65445703125 0.6322875515625002 0.9993489578125001 0.66080555625 0.9993489578125001
1 0.6289229834270286 0.6815721809724209 0.6237414688202325 0.6035654080124407 0.5760226904704395 0.6067350756919994 0.5812042050772357 0.6847418486519794
1 0.621326481858347 0.7190469534712769 0.6014322633844937 0.711676696730404 0.5855703782573893 0.754492004150537 0.6054645967312426 0.7618622608914098
1 0.6267165640625001 0.7635377609375 0.6266330754293972 0.7327694021933586 0.6126648004669042 0.7328073045135026 0.6127482891000071 0.763575663257644
1 0.6064511312499999 0.9913268234375001 0.606153011872172 0.9652631682123924 0.5902199393012517 0.9654454127072919 0.5905180586790797 0.9915090679323996
1 0.6473024435878711 0.934001402676133 0.6314587299912104 0.9331383343232339 0.6279017905431291 0.9984345877506413 0.6437455041397898 0.9992976561035404
1 0.6246580837360224 0.9920620053067217 0.6238735668919279 0.947192694546807 0.6085742931233715 0.947460194487648 0.609358809967466 0.9923295052475627
1 0.5908681342459102 0.8970943972173281 0.5282602875 0.8183854171875001 0.5187455071307903 0.8259538027891269 0.5813533538767005 0.9046627828189548
1 0.6081961322513474 0.8701584307268735 0.36310086536083536 0.408222428212562 0.31121200279271555 0.43575376274928584 0.5563072696832276 0.8976897652635973
0 0.45713699205658853 0.5979617500053965 0.4419776231690237 0.5976730865658773 0.4416177594755554 0.6165715881828965 0.45677712836312023 0.6168602516224158
1 0.46643379219477155 0.5968819206444433 0.44732147825676877 0.3360509008315463 0.38792143162131504 0.3404034212489536 0.40703374555931776 0.6012344410618506
1 0.3663732363503494 0.3405412016062515 0.35002314843750004 0.3402063796875 0.3494482667746507 0.36827911089374854 0.36579835468750005 0.36861393281250004
1 0.38503682903538217 0.4156190335416855 0.3696085390625001 0.4152962234375 0.368926133464618 0.44791091333331456 0.3843544234375001 0.44823372343750006
1 0.4050724358597296 0.4771245829372914 0.4043230453125 0.41499088593750005 0.3880393235747118 0.4151872828643408 0.3887887141219414 0.47732097986413213
1 0.476598926165216 0.6507639574055742 0.3857564515766707 0.6501763211392306 0.383881565702674 0.9400142397971949 0.47472404029121923 0.9406018760635385
1 0.3619326125000001 0.6519609375 0.3474879482790959 0.6517913957209635 0.3471926810915959 0.6769476457209636 0.3616373453125001 0.6771171875000002
1 0.38240687020238606 0.6762999582734286 0.3803367455096892 0.6240781562613911 0.3497515667727134 0.6252905834717613 0.35182169146541026 0.6775123854837989
1 0.38186129743451025 0.7272649793034411 0.36517746875000007 0.7267708328125 0.36414738501885313 0.7615494679262017 0.3808312137033633 0.7620436144171429
1 0.44634152891166823 0.7259975210404589 0.3956892514852434 0.7034421793593593 0.3448347627444434 0.817645533424994 0.3954870401708682 0.8402008751060936
1 0.40049434218750013 0.9631601562500001 0.379450539290055 0.9622356413784304 0.3778204734375 0.9993391921874999 0.39886427633494514 1.0002637070590694
1 0.37930277038450044 0.9549558322460843 0.3625676431206084 0.954720533735739 0.36210026336110807 0.9879619671146547 0.3788353906250001 0.988197265625
1 0.4326695761506141 0.9782413791250238 0.42621399218750006 0.9721269531249999 0.4013009234680302 0.9984300610368031 0.4077565074311441 1.0045444870368272
1 0.4885673875 0.9988164062499999 0.38764216971940446 0.5468414255619891 0.27969204634148725 0.5709464981365239 0.3806172641220829 1.0229214788245347
1 0.3600112760003606 0.9631303819390915 0.3452073046875001 0.962736328125 0.3445228148063069 0.9884515177837837 0.3593267861191674 0.9888455715978752
1 0.38689161277814066 0.9220850216622611 0.37150503430849907 0.9050456758530359 0.3067791749221118 0.9634933137854993 0.3221657533917534 0.9805326595947246
1 0.3078964704156322 0.9920818583069015 0.21841082483430138 0.3943825807064695 0.0918973661177915 0.4133237756388519 0.18138301169912224 1.0110230532392839
1 0.20786665196365356 0.9977822986791722 0.15435444592468975 0.37739242582620275 0.038097362388630096 0.38742027005754315 0.09160956842759393 1.0078101429105126
1 0.17027057656250003 0.9977122390625002 0.149485599783369 0.9548291492707817 0.12810263286595389 0.9651932455382394 0.1488876096450849 1.008076335329958
1 0.13336934218750013 0.9412662765625001 0.11750257187500013 0.9412662765625001 0.11750257187500013 0.9841712234375001 0.13336934218750013 0.9841712234375001
1 0.11444598750000012 0.9604375 0.09815185909549091 0.959943526392095 0.09742397784549092 0.9839532920170949 0.11371810625000014 0.984447265625
1 0.16536150899099153 0.8380916141409316 0.14367315249257934 0.8249787522296227 0.04416949182818382 0.9895554007128389 0.065857848326596 1.0026682626241479
1 0.05636977940005182 0.7195406086744487 0.047781584342761765 0.7194913030894974 0.04617489687500012 0.9993489578125001 0.054763091932290175 0.9993982633974514
1 0.1348986625000001 0.7235611984375 0.12043209843750009 0.7235611984375 0.12043209843750009 0.7572356765625 0.1348986625000001 0.7572356765625
1 0.20658968279671588 0.6532608828138138 0.1754209429293725 0.6366611882623137 0.11792143276611622 0.7446262637170437 0.1490901726334596 0.7612259582685439
1 0.15468312812500007 0.6467317703125001 0.08268009271461496 0.6464794836808418 0.08253342101591976 0.6883398369046375 0.15453645642630487 0.6885921235362957
1 0.13951295891525034 0.6718239091929883 0.12863951537066928 0.5686721288237135 0.09030922324482936 0.5727126045768762 0.10118266678941042 0.675864384946151
1 0.11608380868908268 0.6475178739540536 0.1006476343750001 0.647052734375 0.0998288734012999 0.6742242280099197 0.11526504771538246 0.6746893675889732
0 0.13600462968750004 0.44427864531249994 0.12428806562500005 0.44427864531249994 0.12428806562500005 0.45911588593749997 0.13600462968750004 0.45911588593749997
1 0.13905761250000004 0.41208333281250004 0.12323425861470642 0.4118580707220718 0.12274331292912762 0.4463441544949884 0.13856666681442123 0.4465694165854166
1 0.18311985625 0.5558190109375001 0.1826891574837122 0.3357442107711682 0.1424392728806219 0.3358229820599694 0.14286997164690968 0.5558977822263013
1 0.1186733546875 0.3621588546875 0.11839177231557427 0.33624480238607646 0.1034206138136738 0.3364074791559003 0.10370219618559953 0.36232153145732376
0 0.9682184247484402 0.4376484484241348 0.9487222348314827 0.43708562889856833 0.9480089662843213 0.4617934054158397 0.9675051562012789 0.46235622494140616
0 0.9687960815733657 0.5001699135639649 0.9647163869501801 0.4761599002901008 0.9470466948870202 0.47916227046296067 0.9511263895102058 0.5031722837368248
0 0.967497428125 0.5559505203125001 0.948191871875 0.5559505203125001 0.948191871875 0.5797786453125002 0.967497428125 0.5797786453125002
2 0.98748816875 0.5764921875000002 0.9646784984375 0.5764921875000002 0.9646784984375 0.9993489578125001 0.98748816875 0.9993489578125001
2 0.9643702849894721 0.7272693319889079 0.8599289669491934 0.7192837967775895 0.8589367614115974 0.7322606670024585 0.963378079451876 0.740246202213777
2 0.9278955002048281 0.7401738722352291 0.9156692390625001 0.7398750000000001 0.9151575439493677 0.7608074164006627 0.9273838050916957 0.7611062886358917
2 0.9443461937500001 0.7760286453125002 0.9133869740482556 0.752258875380841 0.8588025953811664 0.8233529489161027 0.8897618150829109 0.8471227188477618
2 0.9531444157121871 0.8296689514978827 0.9398923872854693 0.8220992466824661 0.9059931660590521 0.8814454767258317 0.91924519448577 0.8890151815412481
2 0.8874120375000002 0.9377786453124998 0.8432525718750001 0.8768763015624998 0.8396652813597948 0.8794773973896716 0.8838247469847949 0.9403797411396715
2 0.8212929168041494 0.6511326606315034 0.8166728390625 0.6510592453125 0.8158032769458506 0.7057814018684966 0.8204233546875 0.7058548171875
2 0.6859658284095935 0.5421236335701105 0.6815794695327073 0.5421015165886025 0.6811610078125001 0.6250930984375002 0.6855473666893863 0.625115215419008
2 0.5662866953085031 0.6084680746206097 0.5240425097322021 0.5994143758692543 0.5212834537492659 0.6122880174780067 0.5635276393255669 0.621341716229362
2 0.6677258234375001 0.7162200515625001 0.6245313781250001 0.7141347656250001 0.6241313583640623 0.7224207428030079 0.6673258036765624 0.724506028740508
2 0.6405838484374999 0.9202988281249999 0.6120936218749999 0.8791354171875 0.6066191768654765 0.882924417541773 0.6351094034279765 0.9240878284792728
2 0.6087144127250621 0.9408175001026313 0.5869902265624999 0.9093938796875001 0.5803235221231992 0.914002792550399 0.6020477082857614 0.9454264129655302
2 0.5239804531250001 0.7114381515624999 0.5183675175029467 0.711420133329767 0.5180470440654468 0.811252164579767 0.5236599796875001 0.8112701828125
2 0.4546174073974812 0.9471079017569618 0.4503730053035032 0.9438841682982222 0.4333132104060221 0.9663452774787604 0.4375576125 0.9695690109375
2 0.39630953090293886 0.8496895394773223 0.38949677648894654 0.8493575592550975 0.38612317232123755 0.9185892036301821 0.3929359267352298 0.9189211838524068
2 0.35916261489458556 0.9493156894987169 0.33994495937499986 0.927001953125 0.33524376479291434 0.931050846438783 0.35446142031250005 0.9533645828124999
2 0.12405252591365179 0.9300700211646171 0.06166995185602642 0.8553369570736354 0.037306950340454836 0.8756736950998043 0.09968952439808021 0.9504067591907861
2 0.15206224218750003 0.8193027343750001 0.1504531890625 0.764857421875 0.14611020996339524 0.7649857723935359 0.14771926308839523 0.8194310848935359
2 0.08001371368207569 0.6816994164021236 0.075654730208961 0.6783395330329023 0.0492114899643854 0.7126459760057788 0.05357047343750008 0.716005859375
2 0.1796435187500001 0.5644446609375 0.17456197493642414 0.564326750177931 0.17299613118642415 0.6318091720529311 0.1780776750000001 0.6319270828125001
2 0.08904528432243586 0.5757048896090715 0.04628034999999997 0.5271438796875 0.03842920039439464 0.5340579430025255 0.08119413471683053 0.582618952924097
2 0.34908837532712206 0.6196286686612954 0.32882716093750003 0.5958873703125 0.32437098717287793 0.5996903422762048 0.34463220156249996 0.623431640625
2 0.40123037211067275 0.4890275198704882 0.391063672718045 0.4884917512213554 0.38799591232440667 0.5467053062347211 0.3981626117170344 0.547241074883854
2 0.45095099228836 0.6120279037541241 0.4463751150432211 0.6120200135828853 0.44619753125 0.7150091140625 0.4507734084951389 0.7150170042337388
1 0.8965509265625 0.4248763015625002 0.8809490734375001 0.4248763015625002 0.8809490734375001 0.45246744843750014 0.8965509265625 0.45246744843750014
1 0.8761188265625 0.34628580781250007 0.8612165640624999 0.34628580781250007 0.8612165640624999 0.3749641921875001 0.8761188265625 0.3749641921875001
1 0.8966176202663799 0.3471085430144866 0.8811356684576195 0.34695348246315383 0.8808703703125002 0.37344205781250006 0.8963523221212606 0.3735971183638329
1 0.8947765655173674 0.6577696543388576 0.878595169408394 0.6575839801889279 0.8782870294847485 0.6844381985245918 0.8944684255937219 0.6846238726745213
2 0.9645524459444509 0.7103367666046578 0.96429886875 0.6901536453124999 0.8922495938371716 0.6910588597602627 0.8925031710316225 0.7112419810524206
2 0.9681203703125002 0.6632005203125001 0.9571106234085486 0.6631430502040156 0.9569674724741208 0.6905669684577647 0.9679772193780725 0.6906244385662491
2 0.8931846238952279 0.703635889288101 0.8931521706280792 0.6891452067154996 0.8712705295453512 0.6891942127398986 0.8713029828124998 0.7036848953124999
2 0.9493974740038643 0.7397582325872352 0.9363040066986672 0.7395573033128039 0.93574049435964 0.7762783356661502 0.9488339616648371 0.7764792649405815
2 0.9678088893658441 0.7394657399310911 0.9559423875000002 0.7393385421875002 0.9556996577455802 0.7619832291324449 0.967566159611424 0.7621104268760358
2 0.9228009265624999 0.8834733078125 0.9092772640625 0.8834733078125 0.9092772640625 0.9310579421874999 0.9228009265624999 0.9310579421874999
1 0.8709902265625 0.9699772140625 0.8556455765625 0.9699772140625 0.8556455765625 0.9956868484375001 0.8709902265625 0.9956868484375001
1 0.9673791156249999 0.6191341140625002 0.9536599796875 0.6191341140625002 0.9536599796875 0.6487304687500002 0.9673791156249999 0.6487304687500002
1 0.9430684156250001 0.6175390625000002 0.928762859375 0.6175390625000002 0.928762859375 0.6468750000000002 0.9430684156250001 0.6468750000000002
1 0.874756386372666 0.6851558430894252 0.8744664530945274 0.6506168030119974 0.8578983385968615 0.6507558817975722 0.858188271875 0.685294921875
1 0.854036764356848 0.7364312475055131 0.8392321573351076 0.7363451998533596 0.8390796523532595 0.7625838742228465 0.8538842593749999 0.7626699218749999