0 0.9645795349990184 0.26683865063657825 0.923315997561488 0.2657143996316521 0.9218448323968345 0.31971077462485237 0.9631083698343648 0.32083502562977856
0 0.07664609062500004 0.279296875 0.03395061718750003 0.279296875 0.03395061718750004 0.3333333328125 0.07664609062500004 0.3333333328125
0 0.05066328322795551 0.5610493268425821 0.03701996927084278 0.5594795696501791 0.03492981853136162 0.5776458076482849 0.048573132488474356 0.5792155648406879
0 0.054732869874153135 0.5168260453849334 0.03353024361842542 0.516635023945366 0.03329950794435514 0.5422457735672696 0.054502134200082854 0.542436795006837
0 0.1605597595701444 0.8256320947615092 0.1486218167473427 0.8054868164998474 0.13158501487160143 0.8155826992190779 0.14352295769440312 0.8357279774807397
0 0.0524691359375001 0.8111979171874999 0.0370370375000001 0.8111979171874999 0.0370370375000001 0.8352864578125001 0.05246913593750011 0.8352864578125001
0 0.12028611113906178 0.9371576821468697 0.10752438729190535 0.9360373116931328 0.10580708730378556 0.9555984382276759 0.11856881115094202 0.9567188086814127
0 0.16731926929777757 0.868917131870402 0.15728185652625687 0.8673309710485647 0.15512375396431582 0.8809876986131687 0.1651611667358365 0.8825738594350059
0 0.14079083405750756 0.7738915235596645 0.1339846077533311 0.765277394954752 0.12543389003779026 0.7720335188187388 0.13224011634196672 0.7806476474236514
0 0.14866255156250008 0.7200520828125 0.1404320984375001 0.7200520828125 0.1404320984375001 0.7311197921875 0.14866255156250008 0.7311197921875
0 0.18665073822275186 0.7044640342067143 0.1783787043919094 0.7035303306218613 0.1770531801680956 0.7152736519508839 0.18532521399893803 0.7162073555357369
0 0.04938271562500009 0.7063802078125 0.04115226406250009 0.7063802078125 0.04115226406250009 0.7180989578125 0.04938271562500009 0.7180989578125
0 0.365832848868338 0.9315335972704334 0.3638828697684942 0.9200165301270518 0.3555603084001562 0.9214256406691183 0.35751028749999997 0.9329427078124999
0 0.3990682897789017 0.9508285449902513 0.3924897125000001 0.9388020828125001 0.38341371148883685 0.9437667326948059 0.38999228876773845 0.9557931948725571
0 0.4248114159593273 0.9171008195571788 0.4215151085257462 0.9037507714474142 0.4126363999401999 0.9059430446789788 0.41593270737378096 0.9192930927887435
0 0.40006044915652267 0.8801678733377345 0.3973836243638119 0.872765296807364 0.3872827943144688 0.8764178294346336 0.3899596191071796 0.8838204059650042
0 0.48353909531250017 0.80859375 0.4747942390625002 0.80859375 0.4747942390625002 0.8216145828125001 0.48353909531250017 0.8216145828125001
0 0.485243329793287 0.7048743246405658 0.4773259980509243 0.698618657863762 0.47079621032462954 0.7068829240852275 0.47871354206699224 0.7131385908620314
0 0.3842592593750001 0.7649739578125 0.37602880625000007 0.7649739578125 0.37602880625000007 0.7747395828125 0.3842592593750001 0.7747395828125
0 0.38342310173247063 0.7123828797884164 0.3764682418289813 0.7103846249756659 0.3737035760340108 0.7200069529997496 0.3806584359375001 0.7220052078125001
0 0.3333139634771094 0.7224260750695827 0.3307538616076259 0.7135157182681888 0.3245333659215092 0.7153029758371169 0.3270934677909928 0.7242133326385107
0 0.3222834029644591 0.6348395916760263 0.32069635119908 0.6227879134158829 0.3110050172251194 0.6240641380511787 0.3125920689904985 0.6361158163113221
0 0.3216499238595416 0.5430512154188603 0.31709140616027803 0.5290398808368495 0.3077880906349394 0.532066668059427 0.312346608334203 0.5460780026414378
0 0.43520631516941466 0.6186411189113257 0.43334616121657854 0.6053003370804186 0.421829564352322 0.6069061382584754 0.42368971830515817 0.6202469200893824
0 0.48353909531249994 0.5904947921875 0.4737654328125 0.5904947921875 0.4737654328125 0.6041666671875 0.48353909531249994 0.6041666671875
0 0.13477366250000006 0.455078125 0.12602880625000004 0.455078125 0.12602880625000004 0.4674479171875 0.13477366250000006 0.4674479171875
0 0.38204703569989906 0.46210439449397844 0.3809941358771227 0.4512894331147194 0.3727153862636003 0.4520954178700237 0.37376828608637663 0.46291037924928274
0 0.6278240417050535 0.45975558528528043 0.6263198235693861 0.44738105478916407 0.6186381424386871 0.44831482145391455 0.6201423605743545 0.4606893519500309
0 0.6090534984375 0.4798177078125 0.6003086421875 0.4798177078125 0.6003086421875 0.4908854171875 0.6090534984375 0.4908854171875
0 0.6172524989658165 0.541633274006573 0.6098176103652146 0.5398257421001842 0.6072770457743983 0.5502758009061112 0.614711934375 0.5520833328125001
0 0.828503705485401 0.5538734244269714 0.819188686817981 0.5522378661252908 0.8169092883201265 0.5652197571017152 0.8262243069875467 0.5668553154033958
0 0.6822580045040734 0.5939515377796206 0.6760851657954785 0.5861390374999922 0.6678511409683621 0.592644932586216 0.674023979676957 0.6004574328658443
0 0.6576238201606269 0.6247146300241926 0.6508248945136865 0.6178077856255568 0.6434586268730571 0.625058956072367 0.6502575525199976 0.6319658004710027
0 0.8288414118205225 0.642440724308325 0.82473290856382 0.6310011076670403 0.816034464082674 0.6341251273435441 0.8201429673393763 0.6455647439848289
0 0.9263480602116451 0.683599587476307 0.9236638375936582 0.6711431263594548 0.914279189204134 0.6731654090312912 0.9169634118221207 0.6856218701481434
0 0.9539231204180305 0.7198515758970286 0.9531348548181745 0.708877437980554 0.942899597601998 0.7096126302326105 0.943687863201854 0.7205867681490851
0 0.9151617036015522 0.5796651734278015 0.9132399873579207 0.5675180232535404 0.9023992712563682 0.5692330576382388 0.9043209875 0.5813802078125
0 0.9679693055412761 0.530806113494561 0.9621507345491376 0.5175506851977535 0.9505056607074277 0.522662378863133 0.9563242316995663 0.5359178071599405
0 0.8771118480442093 0.7671683867207449 0.8764492158299554 0.75626601185641 0.8673817316715858 0.7568171217916616 0.8680443638858397 0.7677194966559966
0 0.8584593739590023 0.7668346836878578 0.857416133788305 0.7561189423501561 0.8489417488562327 0.7569439733493633 0.8499849890269301 0.767659714687065
0 0.8533950625 0.8313802078125001 0.8522780609771845 0.8186568775301541 0.8453016525783166 0.8192693475857441 0.8464186541011323 0.83199267786809
0 0.8804272624914937 0.9431036349602188 0.8794028972537106 0.9275460828551895 0.8697141061998812 0.9281840277378215 0.8707384714376643 0.9437415798428509
0 0.9675925921875 0.8684895828125001 0.9573045265625 0.8684895828125001 0.9573045265625 0.8834635421874999 0.9675925921875 0.8834635421874999
0 0.6717587795857356 0.9163192529529496 0.6597658150007926 0.9156697587579133 0.6589999208464258 0.929812058318608 0.6709928854313689 0.9304615525136443
0 0.648858980015785 0.9610773749592735 0.6428466354298937 0.9450752109541801 0.6321605693340848 0.949090187404563 0.6381729139199761 0.9650923514096563
0 0.620652355750517 0.9300541467266168 0.6189696958154427 0.9162116342538184 0.6110150598215556 0.9171785791860565 0.6126977197566299 0.9310210916588548
0 0.6111111109375001 0.837890625 0.6023662546875002 0.837890625 0.6023662546875002 0.8522135421874999 0.6111111109375001 0.8522135421874999
0 0.6306584359375002 0.7610677078125 0.6229423875000002 0.7610677078125 0.6229423875000002 0.771484375 0.6306584359375002 0.771484375
0 0.5566429159337829 0.7262979112980977 0.5559820072090844 0.7145874296880993 0.5477044334037743 0.7150545941420867 0.5483653421284729 0.7267650757520852
0 0.5473251031250002 0.9348958328125001 0.5385802468750002 0.9348958328125001 0.5385802468750002 0.94921875 0.5473251031250002 0.94921875
0 0.5740757334735388 0.9733062414089263 0.5677508253014377 0.9633113262436707 0.5593741116159936 0.9686122161430262 0.5656990197880948 0.9786071313082818
0 0.684337638113629 0.9880114998019975 0.6823083692663571 0.9764541758141382 0.67332602972879 0.9780313213383403 0.675355298576062 0.9895886453261996
0 0.18813328112475375 0.6436736815188295 0.17896658936353071 0.6407732831712851 0.1758770018843579 0.6505379060600303 0.18504369364558093 0.6534383044075748
1 0.9656826125000002 0.9993196609374999 0.9602306196510781 0.2732437156212869 0.028885131855264406 0.28023704596378607 0.0343371247041865 1.006312991279999
1 0.0699480453125 0.6175240890624999 0.0647460115491586 0.49342506000398334 0.04767015879444654 0.49414085257095 0.05287219255778793 0.6182398816294665
1 0.9970905270165543 0.9987060534825348 0.9891816192988558 0.23352479617633243 0.007490250569680082 0.24367155077650843 0.015399158287378544 1.0088528080827108
1 0.15718055625000005 0.345654296875 0.14135339531250005 0.345654296875 0.14135339531250005 0.3732682296875 0.15718055625000005 0.3732682296875
1 0.22228703750000003 0.3002591140625 0.10664660468750006 0.3002591140625 0.10664660468750012 0.9993489578125001 0.22228703750000006 0.9993489578125001
1 0.1607799207230511 0.4559733041757297 0.15900050401875118 0.42173428638292043 0.12321864669550213 0.4235938851312594 0.12499806339980206 0.45783290292406864
1 0.20212171355767072 0.6339219694016472 0.11394020919682939 0.4500142739339738 0.08363963822137428 0.4645430293773682 0.17182114258221565 0.6484507248450416
1 0.04649588437500009 0.6484921875 0.032785493750000075 0.6479270828125 0.030186729650214406 0.7109774728347682 0.04389712027521442 0.7115425775222682
1 0.16047582343749997 0.6840221359374999 0.160082173990879 0.6581854052894065 0.14559657711587903 0.6584061084144065 0.1459902265625 0.6842428390624999
1 0.1899873047154372 0.9958839580910406 0.10568430523304706 0.6760622785721867 0.05177676047018305 0.6902719710641952 0.1360797599525732 1.0100936505830493
1 0.14174691406250012 0.7368411453125 0.12690590670625193 0.736420715298082 0.12598512389375194 0.768923971548082 0.14082613125000012 0.7693444015625001
1 0.18208740913811056 0.7150702309530445 0.16422503556968054 0.7026831356662463 0.1431638608065701 0.7330536594007019 0.1610262343750001 0.7454407546875002
1 0.4252307681506182 0.42929940062548083 0.38375898059080066 0.40920618120975033 0.16085550112285257 0.8692721146759341 0.20232728868267014 0.8893653340916646
1 0.16334019176023423 0.9952988856080976 0.16286944223956126 0.9693704388307303 0.14677204891682702 0.9696626985351324 0.14724279843750002 0.9955911453124997
1 0.12640772070171397 0.9528719124624938 0.1087636446031505 0.9525689788148434 0.10801851179004421 0.9959685158420276 0.12566258788860768 0.9962714494896782
1 0.3550022194402831 0.6481996957132923 0.29468884496874936 0.6238689726722046 0.1520715654302883 0.9774026252639807 0.212384939901822 1.0017333483050683
1 0.40316718125 0.3415559890625 0.38785636314445415 0.34132992272229024 0.3874309522069541 0.37014177272229026 0.40274177031249997 0.37036783906250004
1 0.4476891046791378 0.9991999851677587 0.4401299047828816 0.34206707462019614 0.3483763433001683 0.34312254376701357 0.35593554319642456 1.000255454314576
1 0.3854259265625001 0.42038997343749995 0.37070109746734486 0.4199625928115533 0.3697792865298449 0.4517223584365534 0.3845041156250001 0.4521497390625001
1 0.36862361803688715 0.42015248253710685 0.33087033770406205 0.41582142588372345 0.3170529010001878 0.5362662972189728 0.3548061813330129 0.5405973538723561
1 0.4062556578125001 0.6813776046875 0.4053914609375001 0.6533626296874999 0.39072081133800396 0.653815185134653 0.39158500821300396 0.681830160134653
1 0.36908516573082084 0.6545354306785305 0.3410922937935198 0.652936685493715 0.3213704439695981 0.9982520126209767 0.3493633159068991 0.9998507578057924
1 0.4284032308367574 0.6093894451354721 0.3948746606629491 0.5902927562942433 0.3499413911654161 0.6691833059603248 0.38346996133922445 0.6882799948015538
1 0.40653807109179646 0.7575066162511613 0.4053626714808238 0.7168686331819215 0.3796841873787019 0.7176113491816938 0.3808595869896746 0.7582493322509337
1 0.3872631941019239 0.7634590152855283 0.3870905343750001 0.732806640625 0.3731107762105762 0.732885386276972 0.3732834359375 0.7635377609375001
1 0.40948611093750004 0.9911445312500001 0.4091884235675531 0.9651186451378824 0.3932511813800531 0.9653009373253824 0.39354886875 0.9913268234375001
1 0.3704675921875001 0.9333196609375 0.3544809671875001 0.9333196609375 0.3544809671875001 0.9986464843749999 0.3704675921875001 0.9986464843749999
1 0.39161462995106094 0.9476252853787219 0.37664779481700467 0.9468780513037215 0.3743947098319148 0.9920065493782235 0.3893615449659711 0.992753783453224
1 0.47782205278602347 0.8227609204412856 0.46808932047852353 0.8157594045975326 0.4092465129955897 0.8975561620760079 0.4189792453030896 0.9045576779197608
1 0.6709551134567066 0.42404451561640916 0.5932124087874838 0.3913639787283042 0.39161547933783325 0.8709365941381467 0.469358184007056 0.9036171310262517
0 0.5581140075847515 0.597966680134303 0.5433264163280949 0.597685096053461 0.5429654775507582 0.6166400564758386 0.5577530688074147 0.6169216405566806
1 0.6162774524687242 0.3415969742221276 0.56832651647357 0.3300106615466854 0.5059740010480419 0.5880618258867885 0.553924937043196 0.5996481385622306
1 0.6504273899650888 0.3683542212082837 0.6499768515625001 0.34020637968749995 0.6337511069099113 0.34046609129171623 0.6342016453125 0.36861393281250004
1 0.6303914609375 0.4152962234375 0.6150313781250001 0.4152962234375 0.6150313781250001 0.44823372343749995 0.6303914609375 0.44823372343749995
1 0.6119593625000002 0.41529622343750017 0.5956769546875 0.4149908859375002 0.5945135550770366 0.47703025845634955 0.6107959628895367 0.4773355959563495
1 0.6208502257579527 0.6524983705111915 0.547023002639882 0.6323541335772349 0.4680968070768813 0.9216131344911828 0.541924030194952 0.9417573714251393
1 0.65252211875 0.6519609375 0.6380673875 0.6519609375 0.6380673875 0.6771171875 0.65252211875 0.6771171875
1 0.6523215078004462 0.6286059011329307 0.6294702632058194 0.6197035591515065 0.6088284867293053 0.6726885246939085 0.6316797313239322 0.6815908666753325
1 0.6355702435415574 0.7615963692418857 0.6348225312500001 0.7267708328125 0.6181405042213164 0.7271289997766395 0.6188882165128737 0.761954536206025
1 0.6151834477153111 0.7262029096875157 0.5544662587113668 0.7234834522507542 0.5494436626014305 0.835622702225792 0.6101608516053748 0.8383421596625535
1 0.6221795265625001 0.9993391921874999 0.615677090168591 0.9604558200633605 0.5962713597949832 0.9637010254182066 0.6027737961888924 1.0025843975423459
1 0.6377215215304316 0.9548251975895428 0.620960183143763 0.9545895305467061 0.6204877869246797 0.9881877493953464 0.6372491253113483 0.988423416438183
1 0.5977289093749999 0.9993489578125001 0.5737860078125 0.972126953125 0.5671422494667597 0.9779704188764458 0.5910851510292595 1.0051924235639458
1 0.7264804683583801 0.5792417893575083 0.612738422344694 0.5466725621042976 0.4854043582954077 0.9913634004715413 0.5991464043090937 1.023932627724752
1 0.6550010281249999 0.9884641921874999 0.6547926953125 0.9627363281250002 0.6400032959733193 0.9628560861100406 0.6402116287858193 0.9885839501725403
1 0.6891040591998837 0.9695980351875904 0.6308937887249252 0.9051350403620451 0.613221309327535 0.9210933402900767 0.6714315798024935 0.985556335115622
1 0.9194591651869215 0.4181703080604414 0.8174941216527319 0.3884922269746747 0.647318965211458 0.9731633579964782 0.7492840087456477 1.0028414390822449
1 0.9402361157931892 0.38318766390357384 0.814224469544445 0.38150878622837087 0.8059936285099327 0.9992916325249019 0.932005274758677 1.000970510200105
1 0.8628456796874999 0.9608059890625 0.8304128031158085 0.9602149078300574 0.829702335262461 0.9991985786540326 0.8621352118341525 0.9997896598864753
1 0.8827460460557262 0.9414451849206212 0.8668913539452918 0.9412415900329343 0.8663401294707658 0.9841674926753576 0.8821948215812002 0.9843710875630446
1 0.9020073521103302 0.9843494802870515 0.9018575109375 0.9602526046875001 0.8855534931967701 0.9603539876709506 0.8857033343696005 0.984450863270502
1 0.9565675913630999 0.9880615896842991 0.8501588260218151 0.8284075499836817 0.8280324468662146 0.8431546913139959 0.9344412122074995 1.0028087310146134
1 0.9538251031250002 0.9993489578125001 0.9504768515625003 0.7195013015625 0.9418896027063065 0.7196040441396065 0.9452378542688065 0.9994517003896066
1 0.8795679015625 0.7235611984375001 0.8651013375 0.7235611984375001 0.8651013375 0.7572356765625001 0.8795679015625 0.7572356765625001
1 0.8723411673249478 0.7517455175496133 0.825179502533375 0.6371232760876804 0.7972136570066224 0.648629907047987 0.8443753217981952 0.7632521485099198
1 0.9207887556306019 0.6812833703516017 0.8488706719620108 0.6404696061398236 0.8310500331862019 0.6718714191129214 0.902968116854793 0.7126851833246993
1 0.9105604108019663 0.5744574366938654 0.8816037680087387 0.5658741855583596 0.8512031381538023 0.6684344119225901 0.8801597809470298 0.6770176630580961
1 0.899352365625 0.647052734375 0.8839467033083805 0.6468118677127757 0.8835212923708806 0.6740208520877756 0.8989269546875001 0.67426171875
0 0.8757119343750001 0.44427864531250016 0.8639953703125001 0.44427864531250016 0.8639953703125001 0.45911588593750013 0.8757119343750001 0.45911588593750013
1 0.8772890611667995 0.4463299926582657 0.8765245185833148 0.411738931617618 0.8609423875 0.4120833328124999 0.8617069300834845 0.44667439385314767
1 0.861670370023216 0.3373265823331532 0.8267079288704963 0.331365751256758 0.7892436777612521 0.5511072030695117 0.8242061189139717 0.5570680341459069
1 0.8963273559844323 0.36199441831371476 0.8960468109375 0.3364016921875 0.8810461002655676 0.33656612856128526 0.8813266453124999 0.36215885468750003
0 0.053625866805718944 0.4599953793227799 0.048495813999200624 0.4360492794012691 0.029283234376000878 0.4401652543758793 0.0344132871825192 0.46411135429739003
0 0.05235240408291564 0.47848181065158624 0.0346146130724985 0.4762808405245737 0.0315848206796723 0.5006981752304511 0.04932261169008943 0.5028991453574637
0 0.05180812812500006 0.5559505203125 0.032502571875000066 0.5559505203125 0.032502571875000066 0.5797786453125 0.05180812812500006 0.5797786453125
2 0.03547950544945978 0.5766285519188112 0.013676589832600066 0.5757064649466889 -0.004206365186354477 0.9985522170789132 0.017596550430505238 0.9994743040510354
2 0.14107004340886584 0.7322285033945568 0.14005913117117488 0.7191882972270076 0.035617511164896476 0.7272848955807483 0.03662842340258745 0.7403251017482975
2 0.0844480453125 0.7608170578124999 0.0843307609375 0.739875 0.0721249603425183 0.7399433576421656 0.07224224471751829 0.7608854154546655
2 0.1408619647160346 0.8205595481904645 0.05744615544113345 0.7728921167880369 0.04346535396571176 0.7973578753798588 0.1268811632406129 0.8450253067822866
2 0.094696680268477 0.8806895838759081 0.057036530229172475 0.8234615374271146 0.0438180115533382 0.8321602686877508 0.08147816159264272 0.8893883151365444
2 0.1598636392709248 0.8790966215819827 0.1562392496019241 0.8765142211721093 0.11258796249999996 0.9377786453124999 0.1162123521690007 0.9403610457223733
2 0.18361769591498844 0.7058333824994132 0.18332716093750004 0.6510592453125 0.1787097130851621 0.6510837373479156 0.1790002480626505 0.7058578745348287
2 0.3188389921875 0.6250930984374999 0.3181532921875 0.5421028640625 0.31376768094805 0.5421390998154116 0.31445338094805 0.6251293341904116
2 0.4773448329471696 0.6145708044963489 0.4767688824568156 0.6000755670116941 0.4338824611066139 0.6017796063854766 0.43445841159696796 0.6162748438701315
2 0.37604350304746026 0.7207625437842285 0.37532559809803967 0.7124858511873756 0.3322741765625 0.7162200515624999 0.3329920815119206 0.7244967441593528
2 0.3930184207100783 0.8825994049675717 0.38749699594974435 0.878858014402045 0.3594161515625002 0.9202988281250001 0.36493757632283413 0.9240402186905268
2 0.4194556054811976 0.914396357096722 0.4130097734375001 0.9093938796875 0.3898283445188025 0.939263799153278 0.39627417656249997 0.9442662765625001
2 0.4819753633347318 0.8111865612870567 0.48049423494182025 0.7113717527220829 0.47485889191958847 0.711455374247526 0.4763400203125 0.8112701828125
2 0.5664890029190618 0.965960995683154 0.5479444437499998 0.9451621093749999 0.5438978283309379 0.9487701246293462 0.5624423874999999 0.9695690109375
2 0.6138802355196284 0.9185823682343335 0.6103721399988924 0.8493582473126631 0.6035679744254787 0.8497030644436375 0.6070760699462148 0.9189271853653078
2 0.6645273961809831 0.9307587084531074 0.659783142720919 0.926773560304467 0.640794326227436 0.9493794346638598 0.6455385796875002 0.9533645828125001
2 0.9625890410742141 0.877625885824538 0.9482162912476703 0.856605529824247 0.8660511189234562 0.912786284624709 0.88042386875 0.9338066406250002
2 0.853686407215072 0.7649640176687934 0.8493398774688687 0.764852093278714 0.8479377578125004 0.8193027343750001 0.8522842875587037 0.8194146587650797
2 0.9507572486815796 0.7125353280057389 0.9237206796875 0.6788209640625 0.9193929575684203 0.6822914954317614 0.9464295265624999 0.7160058593750003
2 0.8254465015625 0.5644446609375001 0.8203564812499999 0.5644446609375001 0.8203564812499999 0.6319270828125002 0.8254465015625 0.6319270828125002
2 0.9591684240571121 0.531377557886084 0.9507642220907752 0.5248475226399105 0.9109732646341406 0.5760587688725322 0.9193774666004776 0.5825888041187055
2 0.6739337118335467 0.5978945752948281 0.6693912089640939 0.5945920926569381 0.6508252955680472 0.6201291579871101 0.6553677984374999 0.623431640625
2 0.6122479178021496 0.5465291623964613 0.6064877065530595 0.48844883675007056 0.5965084559809479 0.4894385452402215 0.6022686672300379 0.5475188708866122
2 0.5538024687499999 0.7150091140624999 0.5523940328124999 0.6120221359374999 0.5478277884716571 0.6120845832754658 0.5492362244091572 0.7150715614004658
1 0.11905092656250005 0.4248763015625 0.10344907343750005 0.4248763015625 0.10344907343750005 0.4524674484375 0.11905092656250005 0.4524674484375
1 0.13878343593750003 0.3462858078125 0.12388117343750005 0.3462858078125 0.12388117343750005 0.3749641921875 0.13878343593750003 0.3749641921875
1 0.11912962968750003 0.3734420578125 0.11886010362577693 0.34695173344788 0.10337822653301017 0.3471092539562535 0.10364775259473327 0.37359957832087354
1 0.12171296250000001 0.6844375 0.12140341375790434 0.6575831668194017 0.10522246056011475 0.6577696839700827 0.10553200930221045 0.6846240171506811
2 0.1078558731014934 0.692451185606245 0.03570113125000009 0.6901536453125 0.035062153554836606 0.7102208758063048 0.1072168954063299 0.7125184161000497
2 0.04313222177720233 0.6904191373149247 0.0424471996123194 0.6629371110731748 0.03143907850301738 0.6632115015743429 0.03212410066790031 0.6906935278160928
2 0.12896647256341554 0.6895022909668725 0.10701518761336523 0.6890852383865496 0.10674008819205494 0.7035649133045176 0.12869137314210524 0.7039819658848406
2 0.06432836683647489 0.7762311882692569 0.06356944375 0.7395592453125001 0.05046762138894299 0.7398303865355441 0.05122654447541788 0.7765023294923009
2 0.04407201718750001 0.7619856765625 0.044057612499999996 0.7393385421875001 0.03219416986457906 0.7393460879184965 0.032208574552079074 0.7619932222934966
2 0.0907227359375001 0.8834733078125 0.07719907343750011 0.8834733078125 0.07719907343750011 0.9310579421874999 0.0907227359375001 0.9310579421874999
1 0.14435442343750013 0.9699772140625 0.12900977343750014 0.9699772140625 0.12900977343750014 0.9956868484375001 0.14435442343750013 0.9956868484375001
1 0.04634002031250008 0.6191341140625 0.032620884375000075 0.6191341140625 0.032620884375000075 0.64873046875 0.04634002031250008 0.64873046875
1 0.07123714062500007 0.6175390625 0.056931584375000066 0.6175390625 0.05693158437500008 0.646875 0.07123714062500008 0.646875
1 0.14188888408261613 0.650739620520446 0.12532145373956974 0.6507026283397024 0.12524429778195367 0.6852579296942565 0.14181172812500006 0.685294921875
1 0.16087219424913254 0.7365017597861402 0.14596998607401906 0.736415144854485 0.1458173975785999 0.7626681878391933 0.1607196057537134 0.7627548027708485