0 0.12887057259888174 0.73796987267196 0.12243479820871621 0.6718644541940628 0.06846718591416857 0.6771185375218882 0.0749029603043341 0.7432239559997853
0 0.12850244690027354 0.16135039786789612 0.07393543759599674 0.16128145062916113 0.07385174094584879 0.2275216071771909 0.12841875025012556 0.22759055441592588
0 0.2513130780179574 0.06466497244328082 0.21162423955877707 0.006555426912839957 0.16301921695766114 0.03975267312619992 0.20270805541684145 0.09786221865664077
0 0.24429953523129222 0.1900649297837199 0.19461417824712438 0.1600246901417217 0.16129427931237977 0.21513447265273297 0.21097963629654762 0.24517471229473115
0 0.23271900524522487 0.3554957593641773 0.22595313743557136 0.29028252544061695 0.17265596251841736 0.29581210308033534 0.17942183032807088 0.3610253370038957
0 0.24280710544276096 0.5427839507826262 0.1908418082530691 0.525315351064465 0.1689410958909538 0.5904652225438649 0.22090639308064564 0.6079338222620261
0 0.2284784068002749 0.7503668863674682 0.22637192331541023 0.682547741492701 0.1729545428392562 0.684206901748784 0.17506102632412088 0.7520260466235511
0 0.22837069158480472 0.8733347825019904 0.22800096335691178 0.804672778885878 0.1736876647444954 0.8049652428191949 0.17405739297238837 0.8736272464353073
0 0.3406394138311676 0.22080832046556398 0.32409414590128993 0.15574772011503932 0.2723402008353923 0.16890903253653686 0.28888546876526994 0.23396963288706152
0 0.4115490832553966 0.2361162789158085 0.3841001815276921 0.22484008666493233 0.37056849426675365 0.2577793932652317 0.39801739599445807 0.26905558551610786
0 0.4098261136768193 0.3548078130871878 0.3828664483732781 0.34516499718115956 0.37090331799716203 0.37861186519832135 0.39786298330070313 0.3882546811043496
0 0.3317203321158456 0.6759743629874579 0.27876424727605126 0.6742288628788374 0.27649568037707695 0.7430540783993204 0.32945176521687136 0.7447995785079409
0 0.41154955890275485 0.7440594431610977 0.3887933837009472 0.7271451100764541 0.3686525398307593 0.7542421625897667 0.39140871503256697 0.7711564956744104
0 0.4095749523385557 0.8575050327084301 0.38306521043684555 0.8458638672608967 0.36914321550947815 0.8775676080886349 0.39565295741118833 0.8892087735361685
0 0.5068818416156027 0.8927967574083693 0.5005572561995268 0.840194050550445 0.45965317249464765 0.8451120744832543 0.4659777579107235 0.8977147813411787
0 0.5156462511504556 0.7234982379864089 0.48810503025843743 0.6865139454043319 0.45232383695481876 0.7131592502014427 0.479865057846837 0.7501435427835197
0 0.5697932911141764 0.6969590880392604 0.5315467261816798 0.6892877314511859 0.5218589093015374 0.737587626405424 0.5601054742340341 0.7452589829934985
0 0.5688074854434653 0.8919128556429581 0.5639791684861595 0.839498627940588 0.5231676771930818 0.8432581189051837 0.5279959941503876 0.8956723466075536
0 0.6666308346865553 0.7892717553601882 0.6662885796875 0.7345188796875 0.6252961200009446 0.7347751196398117 0.625638375 0.7895279953125
0 0.7128583460009315 0.8957125675951276 0.7114443694451318 0.8459443584810465 0.6709277909138509 0.8470954847358232 0.6723417674696506 0.8968636938499044
0 0.7759358164197901 0.8427141057395083 0.7353974190503849 0.8426648165015417 0.7353320663161267 0.8964147874856596 0.7758704636855318 0.8964640767236263
0 0.8388038362956649 0.8955645572033013 0.8364123270219839 0.8453579100288771 0.7972284989096357 0.8472243658386714 0.7996200081833167 0.8974310130130958
0 0.8810015437499998 0.7894889328124999 0.8807664130663053 0.7352668981806675 0.8376784490038052 0.7354537466181674 0.8379135796874998 0.7896757812499999
0 0.9258898067617716 0.7360189135957885 0.8837664609375004 0.7358333328125001 0.8835292653619374 0.7896722652729722 0.9256526111862087 0.7898578460562605
0 0.49833879563084055 0.30626542190396056 0.4721808660154285 0.30579083837449333 0.47157511699253335 0.33917830195394977 0.4977330466079454 0.339652885483417
0 0.5288756784407963 0.34020059088645926 0.5282104675148964 0.3073646787296819 0.5023932563862563 0.3078877003176626 0.5030584673121561 0.34072361247444
0 0.5601509900774213 0.30563146845749006 0.5339878829921111 0.30501678167812313 0.533211521886815 0.3380612840434638 0.5593746289721251 0.33867597082283074
0 0.4960246906250001 0.2508072921875001 0.4949043203125001 0.20604752656250006 0.4705437062172512 0.2066572908998571 0.47166407652975123 0.25141705652485713
0 0.5556265437499999 0.24969205781249998 0.5548960906249999 0.20567382812499996 0.5349086557350899 0.20600550625880315 0.5356391088600899 0.25002373594630317
0 0.49406092523098255 0.16163800103173048 0.49357497869344547 0.11392363534616354 0.47017660502496295 0.11416193587693302 0.47066255156250003 0.16187630156249996
0 0.5540293203125001 0.15898893281249998 0.5532784933099737 0.11589687017775252 0.5331761276849737 0.11624712955275252 0.5339269546875001 0.15933919218749998
0 0.6680041156250001 0.09618033906250001 0.6675776750000001 0.0442233078125 0.62736167358452 0.044553383191443405 0.62778811420952 0.09651041444144341
0 0.9279562749999999 0.09740234374999998 0.9278931247821364 0.044518258524364814 0.8875484747821364 0.044566435086864815 0.8876116249999999 0.09745052031249998
2 0.6285500869719142 0.05242084774834425 0.3956985703196966 0.04751213192738849 0.37688840063861717 0.9397977517276617 0.6097399172908349 0.9447064675486174
2 0.39998269800820757 0.8935070883712614 0.08990028709111768 0.7297259182728784 0.02173020635981393 0.8587904680796574 0.3318126172769038 1.0225716381780405
1 0.8348156818669288 0.8754154849650917 0.21397494460372818 0.7092360890673117 0.16143082222444582 0.9055391957224093 0.7822715594876465 1.0717185916201888
1 0.28990626466113695 0.20590481502645766 0.20180442376165994 0.20556284373872574 0.19982256715843824 0.7161472740886452 0.28792440805791525 0.716489245376377
1 0.21077807443141353 0.19234110066787807 0.16381994197466515 -0.008385750811488218 0.09656037485518383 0.00734898342313324 0.14351850731193222 0.20807583490249953
1 0.20348302270062907 0.33047187930126376 0.13305129786605902 0.3301928806063353 0.13104161099190503 0.8375275581407257 0.2014733358264751 0.8378065568356542
2 0.1106707812500001 0.22751757812500006 0.08520925649419675 0.22745112582730234 0.08404115156250011 0.6750162765625001 0.10950267631830346 0.6750827288601978
2 0.1529549941394493 0.0005837506924012192 0.09959020008809613 -0.013097224500225987 0.056781419642786636 0.15388515211315054 0.1101462136941398 0.16756612730577775
2 0.5561025258479662 0.8270794932575454 0.2883631051281773 0.4889613498959194 0.19852325642069374 0.5601011852545004 0.46626267714048264 0.8982193286161262
2 0.5340197344613421 0.6867391462210203 0.1779732962854263 0.05350590543350738 0.003187548261662276 0.15178224189111408 0.3592339864375781 0.7850154826786271
2 0.5059687362586821 0.2966088203575251 0.46614434098451574 0.20162512114921674 0.20345274092817234 0.31176543157136527 0.24327713620233885 0.4067491307796737
2 0.5635321121115395 0.7304453330725349 0.5259621212855633 0.7304136518736563 0.5258569953125001 0.8550800781250001 0.5634269861384763 0.8551117593238787
2 0.3987910006795098 0.7191945497758865 0.341207103611954 0.6812631621328971 0.31727633262494154 0.7175926280157003 0.3748602296924973 0.75552401565869
1 0.43357613125000016 0.0005716140625000588 0.35250032668032594 -0.004621953356720457 0.30480460510533486 0.7399469891610144 0.3858804096750091 0.7451405565802349
1 0.779327067201194 0.8550817130940928 0.7179203433608404 0.1007432119742849 0.513422934786077 0.11739026880059955 0.5748296586264305 0.8717287699204073
2 0.9433352551238127 0.7211249477041223 0.8687001049527462 0.6274181963878446 0.6789662338007576 0.7785366138663361 0.7536013839718242 0.8722433651826138
1 0.9073936265267877 0.8598235599947787 0.8867885020895964 -0.0021548177703372947 0.764329050646744 0.0007725088315577528 0.7849341750839351 0.8627508865966735
2 0.8339749830915857 0.08286143153931096 0.8322874575305736 0.0006179980417673536 0.6658588714069695 0.0040328906504893455 0.6675463969679816 0.08627632414803295
1 0.6081147936222405 0.0017939272498256552 0.4826791001626717 -0.03200993757999271 0.3986332297770991 0.2798583084712082 0.524068923236668 0.3136621733010266
1 0.521347221875 0.00026432343750008023 0.42077593782369727 -0.010579677098915325 0.38358547716178754 0.3343384525772497 0.48415676121309026 0.3451824531136651
1 0.39184465000000007 0.0004680984375000641 0.3449930801031167 -0.020768526516587716 0.2686115113434507 0.14774207322860694 0.31546308124033406 0.16897869818269473
2 0.39486191124402786 0.22908142464812392 0.333781378125 0.194169921875 0.3177199668281062 0.222270676260557 0.37880049994713416 0.2571821790336809
0 0.9104938265625 0.1126302078125001 0.8703703703125001 0.11263020781250008 0.8703703703125001 0.16341145781250008 0.9104938265625 0.1634114578125001
0 0.6822390435925387 0.7188089867899959 0.6780084252508816 0.6679424765781297 0.6396663317752271 0.6711314266995357 0.6438969501168843 0.721997936911402
0 0.9173606788201869 0.8857322217328928 0.8923178636970415 0.8840116184375013 0.8900690645205126 0.9167421509069745 0.9151118796436581 0.918462754202366
0 0.0742357459370576 0.9147879905118534 0.07205525638762342 0.8830516340007618 0.048147716198971034 0.8846942340741452 0.05032820574840523 0.9164305905852368
2 0.8713164874289063 0.7761453307244002 0.8220803661971285 0.7552434904328971 0.7798474963089094 0.8547267260132376 0.8290836175406872 0.8756285663047407
1 0.6131075109374999 0.9535533859374998 0.6061674966564305 0.32928739466188006 0.5316855254347044 0.3301154166127551 0.5386255397157738 0.954381407888375
2 0.4949614385801196 0.14247850965463946 0.35579178109698534 -0.022795456082505862 0.3236086619149664 0.004304478582484306 0.4627783193981007 0.16957844431962962