0 0.12887057259888174 0.26203012732804004 0.07490296030433413 0.2567760440002148 0.0684671859141686 0.322881462478112 0.12243479820871621 0.3281355458059373
0 0.12850244690027357 0.8386496021321038 0.12841875025012553 0.772409445584074 0.07385174094584875 0.7724783928228092 0.07393543759599677 0.8387185493708389
0 0.2513130780179574 0.9353350275567195 0.2027080554168415 0.9021377813433593 0.16301921695766125 0.9602473268738001 0.21162423955877713 0.9934445730871602
0 0.24429953523129216 0.8099350702162802 0.21097963629654734 0.7548252877052689 0.16129427931237966 0.7848655273472673 0.19461417824712451 0.8399753098582785
0 0.2327190052452249 0.6445042406358229 0.17942183032807096 0.6389746629961045 0.1726559625184175 0.7041878969196647 0.22595313743557144 0.709717474559383
0 0.24280710544276088 0.4572160492173739 0.22090639308064555 0.3920661777379739 0.16894109589095363 0.40953477745613504 0.19084180825306896 0.4746846489355351
0 0.2284784068002749 0.24963311363253188 0.17506102632412093 0.2479739533764488 0.17295454283925624 0.315793098251216 0.22637192331541023 0.3174522585072991
0 0.22837069158480466 0.12666521749800955 0.17405739297238826 0.12637275356469274 0.17368766474449546 0.19503475718080507 0.22800096335691186 0.19532722111412187
0 0.34063941383116764 0.7791916795344361 0.2888854687652701 0.7660303671129387 0.27234020083539257 0.8310909674634633 0.3240941459012901 0.8442522798849609
0 0.41154908325539646 0.7638837210841916 0.39801739599445807 0.7309444144838924 0.3705684942667536 0.7422206067347685 0.384100181527692 0.7751599133350677
0 0.4098261136768192 0.6451921869128123 0.39786298330070313 0.6117453188956505 0.370903317997162 0.6213881348016789 0.3828664483732781 0.6548350028188406
0 0.33172033211584556 0.32402563701254217 0.3294517652168713 0.2552004214920592 0.27649568037707695 0.25694592160067964 0.27876424727605115 0.32577113712116257
0 0.4115495589027548 0.25594055683890227 0.3914087150325668 0.2288435043255897 0.3686525398307591 0.24575783741023347 0.38879338370094707 0.272854889923546
0 0.4095749523385555 0.14249496729157007 0.3956529574111882 0.11079122646383173 0.36914321550947804 0.12243239191136526 0.3830652104368453 0.1541361327391036
0 0.5068818416156028 0.10720324259163042 0.4659777579107235 0.10228521865882119 0.45965317249464777 0.15488792551674574 0.5005572561995271 0.15980594944955495
0 0.5156462511504557 0.2765017620135911 0.479865057846837 0.2498564572164804 0.45232383695481887 0.28684074979855756 0.48810503025843766 0.31348605459566825
0 0.5697932911141764 0.30304091196073973 0.5601054742340341 0.25474101700650165 0.5218589093015374 0.26241237359457614 0.5315467261816799 0.3107122685488143
0 0.5688074854434653 0.10808714435704184 0.5279959941503876 0.10432765339244654 0.5231676771930819 0.15674188109481646 0.5639791684861597 0.16050137205941178
0 0.6666308346865553 0.21072824463981168 0.6256383750000001 0.2104720046875 0.6252961200009447 0.2652248803601884 0.6662885796875 0.2654811203125001
0 0.7128583460009315 0.10428743240487245 0.6723417674696506 0.10313630615009557 0.6709277909138509 0.15290451526417675 0.7114443694451319 0.15405564151895365
0 0.7759358164197903 0.15728589426049172 0.7758704636855317 0.10353592327637402 0.7353320663161264 0.1035852125143409 0.7353974190503849 0.1573351834984586
0 0.8388038362956649 0.10443544279669861 0.7996200081833168 0.10256898698690416 0.7972284989096358 0.15277563416132872 0.8364123270219839 0.15464208997112316
0 0.8810015437500001 0.21051106718750004 0.8379135796874998 0.21032421875 0.837678449003805 0.26454625338183263 0.8807664130663053 0.26473310181933263
0 0.9258898067617715 0.2639810864042117 0.9256526111862085 0.21014215394373964 0.8835292653619373 0.21032773472702798 0.8837664609375002 0.26416666718750004
0 0.49833879563084055 0.6937345780960394 0.49773304660794554 0.6603471145165831 0.4715751169925335 0.6608216980460503 0.4721808660154285 0.6942091616255066
0 0.5288756784407964 0.659799409113541 0.5030584673121562 0.6592763875255602 0.5023932563862564 0.6921122996823376 0.5282104675148966 0.6926353212703182
0 0.5601509900774213 0.69436853154251 0.5593746289721251 0.6613240291771694 0.533211521886815 0.6619387159565362 0.5339878829921111 0.6949832183218769
0 0.4960246906250002 0.7491927078125001 0.47166407652975134 0.748582943475143 0.47054370621725133 0.7933427091001429 0.4949043203125002 0.7939524734375001
0 0.55562654375 0.7503079421875001 0.53563910886009 0.7499762640536969 0.53490865573509 0.7939944937411967 0.554896090625 0.7943261718749999
0 0.49406092523098266 0.8383619989682695 0.47066255156250014 0.8381236984374999 0.47017660502496306 0.8858380641230671 0.4935749786934456 0.8860763646538367
0 0.5540293203125002 0.8410110671875 0.5339269546875001 0.8406608078125 0.5331761276849739 0.8837528704472476 0.5532784933099739 0.8841031298222475
0 0.6680041156250001 0.9038196609375001 0.6277881142095201 0.9034895855585565 0.62736167358452 0.9554466168085565 0.6675776750000001 0.9557766921875
0 0.927956275 0.9025976562500002 0.8876116250000001 0.9025494796875002 0.8875484747821366 0.9554335649131351 0.9278931247821365 0.9554817414756351
2 0.6285500869719141 0.9475791522516556 0.6097399172908348 0.05529353245138276 0.37688840063861717 0.060202248272338464 0.39569857031969646 0.9524878680726113
2 0.3999826980082074 0.10649291162873872 0.3318126172769036 -0.022571638178040376 0.021730206359813847 0.14120953192034263 0.08990028709111761 0.27027408172712175
1 0.8348156818669287 0.12458451503490871 0.7822715594876464 -0.07171859162018868 0.16143082222444577 0.0944608042775909 0.2139749446037281 0.2907639109326883
1 0.28990626466113684 0.7940951849735424 0.2879244080579152 0.28351075462362296 0.19982256715843816 0.28385272591135485 0.2018044237616598 0.7944371562612742
1 0.2107780744314137 0.807658899332122 0.14351850731193233 0.7919241650975006 0.09656037485518394 0.9926510165768667 0.16381994197466532 1.0083857508114882
1 0.20348302270062893 0.6695281206987362 0.201473335826475 0.1621934431643459 0.13104161099190503 0.16247244185927437 0.13305129786605893 0.6698071193936648
2 0.11067078125000003 0.7724824218750002 0.10950267631830342 0.32491727113980234 0.08404115156250001 0.32498372343750004 0.08520925649419661 0.7725488741726978
2 0.15295499413944932 0.9994162493075989 0.1101462136941398 0.8324338726942224 0.05678141964278662 0.8461148478868497 0.09959020008809616 1.013097224500226
2 0.5561025258479663 0.17292050674245463 0.46626267714048264 0.10178067138387373 0.1985232564206937 0.43989881474549986 0.2883631051281773 0.5110386501040807
2 0.5340197344613424 0.31326085377897994 0.3592339864375783 0.2149845173213732 0.0031875482616622987 0.8482177581088859 0.17797329628542635 0.9464940945664928
2 0.5059687362586822 0.703391179642475 0.24327713620233898 0.5932508692203263 0.20345274092817242 0.6882345684286347 0.46614434098451574 0.7983748788507835
2 0.5635321121115393 0.2695546669274652 0.5634269861384762 0.1448882406761214 0.5258569953125001 0.144919921875 0.5259621212855631 0.2695863481263438
2 0.39879100067950973 0.28080545022411374 0.3748602296924973 0.2444759843413104 0.3172763326249416 0.28240737198429977 0.34120710361195394 0.31873683786710316
1 0.43357613125000005 0.9994283859375 0.385880409675009 0.25485944341976524 0.3048046051053349 0.2600530108389857 0.352500326680326 1.0046219533567207
1 0.7793270672011925 0.14491828690590708 0.5748296586264284 0.12827123007959307 0.5134229347860775 0.8826097311994007 0.7179203433608417 0.8992567880257146
2 0.9433352551238127 0.2788750522958779 0.7536013839718243 0.12775663481738625 0.6789662338007577 0.22146338613366404 0.8687001049527462 0.37258180361215565
1 0.9073936265267895 0.14017644000522173 0.7849341750839369 0.1372491134033264 0.7643290506467438 0.9992274911684422 0.8867885020895964 1.0021548177703377
2 0.8339749830915858 0.9171385684606893 0.6675463969679818 0.9137236758519671 0.6658588714069698 0.9959671093495108 0.8322874575305738 0.999382001958233
1 0.6081147936222403 0.9982060727501745 0.5240689232366678 0.6863378266989735 0.39863322977709903 0.7201416915287918 0.4826791001626717 1.032009937579993
1 0.521347221875 0.9997356765625 0.48415676121309037 0.6548175468863349 0.3835854771617876 0.6656615474227503 0.4207759378236974 1.0105796770989153
1 0.39184465 0.9995319015625 0.315463081240334 0.8310213018173054 0.2686115113434507 0.8522579267713931 0.34499308010311663 1.0207685265165878
2 0.3948619112440278 0.7709185753518761 0.3788004999471341 0.7428178209663192 0.3177199668281062 0.7777293237394431 0.3337813781249999 0.8058300781250001
0 0.9104938265625 0.8365885421874999 0.8703703703125001 0.8365885421874999 0.8703703703125001 0.8873697921874999 0.9104938265625 0.8873697921874999
0 0.6822390435925387 0.2811910132100041 0.6438969501168842 0.2780020630885981 0.6396663317752271 0.3288685733004644 0.6780084252508816 0.33205752342187045
0 0.9173606788201866 0.11426777826710724 0.9151118796436579 0.0815372457976341 0.8900690645205124 0.08325784909302555 0.892317863697041 0.11598838156249869
0 0.0742357459370576 0.08521200948814663 0.05032820574840522 0.08356940941476343 0.048147716198971034 0.11530576592585515 0.07205525638762342 0.11694836599923833
2 0.8713164874289063 0.2238546692755999 0.8290836175406872 0.12437143369525958 0.7798474963089095 0.14527327398676265 0.8220803661971287 0.244756509567103
1 0.6131075109375 0.04644661406250008 0.5386255397157738 0.04561859211162502 0.5316855254347044 0.6698845833872449 0.6061674966564305 0.6707126053381199
2 0.49496143858011976 0.857521490345361 0.46277831939810066 0.8304215556803707 0.3236086619149664 0.9956955214175156 0.3557917810969855 1.0227954560825059