0 0.9294917118661716 0.6756993531536858 0.8736313148110888 0.6748004726464896 0.8725890199165447 0.7395732719135863 0.9284494169716275 0.7404721524207825
0 0.9264140462016266 0.22707674814746986 0.9255720556374731 0.16086464362961617 0.8711003218067251 0.16155733700090463 0.8719423123708786 0.22776944151875833
0 0.8358555677784546 0.03752300171879752 0.7867624307931778 0.0063230976044523325 0.7489817642177241 0.06577108285422159 0.7980749012030011 0.09697098696856679
0 0.8384283345553859 0.21558411866597 0.8055905007731955 0.16005907125532018 0.7556334820022672 0.1896039407359514 0.7884713157844576 0.24512898814660122
0 0.8273514109280414 0.2958216936625998 0.7740561593717665 0.2902786237394646 0.767273954343859 0.35548785401814686 0.8205692059001339 0.36103092394128206
0 0.8303917021452735 0.5913566153060691 0.8096047810816378 0.5255490162445063 0.7574708368489549 0.5420167828695579 0.7782577579125907 0.6078243819311204
0 0.8275695093245847 0.6847917759753175 0.7742363169997887 0.6819849957801439 0.7706630068547178 0.7498834502194769 0.8239961991795139 0.7526902304146504
0 0.8285636259348494 0.8077605960224881 0.7749623049068924 0.8025605882944463 0.7682823297411692 0.8714173116000389 0.8218836507691263 0.8766173193280805
0 0.7277184734637001 0.16899846198523177 0.6759749190381077 0.15568665893482098 0.6592439860323142 0.2207205194342443 0.7109875404579066 0.23403232248465508
0 0.6293076218715654 0.2579800022229645 0.6159596714850502 0.22485380301831964 0.5885554745245856 0.23589611605733812 0.6019034249111007 0.269022315261983
0 0.6295372687445501 0.3771107222035829 0.615657544316532 0.34464408059466967 0.5889098449893925 0.3560789157776922 0.6027895694174106 0.38854555738660534
0 0.7230145016237178 0.6759378388289221 0.6696067200278867 0.6741774502190254 0.6673530889444215 0.7425495335343958 0.7207608705402526 0.7443099221442925
0 0.6311122264511466 0.7546460667077236 0.6113724145990569 0.7272411518178745 0.5885007520720507 0.7437156534480485 0.6082405639241404 0.7711205683378975
0 0.6308824145317233 0.8775211756026335 0.616890411235176 0.8458600699968317 0.590387217404627 0.8575726355674455 0.6043792207011744 0.8892337411732474
0 0.5404302226187243 0.8452602357301258 0.4996169088762679 0.840135998766055 0.4930191877251199 0.8926852593125731 0.5338325014675762 0.897809496276644
0 0.5464705281521078 0.711109677696067 0.5096197452185585 0.6872144636544152 0.48433579662078374 0.7262069288340747 0.5211865795543331 0.7501021428757265
0 0.4798975895171683 0.7347775509646974 0.46470943184036795 0.6885232327263608 0.42723691799425956 0.7008277800749598 0.4424250756710599 0.7470820983132964
0 0.4765212994880962 0.8431101906253129 0.4358633375892957 0.83970129619989 0.43146270474238657 0.8921877449692854 0.472120666641187 0.8955966393947083
0 0.3746434991469205 0.7347294270644114 0.333651110480059 0.7345185694643843 0.3333692363331386 0.7893171377124731 0.3743616250000001 0.7895279953125001
0 0.32884705432006 0.8469420628182048 0.2882407003959143 0.8461644257391884 0.28728775583153204 0.8959249185134561 0.3278941097556778 0.8967025555924726
0 0.2646875061781453 0.8426959648811124 0.2241478327826029 0.8426466740916696 0.22408245167420623 0.8964199816527856 0.26462212506974864 0.8964692724422283
0 0.2035336047115654 0.8478679133498594 0.16440250086051872 0.844186128931233 0.15965570896927012 0.89463645011681 0.1987868128203168 0.8983182345354365
0 0.1624997976954168 0.7355966064662673 0.11941292292785458 0.7352672534463535 0.11899845625000009 0.7894889328125001 0.16208533101756234 0.789818285832414
0 0.11626388906250003 0.7896731765625 0.11623353906250003 0.7358333328125 0.07411090228834244 0.735857077718448 0.07414125228834244 0.7896969214684479
0 0.5282982958205629 0.3392190237474585 0.5278614254179133 0.30582538208753235 0.5017042053651729 0.30616758241935027 0.5021410757678225 0.33956122407927647
0 0.4976968801793181 0.3079474158467591 0.4718990111521914 0.3071330854695201 0.47086106739692013 0.340014994095842 0.4966589364240469 0.340829324473081
0 0.46685862019553725 0.33799667683757306 0.4659705302926736 0.30497436149706736 0.4398060143468639 0.30567802028613744 0.44069410424972755 0.33870033562664315
0 0.5288900306222827 0.20633636280881965 0.5045187268274642 0.20604052301368073 0.5039753093750001 0.2508072921875001 0.5283466131698185 0.25110313198263895
0 0.4649174874305628 0.20592331625969879 0.4449277518641118 0.20567160998909945 0.44437345624999997 0.2496920578125 0.46436319181645097 0.24994376408309935
0 0.5296920680079682 0.11415924693977278 0.5062932765601248 0.11398535378064309 0.5059386569896567 0.1617024084033704 0.5293374484375001 0.16187630156250007
0 0.4660730453125 0.15933919218749998 0.46594956504993823 0.1158493993429408 0.44584835596151084 0.11590647256434979 0.4459718362240726 0.15939626540890897
0 0.3724120310034735 0.0443761772045343 0.3321945048127497 0.04422243692003798 0.33199588437499994 0.09618033906250004 0.3722134105657237 0.09633407934699635
0 0.11238837499999998 0.0974505203125 0.11232511138819457 0.04447147524207247 0.07198057644572338 0.044519651667179375 0.07204384005752881 0.0974986967376069
2 0.6142228361983582 0.9406392389543416 0.6097677024538009 0.051213007253149936 0.37199078565495947 0.05240403122787707 0.3764459193995169 0.9418302629290688
2 0.9743760307547502 0.8056674591849802 0.855723950851462 0.6732096857928218 0.5997783517668842 0.9024788097993719 0.7184304316701724 1.0349365831915303
1 0.7994069450646397 0.9498590133318945 0.7979986753743495 0.712970628812601 0.16885249188819315 0.7167108185342845 0.17026076157848333 0.953599203053578
1 0.80037623617324 0.7159472365597311 0.7952993279104921 0.20538577019044194 0.707443811393395 0.20625938566500074 0.7125207196561429 0.7168208520342899
1 0.9038417541643021 0.007554746264421675 0.8362404280626133 -0.008497250292268842 0.7886148714402015 0.19207286400072207 0.85621619754189 0.20812486055741258
1 0.8689357553796497 0.8375297860206302 0.8669513053629553 0.33019496942218246 0.7965183800030073 0.3304704691815791 0.7985028300197017 0.8378052857800269
2 0.9159588484375002 0.6750162765625001 0.9144735081552902 0.22743413461280243 0.8890121545032491 0.22751863033029068 0.890497494785459 0.6751007722799883
2 0.9178032710678181 0.1612686042249273 0.9133639087556611 -0.0017440678458633479 0.8488563125768854 0.00001268264283198206 0.8532956748890423 0.16302535471362264
2 0.7985739711909466 0.5574280783857402 0.708991194318471 0.4879738516797497 0.44459881523080613 0.8289898650442824 0.5341815921032818 0.898444091750273
2 1.0090024595807356 0.19705919026132124 0.8245102875000001 0.05490234375000007 0.38867172834637376 0.6205367428528745 0.5731639004271093 0.7626935893641956
2 0.7952512134759931 0.3104072896569544 0.5283987484688513 0.21018564946804674 0.4946204699127178 0.30012447784295593 0.7614729349198598 0.4003461180318636
2 0.4741430046875001 0.8550800781250001 0.4735502390997639 0.7302693126155105 0.435987950185873 0.7304477077417151 0.4365807157736092 0.8552584732512047
2 0.682341609709191 0.7183122674293554 0.6595271591048969 0.6816027455536723 0.6009050083723231 0.7180355862410287 0.6237194589766172 0.7547451081167118
1 0.6547717368645121 0.7444367818311298 0.6527827636714597 0.00034077620598429553 0.5664238687500001 0.0005716140625 0.5684128419430523 0.7446676196876456
1 0.5034092924695898 0.12542257130883955 0.3317091754655273 0.08452555268212918 0.15439204877763008 0.8289654268213134 0.32609216578169253 0.8698624454480237
2 0.3045291355792413 0.8185630183561783 0.15222614481030292 0.6273418786117183 0.05212436623698271 0.7070705125816893 0.20442735700592105 0.898291652326149
1 0.23622066356788682 0.0007955965381978208 0.11419136496519125 -0.004268638269842138 0.07840677317086273 0.8580074612729817 0.20043607177355832 0.8630716960810216
2 0.34415581331239575 0.055850593276349184 0.17262326301946196 -0.01128350054613686 0.14829668567669446 0.0508726948221481 0.3198292359696283 0.11800678864463414
1 0.6159492275009322 0.25895329019421104 0.4951870637217099 -0.03946048848552743 0.35629418970282856 0.01674671506332759 0.4770563534820509 0.31516049374306604
1 0.5919214219706899 0.34113797135354235 0.5894160190904267 -0.0005478453134567234 0.4786527781250001 0.0002643234374999998 0.4811581810052633 0.3419501401044991
1 0.7406969060386508 0.1290669390798127 0.6247895448892976 -0.013094160442984748 0.5725813344506049 0.02947244830295124 0.6884886955999582 0.1716335478257487
2 0.6822079305675467 0.22233183651997418 0.6662186218749999 0.19416992187499998 0.6051187163074532 0.22886022129252576 0.6211080250000001 0.25702213593749995
0 0.13061463691960035 0.16252452892993297 0.1281117709770825 0.11184147458780183 0.08808592379195855 0.11381805889276142 0.0905887897344764 0.16450111323489255
0 0.35843915637763557 0.6698101233401805 0.32022835024186475 0.6688037485262279 0.31887647718094986 0.7201326954897438 0.3570872833167206 0.7211390703036964
0 0.1157863543077998 0.8977287250300143 0.0945679056501914 0.8809635347562021 0.07561014058398677 0.9049569615023694 0.09682858924159517 0.9217221517761814
0 0.9511316875 0.8841145828125001 0.9264403296875001 0.8841145828125001 0.9264403296875001 0.9153645828125001 0.9511316875 0.9153645828125001
2 0.22897931662862359 0.8367457114319633 0.159703703125 0.7629765625000001 0.1147545678386217 0.805187689624337 0.18403018134224527 0.8789568385563001
1 0.48307798320100137 0.33151355488202316 0.4131626470049975 0.3249899856067855 0.3547929338287378 0.9505582823784653 0.42470827002474165 0.9570818516537031
2 0.6722335390625 0.0008033859375001118 0.6399072010088099 -0.02496867610832836 0.505379687041846 0.14377148470167925 0.5377060250955361 0.1695435467475077