2 0.288859968815167 0.6030675397558622 0.12834537277595737 0.4243381381739856 0.10334419165963174 0.44679138006855845 0.26385878769884136 0.6255207816504351
1 0.2922734747434699 0.997266639423519 0.27135300923974653 0.0030827429956935535 0.08509256846921184 0.007002194054847942 0.1060130339729352 1.0011860904826735
1 0.14574188314021677 0.3381686703790242 0.14300221932343132 0.05104779196362127 0.0914480453125 0.0515397140625 0.09418770912928542 0.33866059247790287
2 0.09243427449619815 0.295031495367409 0.06454793138772684 -0.00012142685827983349 0.029237429982795594 0.003214744608649213 0.057123773091266906 0.298367666834338
1 0.09413153644294425 0.5341993594528824 0.06484576902526676 0.0003766648899668011 0.024615516605325585 0.0025837157095081496 0.05390128402300307 0.5364064102724238
2 0.43214466216539754 0.9045206926058992 0.08508580845225514 0.3514880461472024 -0.13164215901785437 0.4874969426190548 0.21541669469528807 1.0405295890777517
2 0.43329990322756995 0.8623105383361681 0.08864777427796863 0.3933720283496344 -0.09407510438119533 0.5276664567161361 0.2505770245684059 0.9966049667026697
1 0.30910100668606705 0.7300559151420221 0.2599255263807908 0.7279905248937821 0.25372242816834145 0.8756819039142595 0.3028979084736177 0.8777472941624994
1 0.36609638478241713 0.675747731520257 0.29751060253139594 0.6742777293809536 0.29669034577621056 0.7125483887881107 0.3652761280272318 0.714018390927414
1 0.36685133750000015 0.7326875000000002 0.3484142494959364 0.7326727791618856 0.3483098152452896 0.8634712741138404 0.36674690324935333 0.863485994951955
2 0.48599553625903197 0.0012266041176575474 0.2160627578125 0.0005442703125000264 0.213975628390685 0.8262173346537665 0.483908406837217 0.8268996684589242
2 0.4333291903699886 0.7798319695475129 0.1164759978085147 0.47576490367889146 0.015869852742155334 0.5806015724069413 0.3327230453036293 0.8846686382755626
2 0.340069460282882 0.9819720822425723 0.14149452127612583 0.8554577418638208 0.10043752428807018 0.9199001651361239 0.29901246329482634 1.0464145055148752
1 0.5290843625000001 0.9988639328125002 0.32730500221640496 0.2714670256456363 0.21911584623489566 0.30147861693573125 0.4208952065184907 1.028875524102595
2 0.4902537776345429 0.4250333391358585 0.3645365009786616 0.26641799449963866 0.2910718795141166 0.3246454766027088 0.416789156169998 0.4832608212389287
2 0.46234502575805314 0.44515551342263643 0.4187211750935392 0.40766715021821665 0.26102655991333434 0.5911706631805593 0.3046504105778483 0.6286590263849792
2 0.5530986128772869 0.4701186577794001 0.5098760700860357 0.4238051008333793 0.256555871995155 0.6602184498368406 0.29977841478640616 0.7065320067828614
1 0.5808405343749999 0.9993489578125002 0.4735451928786879 0.43367261757489217 0.38624341690890834 0.4502316871339575 0.49353875840522043 1.0159080273715655
2 0.279367284375 0.0003743484375000605 0.2673091713754892 -0.009071655769209142 0.10116925262548922 0.20301102704329083 0.11322736562500002 0.21245703125000004
2 0.31957404119603194 0.08868539285222461 0.2906640434323167 0.05998694520484049 0.10398484639281085 0.2480422447546823 0.13289484415652614 0.27674069240206645
2 0.34947876293962804 0.1325625412662844 0.3431915316282657 0.009341748235207082 0.30950887849726544 0.011060375637333694 0.3157961098086278 0.134281168668411
2 0.36410710712029043 0.1474255261252733 0.339401234375 0.14678710937500006 0.3373731720044109 0.22527040547561486 0.3620790447497013 0.2259088222258881
2 0.5547220647518508 0.41118557922245336 0.3750409707251212 0.1850526550444697 0.3308571521637922 0.2201603108015302 0.5105382461905219 0.4462932349795139
2 0.7968397664485405 0.42491106053539446 0.3971762661008319 -0.017810520453621838 0.29427506802672176 0.07508274424876467 0.6939385683744304 0.517804325237781
2 0.8966283636247683 0.1424755426066361 0.8569079462551734 0.06623547144110527 0.5772257012189383 0.21194750100604015 0.6169461185885332 0.288187572171571
2 0.9086857000000002 0.5715358078125 0.9082453703125001 0.1122565109375 0.8832231247506644 0.11228050077907084 0.8836634544381645 0.5715597976540708
2 0.9108343142597214 0.9993478499940627 0.9093194717093048 0.627313644778108 0.8450571284706822 0.6275753070945363 0.8465719710210988 0.999609512310491
2 0.8628127578125 0.2359303390625001 0.7749861109375 0.2359303390625001 0.7749861109375 0.7314856765625002 0.8628127578125 0.7314856765625002
2 0.7958511261210699 0.7574475767595668 0.762010703710302 0.7313137944452276 0.5550164609374999 0.9993489578125002 0.5888568833482678 1.0254827401268394
2 0.6921219140625 0.6335227859375002 0.6714902535316526 0.6176443641172775 0.6006281129066526 0.7097192344297774 0.6212597734375 0.7255976562500001
2 0.609575911916673 0.7246301233622272 0.5842519373865132 0.7155526232117051 0.544241869200282 0.8271707924099518 0.5695658437304418 0.836248292560474
1 0.653936933730229 0.8307581092233866 0.6534413272866137 0.26996990417073385 0.595604026746409 0.27002101890276775 0.5960996331900242 0.8308092239554205
1 0.6018829467353994 0.139185928071613 0.5636269697315116 0.13790087056982583 0.5417998827343815 0.787690111177963 0.5800558597382695 0.7889751686797501
1 0.6489645062500001 0.9993489578125001 0.5535751409955509 0.8805911591134746 0.5379233472777141 0.8931630885715295 0.6333127125321634 1.011920887270555
1 0.6934737656250001 0.9993489578125001 0.55993346671724 0.8334570840035177 0.5372325621648806 0.851730948236851 0.6707728610726406 1.0176228220458334
1 0.7996142519686575 0.6139544850640589 0.7932780859059348 0.08611130608802488 0.7034427976494064 0.08718967808819003 0.7097789637121291 0.6150328570642241
1 0.8692700625 0.9993489578125002 0.867553953796034 0.6067405900963572 0.7894370593836851 0.6070820425294973 0.7911531680876511 0.9996904102456403
2 0.6822481808337381 0.08277362284284924 0.6514484559750364 0.05889055243879358 0.5902012749206218 0.13787521784959922 0.6210009997793234 0.16175828825365487
1 0.3669131023873199 0.03880011410711155 0.27399687465326494 0.014978676151291347 0.18710259869090448 0.3539123857400462 0.2800188264249595 0.3777338236958664
2 0.3468780859375 0.24332942656250003 0.2985243365634456 0.2427614368197612 0.29833230468750005 0.25910937500000003 0.34668605406155445 0.25967736474273884
2 0.319626028125 0.8688398437500002 0.3195112076549978 0.853140814919834 0.27102417656250005 0.8534954421875 0.2711389970325023 0.8691944710176662
1 0.7973561247325508 0.037480832200323014 0.6037302475550357 -0.07695678756641118 0.2405610735543707 0.5375172815644232 0.43418695073188573 0.6519549013311574
2 0.6836511902088658 0.08652295272061106 0.6402323089407151 -0.025859980935228788 0.4221004688031509 0.058414740854292345 0.46551935007130146 0.1707976745101322
2 0.5268683125 0.000005207812500062308 0.49069650156250005 0.000005207812500060093 0.49069650156250005 0.03964713593750006 0.5268683125 0.039647135937500064
2 0.4024737656250002 0.976068359375 0.3691635796875001 0.976068359375 0.3691635796875001 0.9993489578125001 0.4024737656250002 0.9993489578125001
0 0.9179385706491082 0.054808251843922705 0.8723462506734684 0.053367309761518975 0.8703739402772397 0.11577245967992489 0.9159662602528795 0.11721340176232861
0 0.8216364295919878 0.07088149722712182 0.7770732756198391 0.05863440747293904 0.7618928523591666 0.11387100267276562 0.8064560063313152 0.1261180924269484
0 0.7103177766966748 0.05597558488205782 0.6638687847627943 0.05492700132589092 0.662533328080749 0.11408358096854758 0.7089823200146296 0.11513216452471446
0 0.8209693883843487 0.19053511274458063 0.7735030378502603 0.18252516431975246 0.7635615262078491 0.24143781286998758 0.8110278767419375 0.24944776129481577
0 0.613168725 0.12304687500000008 0.5920781890625 0.12304687500000008 0.5920781890625 0.14973958281250008 0.613168725 0.14973958281250008
0 0.6135925873905261 0.26934364518574966 0.611856042726068 0.24077209110237696 0.5909614014768181 0.24204204224578602 0.5926979461412762 0.2706135963291587
0 0.5273680521141815 0.0641225915065317 0.5228771059110126 0.022440981996153207 0.4910958431340675 0.025865224559639088 0.49558678933723643 0.06754683407001758
0 0.4655157145155971 0.023754496068065283 0.43094099662182517 0.02165308633346084 0.428192683435087 0.0668713755373475 0.46276740132885885 0.06897278527195194
0 0.36419753125 0.004557292187500043 0.34104938281249997 0.0045572921875000425 0.34104938281249997 0.03906250000000004 0.36419753125 0.03906250000000004
0 0.31172839531249996 0.009114582812500037 0.2942386828125 0.009114582812500036 0.2942386828125 0.031901042187500034 0.31172839531249996 0.031901042187500034
0 0.31172839531249996 0.046223957812500036 0.29372427968750003 0.046223957812500036 0.29372427968750003 0.07161458281250005 0.31172839531249996 0.07161458281250005
0 0.3660501175699315 0.15743396701240897 0.3640524201394023 0.12456559483885003 0.33937309014023354 0.12606557280752417 0.34137078757076267 0.1589339449810831
0 0.304920438745603 0.17054784085149916 0.2912392345668064 0.1513086461764209 0.27323469790702754 0.16411187138137928 0.2869159020858241 0.1833510660564575
0 0.3595679015625 0.24153645781250002 0.3420781890625 0.24153645781250002 0.3420781890625 0.2623697921875 0.3595679015625 0.2623697921875
0 0.300411521875 0.19270833281250005 0.27674897187499997 0.19270833281250005 0.27674897187499997 0.22330729218749998 0.300411521875 0.22330729218749998
0 0.30520558370951756 0.23679109988432043 0.2814064657766811 0.2310051773179953 0.2745379030029554 0.25925749725611247 0.29833702093579184 0.2650434198224376
0 0.29832077926517064 0.29922758533421917 0.2949815431624109 0.27387025293775424 0.27745286920908185 0.2761785549303811 0.28079210531184157 0.301535887326846
0 0.29843532438795195 0.3391271159110656 0.29674359250700705 0.3134339296189312 0.27988424177962434 0.3145440099644848 0.28157597366056925 0.3402371962566192
0 0.30245210224643265 0.3778364824995026 0.2985917342829446 0.3519100540443364 0.2781988186651814 0.35494649843038295 0.2820591866286694 0.3808729268855492
0 0.2998971187500001 0.392578125 0.2788065843750001 0.392578125 0.2788065843750001 0.4212239578125 0.2998971187500001 0.4212239578125
0 0.30092592656250006 0.431640625 0.2782921812500001 0.431640625 0.2782921812500001 0.4596354171875 0.30092592656250006 0.4596354171875
0 0.3004115218750001 0.47265625 0.2782921812500001 0.47265625 0.2782921812500001 0.5013020828125 0.3004115218750001 0.5013020828125
0 0.3008126566250256 0.5384352289939855 0.29959606057732613 0.5107196412747651 0.27803267217754374 0.5116661820217251 0.2792492682252432 0.5393817697409455
0 0.3007359910272404 0.5498998519106837 0.2793152175660273 0.5489595713510366 0.2780681200406728 0.5773700210839163 0.2994888935018859 0.5783103016435633
0 0.3049729257309679 0.6167630675771693 0.3009429216276361 0.5881052487987922 0.2763583359454653 0.5915624547342494 0.28038834004879715 0.6202202735126264
0 0.30118712002953435 0.6577628593595478 0.29879548426726427 0.629007165692762 0.2780380541257738 0.6307335790018783 0.28042968988804395 0.6594892726686641
0 0.30074824121927035 0.698712908306462 0.29824288153133394 0.6690197838413495 0.2763543185900443 0.6708666330432379 0.2788596782779807 0.7005597575083504
0 0.3021281653574787 0.7089620061745239 0.28216315879061893 0.7072092463040088 0.27978096764485194 0.7343438599318162 0.29974597421171173 0.7360966198023312
0 0.3469804246587953 0.7165648924601481 0.3361035799255219 0.715207937669932 0.33407262637137924 0.7314873057285987 0.3449494711046526 0.7328442605188148
0 0.36513511879077626 0.7353628836880101 0.364028159846875 0.7157489496470267 0.3498171046602028 0.7165509842928195 0.3509240636041041 0.7361649183338028
0 0.3837088993995399 0.717226261123301 0.3731360320306225 0.7154361449871003 0.37067822019917573 0.7299525877955515 0.3812510875680931 0.7317427039317521
0 0.16070772824239205 0.8457096999933352 0.13868386940704266 0.8442595698417239 0.13667782074809384 0.8747264437512434 0.15870167958344322 0.8761765739028547
0 0.11265432031250008 0.7102864578125 0.09053497968750009 0.7102864578125 0.09053497968750009 0.736328125 0.11265432031250008 0.736328125
0 0.11595710111415292 0.6953596495107754 0.11195038009273259 0.6700332390842245 0.08906372844469077 0.6736539822816892 0.09307044946611108 0.6989803927082401
0 0.11230384237784485 0.656815128165615 0.11009181105062338 0.6316187006401445 0.08989992918890773 0.6333913755635446 0.09211196051612919 0.6585878030890152
0 0.1095679015625001 0.5924479171875 0.09207818906250007 0.5924479171875 0.09207818906250007 0.6158854171875 0.1095679015625001 0.6158854171875
0 0.1116255140625001 0.5520833328125 0.09207818906250007 0.5520833328125 0.09207818906250007 0.578125 0.1116255140625001 0.578125
0 0.1109973753424125 0.5380614377107988 0.10976112049920039 0.5130272677479402 0.09122350815097961 0.5139427050514767 0.09245976299419172 0.5389768750143354
0 0.11135396816892669 0.4990221759140325 0.11021403778746759 0.47305312847147646 0.09118919567756577 0.4738882378674415 0.09232912605902488 0.4998572853099975
0 0.1120471040179167 0.4364229000835719 0.09307331257095305 0.4352696976303683 0.09174667334341643 0.4570970671080481 0.11072046479038009 0.4582502695612517
0 0.1105561945096468 0.3955594846019097 0.09198639779068377 0.3955049515960515 0.09191811206874859 0.41875787806117337 0.11048790878771161 0.41881241106703165
0 0.11213390324589179 0.3781562612037296 0.11065283668891386 0.35378807858921374 0.09161111698905254 0.3549454096335901 0.09309218354603047 0.37931359224810596
0 0.11095139675399227 0.3394167115892242 0.10725356000019907 0.3144563294133631 0.08938443201320126 0.3171036093212989 0.09308226876699445 0.34206399149716
0 0.717645773609411 0.6266049766268437 0.7068032458882436 0.5648533728956109 0.6600618129862175 0.5730603707927517 0.6709043407073849 0.6348119745239845
0 0.8259876331700091 0.46969862381605 0.7983328286771277 0.41969774621948586 0.7533881853620402 0.4445560163864569 0.7810429898549218 0.494556893983021
0 0.9201879230006262 0.5674811763863936 0.87381158325691 0.5666290131007923 0.8726607580355454 0.6292591009647446 0.9190370977792617 0.630111264250346
0 0.8187964748801819 0.5805277391399055 0.7734597399491479 0.5771524870537206 0.7689315953595229 0.6379749932687364 0.8142683302905569 0.6413502453549212
0 0.8198970418417529 0.759178959845307 0.8134641603335087 0.6981168225585801 0.7646235062213809 0.7032621737475362 0.7710563877296253 0.7643243110342631
0 0.8148148140625 0.94140625 0.7649176953125002 0.94140625 0.7649176953125002 0.9993489578125001 0.8148148140625 0.9993489578125001
0 0.3703703703125001 0.966796875 0.3292181062500001 0.966796875 0.3292181062500001 0.9993489578125001 0.3703703703125001 0.9993489578125001
0 0.3616255140625001 0.8515625 0.34722222187500007 0.8515625 0.34722222187500007 0.8684895828125001 0.3616255140625001 0.8684895828125001
0 0.33317127721447265 0.8674958167148196 0.3297843056805677 0.8487629541299967 0.3131731253468493 0.8517663175871357 0.31656009688075426 0.8704991801719586
0 0.27185211913079343 0.8492119631873576 0.25215549431823003 0.8484338251449269 0.2512069346261365 0.8724442491940154 0.2709035594386999 0.8732223872364461
0 0.10751028750000013 0.9694010421874999 0.07201646093750011 0.9694010421874999 0.07201646093750012 0.9993489578125001 0.10751028750000013 0.9993489578125001
0 0.11146129724813855 0.1831354235623125 0.11036201742879141 0.15391861761826428 0.08961928722091486 0.15469906106438733 0.090718567040262 0.18391586700843554
0 0.112646848654306 0.2212217771459141 0.11113536584784715 0.19444018399532972 0.09091757647103246 0.19558122294905586 0.0924290592774913 0.2223628160996402
0 0.11462159205774636 0.23523256002238724 0.09182928643210302 0.23283139244811016 0.08882199039998236 0.26137717617647593 0.1116142960256257 0.263778343750753
0 0.11265432031250004 0.2734375 0.09053497968750004 0.2734375 0.09053497968750004 0.302734375 0.11265432031250004 0.302734375
2 0.5488683125 0.6067708328125 0.516975309375 0.6067708328125 0.516975309375 0.6295572921875 0.5488683125 0.6295572921875
2 0.5490797779556168 0.6485987372624833 0.5179092234815662 0.6475605724000085 0.5171950288742047 0.6690040277879781 0.5483655833482552 0.6700421926504527
2 0.549382715625 0.6875 0.5174897125 0.6875 0.5174897125 0.7083333328125 0.549382715625 0.7083333328125
2 0.5488683125000001 0.7265625 0.5174897125000002 0.7265625 0.5174897125000002 0.7486979171875 0.5488683125000001 0.7486979171875
2 0.549474883021411 0.767215558326091 0.5183760919313205 0.7659855788777824 0.5175501919883637 0.7868676268035804 0.5486489830784543 0.788097606251889
2 0.5529417668197738 0.8063135482154603 0.5184034316730044 0.805027886069255 0.5175777512992359 0.8272091609535621 0.5521160864460052 0.8284948230997674
2 0.5525292559293413 0.8648820801388813 0.5507293257669962 0.8435495742444308 0.517311292902062 0.846369220732164 0.5191112230644072 0.8677017266266146
2 0.5510057248532628 0.9060417499342052 0.5502698706953814 0.8839479737505963 0.5175578152495299 0.8850374797640834 0.5182936694074114 0.9071312559476923
2 0.45803463780147136 0.6098898505437959 0.4253316622417416 0.6036186810422896 0.42030335384482853 0.6298403684917417 0.45300632940455826 0.636111537993248
2 0.455941895979027 0.6691186346848507 0.4552226676314663 0.6463874858249615 0.4228888289683879 0.6474105495291009 0.42360805731594864 0.6701416983889901
2 0.4557613171875 0.6881510421875 0.42386831249999996 0.6881510421875 0.42386831249999996 0.7096354171875 0.4557613171875 0.7096354171875
2 0.45600642660195706 0.7274030043681179 0.4242670915752932 0.7262871674923658 0.42350953831005816 0.7478353322898674 0.45524887333672204 0.7489511691656194
2 0.4560169421897801 0.7875778564795762 0.4553724929467724 0.7667008992247164 0.4225824121364633 0.7677130937939919 0.4232268613794711 0.7885900510488517
2 0.45833333281250016 0.8059895828125001 0.4243827156250002 0.8059895828125001 0.4243827156250002 0.828125 0.45833333281250016 0.828125
2 0.45661163453660486 0.8669767609611743 0.45585408127137006 0.8454285961636728 0.4224591421467583 0.8466026379168294 0.4232166954119931 0.8681508027143309
2 0.4562757203125002 0.8854166671874999 0.42181070000000015 0.8854166671874999 0.42181070000000015 0.9075520828125001 0.4562757203125002 0.9075520828125001
0 0.527641985331295 0.43325239478298183 0.5043772161568082 0.4212051594179135 0.49039754602806856 0.4482017099811764 0.5136623152025553 0.4602489453462447
0 0.49323943652953595 0.45588342908007345 0.48830248953187877 0.4239423981930094 0.46358005333381236 0.4277636072702733 0.46851700033146965 0.45970463815733736
0 0.46130163323797263 0.42697327920941835 0.4389998867710549 0.4217819786686533 0.43199407713739324 0.4518788280069865 0.454295823604311 0.45707012854775153
0 0.10339506250000008 0.83984375 0.07664609062500011 0.83984375 0.07664609062500011 0.8743489578125001 0.10339506250000008 0.8743489578125001
0 0.9454732515625001 0.8411458328125001 0.9197530859375 0.8411458328125001 0.9197530859375 0.8736979171874999 0.9454732515625001 0.8736979171874999
0 0.622964772676624 0.7282421518142798 0.6186996287466032 0.697653064189195 0.5963194400298419 0.7007736125111312 0.6005845839598628 0.7313627001362158
0 0.6258696494508923 0.8430551911913244 0.6162381293269636 0.8207070441399859 0.5967554683481914 0.8291036078843381 0.60638698847212 0.8514517549356768
0 0.3600823046875 0.201171875 0.3436213984375 0.201171875 0.3436213984375 0.22265625 0.3600823046875 0.22265625
0 0.09339292553620991 0.07045879630844702 0.0912268389504602 0.047156436483500784 0.0744569535716761 0.04871529249793144 0.07662304015742581 0.07201765232287768
0 0.0925925921875 0.009114582812500011 0.074588478125 0.00911458281250001 0.074588478125 0.03190104218750001 0.0925925921875 0.03190104218750001