2 0.5756618618260145 0.12834537277595745 0.5532086199314417 0.10334419165963182 0.374479218349565 0.26385878769884147 0.3969324602441378 0.28885996881516707
1 0.9964155276530452 0.27328988881788624 0.9930024026554325 0.08518098501371123 -0.0009837892547152759 0.10321627760370045 0.0024293357428974804 0.2913251814078755
1 0.9485116228705242 0.14331740538686297 0.9484602859374999 0.09144804531249999 0.6614873301608182 0.0917320725568958 0.6615386670938425 0.14360143263125877
2 1.0001214268582799 0.0645479313877269 0.996785255391351 0.02923742998279564 0.7016323331656621 0.05712377309126687 0.7049685046325911 0.09243427449619813
1 0.9996233351100333 0.06484576902526686 0.9974162842904919 0.024615516605325693 0.46359358972757636 0.05390128402300307 0.4658006405471177 0.09413153644294422
2 0.6485119538527975 0.08508580845225526 0.5125030573809453 -0.1316421590178543 -0.04052958907775146 0.21541669469528787 0.09547930739410089 0.43214466216539743
2 0.6066279716503656 0.08864777427796873 0.472333543283864 -0.09407510438119542 0.0033950332973305074 0.2505770245684057 0.13768946166383217 0.43329990322756984
1 0.27511635419434904 0.27684384043547183 0.12663343382908127 0.24992580954633406 0.11815982987545896 0.2966671728442056 0.2666427502407268 0.3235852037333434
1 0.33258611632693846 0.3020008753146806 0.296963063550264 0.2953801914994729 0.28404694211246284 0.36487628714322673 0.3196699948891374 0.3714969709584344
1 0.26783953024694307 0.3527540704187496 0.13702637698651315 0.34786358433595865 0.13633830657481932 0.36626843381208773 0.2671514598352493 0.3711589198948787
2 1.0001302989716607 0.48292387439776113 0.9994557296874997 0.2160627578125 0.1725312786811574 0.21815305047899317 0.1732058479653181 0.4850141670642543
2 0.5242350963211085 0.11647599780851473 0.41939842759305873 0.01586985274215542 0.1153313617244375 0.33272304530362934 0.22016803045248726 0.4333291903699886
2 0.14454225813617944 0.14149452127612575 0.08009983486387631 0.10043752428806998 -0.04641450551487525 0.29901246329482606 0.018027917757427892 0.3400694602828819
1 0.7285329743543636 0.32730500221640507 0.6985213830642687 0.21911584623489574 -0.02887552410259493 0.42089520651849066 0.0011360671874999894 0.5290843625
2 0.7335820055003615 0.36453650097866164 0.6753545233972911 0.2910718795141166 0.5167391787610711 0.416789156169998 0.5749666608641414 0.49025377763454303
2 0.5920142605730142 0.4169242450454738 0.40080260570614995 0.2678881914810058 0.3651707588473947 0.3136034680256715 0.5563824137142588 0.4626395215901396
2 0.5798300881601808 0.5039961667458784 0.3254236175368339 0.26656904414968274 0.2811949761474898 0.3139606497644534 0.5356014467708367 0.5513877723606491
1 0.5663273824251078 0.4735451928786881 0.5497683128660426 0.3862434169089085 -0.01590802737156526 0.4935387584052203 0.0006510421875000061 0.5808405343749999
2 1.0078918707815596 0.26898463286516827 0.7971302951529442 0.10118535871532801 0.78754296875 0.1132273656250001 0.9983045443786154 0.2810266397748404
2 0.9387011718750001 0.291985596875 0.7520707505727048 0.10397943261188183 0.7232627359008797 0.13257664343291076 0.9098931572031752 0.3205828076960289
2 0.9906582517647928 0.3431915316282657 0.9889396243626661 0.30950887849726544 0.865718831331589 0.3157961098086277 0.8674374587337157 0.349478762939628
2 0.8532128906249999 0.33940123437500014 0.7745554853719134 0.3384039063941865 0.7742425803021467 0.3630821480076636 0.852899985555233 0.36407947598847723
2 0.8206824799083849 0.3846784737593979 0.788191849472231 0.3395707472463841 0.5532752621343596 0.5087787435818945 0.5857658925705136 0.5538864700949082
2 1.0178105204536219 0.3971762661008321 0.9249172557512353 0.294275068026722 0.48219567476221903 0.6939385683744305 0.5750889394646055 0.7968397664485406
2 0.9471471320689944 0.8374047122056606 0.7644252780173537 0.5825482571747364 0.6837054281286101 0.64042115126585 0.8664272821802508 0.8952776062967743
2 0.8877434890625 0.9082453703125 0.8877194992209292 0.8832231247506644 0.42844020234592917 0.8836634544381645 0.4284641921875 0.9086857
2 0.37268635522189186 0.9093194717093048 0.37242469290546365 0.8450571284706824 0.0003904876895089164 0.8465719710210988 0.0006521500059371299 0.9108343142597214
2 0.7641421659295189 0.8626635744450981 0.764018689525717 0.7749123693655139 0.2684549365165074 0.7756096866276597 0.2685784129203092 0.863360891707244
2 0.2656868484375002 0.765894546875 0.0006510421875000727 0.5550164609374999 -0.02566963487070679 0.5880968155611438 0.2393661713792933 0.7989749014986438
2 0.38217675154928815 0.6719051195931941 0.29041164659516133 0.6006440842498488 0.27440234375 0.6212597734375 0.3661674487041268 0.6925208087808452
2 0.2838751583606227 0.5868483538868308 0.17302630830141053 0.5438629486749075 0.16352028711223499 0.5683766530883843 0.2743691371714472 0.6113620583003077
1 0.7308017015720794 0.6204193353701671 0.7263014124833044 0.5655383863101726 0.16816882069710903 0.6113057802041688 0.17266910978588398 0.6661867292641632
1 0.8621113494401118 0.566749252351771 0.2123409515124775 0.5417079602292318 0.2108708142382672 0.5798550205724984 0.8606412121659016 0.6048963126950376
1 0.11940884088652573 0.5535751409955508 0.10683691142847092 0.5379233472777141 -0.011920887270554736 0.6333127125321634 0.0006510421875000727 0.64896450625
1 0.16654291599648258 0.5599334667172401 0.14826905176314922 0.5372325621648806 -0.01762282204583334 0.6707728610726406 0.0006510421875000283 0.6934737656250002
1 0.9138886939119752 0.7932780859059348 0.9128103219118101 0.7034427976494065 0.38496714293577605 0.7097789637121291 0.3860455149359412 0.7996142519686574
1 0.39325940990364294 0.8675539537960342 0.3929179574705029 0.7894370593836851 0.00030958975435994645 0.7911531680876511 0.0006510421874999998 0.8692700625000003
2 0.9327456331939542 0.6630102428708895 0.867687243277983 0.5906497566077343 0.8379185928449442 0.6174143703791459 0.9029769827609156 0.6897748566423012
1 0.9697149275897452 0.248522125110706 0.6268695920417364 0.22779084887323994 0.6200104691061583 0.3412242080874419 0.9628558046541672 0.361955484324908
2 0.7572385631802389 0.2985243365634457 0.7408906250000001 0.29833230468750005 0.7403226352572613 0.3466860540615545 0.7566705734375001 0.3468780859375001
2 0.14650455781250005 0.2710241765625 0.13080967122987708 0.27101362441614435 0.13077698781559832 0.3196257705092869 0.1464718743982213 0.31963632265564257
1 1.0571852543225302 0.6611752981355654 0.5044679949291953 0.22828267867493227 0.3470242697733281 0.42930681344824884 0.8997415291666631 0.8621994329088821
2 1.0151471243720656 0.6452580457538758 0.942354271328443 0.4231922460776364 0.8312541205160761 0.4596107173730803 0.9040469735596984 0.6816765170493196
2 0.9999947921875 0.4906965015625002 0.9603528640624999 0.4906965015625002 0.9603528640624999 0.5268683125000002 0.9999947921875 0.5268683125000002
2 0.02393164062500005 0.36942901250000004 0.0006510421875000463 0.3691635796875 0.00027130679708008696 0.40246943608712504 0.023551905234580086 0.4027348688996251
0 0.9475072326746471 0.8747626846296885 0.8855118671310457 0.869660183966537 0.8817998257554571 0.914761473938827 0.9437951912990583 0.9198639746019787
0 0.9414859692029884 0.7773226111403989 0.8863258780059453 0.7617571574763374 0.8737546579020087 0.8063064306525046 0.9289147490990517 0.8218718843165661
0 0.9461239493596352 0.6664988493539288 0.8876343533904801 0.6610154519937226 0.8832638256643328 0.7076344336362886 0.9417534216334879 0.713117830996495
0 0.8174486750701764 0.7734569152333778 0.7584994078912267 0.7636511915400355 0.7506069623703377 0.8110983656860986 0.8095562295492874 0.8209040893794409
0 0.876953125 0.5920781890625002 0.8502604171874999 0.5920781890625002 0.8502604171874999 0.6131687250000002 0.876953125 0.6131687250000002
0 0.759227908897623 0.611856042726068 0.757957957754214 0.590961401476818 0.7293864036708413 0.5926979461412761 0.7306563548142503 0.6135925873905261
0 0.9775590180038467 0.5228771059110126 0.9741347754403608 0.4910958431340675 0.9324531659299824 0.4955867893372365 0.9358774084934683 0.5273680521141816
0 0.9777185362944477 0.43041453513614175 0.932258441797124 0.42921722898811654 0.931348640063025 0.46376116987924865 0.9768087345603487 0.4649584760272739
0 0.9954427078125001 0.3410493828125001 0.9609375 0.3410493828125001 0.9609375 0.3641975312500001 0.9954427078125001 0.3641975312500001
0 0.9908854171874999 0.2942386828125001 0.9680989578125001 0.2942386828125001 0.9680989578125001 0.3117283953125001 0.9908854171874999 0.3117283953125001
0 0.9537760421874999 0.2937242796875001 0.9283854171874999 0.2937242796875001 0.9283854171874999 0.3117283953125001 0.9537760421874999 0.3117283953125001
0 0.87543440516115 0.3640524201394023 0.8739344271924759 0.33937309014023354 0.8410660550189168 0.34137078757076267 0.842566032987591 0.36605011756993144
0 0.8487025686633082 0.2907235969171055 0.8343532524550433 0.27308712404591395 0.8166695011339765 0.28747490675663967 0.8310188173422415 0.3051113796278312
0 0.7584635421875 0.3420781890625001 0.7376302078125 0.3420781890625001 0.7376302078125 0.35956790156250007 0.7584635421875 0.35956790156250007
0 0.8072916671874999 0.2767489718750001 0.7766927078125 0.2767489718750001 0.7766927078125 0.3004115218750001 0.8072916671874999 0.3004115218750001
0 0.768797788547301 0.28121302112045177 0.74036908906527 0.27479525756631595 0.7349863981907321 0.2986389065237936 0.763415097672763 0.3050566700779294
0 0.7256424311638872 0.2956798338561286 0.724157081568825 0.27807570318221664 0.6986873624407146 0.28022471228093637 0.7001727120357768 0.29782884295484835
0 0.6865660703810688 0.29674359250700694 0.6854559900355153 0.2798842417796243 0.6597628037433807 0.28157597366056925 0.6608728840889342 0.2984353243879519
0 0.6474965239009458 0.29949348400193365 0.6465034803456047 0.27938434446534705 0.6195049990444442 0.28071760230123494 0.6204980425997854 0.30082674183782154
0 0.607421875 0.2788065843750001 0.5787760421875 0.2788065843750001 0.5787760421875 0.2998971187500001 0.607421875 0.2998971187500001
0 0.568359375 0.2782921812500001 0.5403645828125 0.2782921812500001 0.5403645828125 0.30092592656250006 0.568359375 0.30092592656250006
0 0.52734375 0.2782921812500001 0.4986979171875 0.2782921812500001 0.4986979171875 0.3004115218750001 0.52734375 0.3004115218750001
0 0.48928035872523506 0.29959606057732613 0.4883338179782751 0.2780326721775438 0.4606182302590547 0.2792492682252433 0.4615647710060147 0.30081265662502565
0 0.4505208328125 0.2788065843750001 0.421875 0.2788065843750001 0.421875 0.3004115218750001 0.4505208328125 0.3004115218750001
0 0.41129719472639453 0.3018903409867394 0.4099081040522209 0.2772773797916061 0.3803446672762177 0.2789458622629549 0.38173375795039133 0.3035588234580882
0 0.3709928343072381 0.29879548426726427 0.36926642099812174 0.2780380541257738 0.3405107273313359 0.28042968988804395 0.3422371406404523 0.30118712002953435
0 0.330898499799425 0.2984821639117838 0.3297491999418987 0.27666341733796446 0.29966724529966265 0.27824798068890966 0.300816545157189 0.300066727262729
0 0.29273194216711557 0.2820466526078118 0.2655421553329301 0.2800006258096456 0.26403734820598 0.2999981082693116 0.2912271350401655 0.30204413506747785
0 0.28455969587805274 0.336031450961604 0.26823345799437065 0.33451383449952604 0.26722117761027325 0.34540376009583224 0.2835474154939554 0.34692137655791017
0 0.2847832166850398 0.3522925688244646 0.2662208398185384 0.3486259284054511 0.2633847941478135 0.36298341715117577 0.281947171014315 0.3666500575701892
0 0.2844879151518415 0.3730425354380036 0.26995879763488506 0.3707465735695575 0.26827746705572003 0.38138623179091724 0.2828065845726765 0.38368219365936324
0 0.155591020694045 0.13851124196253484 0.12507672758829252 0.13690390523490453 0.12391481785986642 0.15896204240438888 0.1544291109656189 0.16056937913201919
0 0.2897135421875 0.09053497968750003 0.263671875 0.09053497968750002 0.263671875 0.11265432031250004 0.2897135421875 0.11265432031250004
0 0.3287760421875 0.09053497968750004 0.3020833328125 0.09053497968750004 0.3020833328125 0.11316872500000004 0.3287760421875 0.11316872500000004
0 0.36838129935985536 0.11009181105062342 0.36660862443645525 0.08989992918890774 0.3414121969109846 0.0921119605161292 0.34318487183438473 0.11230384237784488
0 0.4075520828125 0.09207818906250005 0.3841145828125 0.09207818906250005 0.3841145828125 0.10956790156250004 0.4075520828125 0.10956790156250004
0 0.4479166671875 0.09207818906250005 0.421875 0.09207818906250005 0.421875 0.11162551406250006 0.4479166671875 0.11162551406250006
0 0.4869727322520598 0.10976112049920042 0.48605729494852323 0.0912235081509796 0.46102312498566445 0.09245976299419172 0.4619385622892011 0.11099737534241252
0 0.5269468715285236 0.1102140377874676 0.5261117621325586 0.0911891956775658 0.5001427146900026 0.0923291260590249 0.5009778240859676 0.11135396816892673
0 0.5648158646529151 0.09329969948074779 0.5430222674013528 0.0916127149944895 0.5415526413238266 0.11059833051430872 0.563346238575389 0.112285315000567
0 0.6044653382576719 0.11053109509579777 0.6044610668268539 0.09194283321828797 0.5812178343030345 0.09194817432335563 0.5812221057338526 0.11053643620086542
0 0.6463144831649517 0.11050656969040559 0.6448102168663356 0.09148964081860558 0.6205884011744176 0.09340562111606943 0.6220926674730336 0.11242254998786942
0 0.6855436705866367 0.10725356000019914 0.682896390678701 0.08938443201320129 0.6579360085028401 0.09308226876699445 0.6605832884107758 0.1109513967539923
0 0.4351466271043889 0.7068032458882436 0.42693962920724804 0.6600618129862175 0.36518802547601537 0.6709043407073848 0.3733950233731562 0.717645773609411
0 0.580291091436201 0.7970810421239747 0.5535095472114367 0.7531318435000759 0.5051554549218726 0.7825976199339855 0.531936999146637 0.8265468185578844
0 0.43337098689920805 0.87381158325691 0.37074089903525553 0.8726607580355452 0.3698887357496542 0.9190370977792615 0.4325188236136067 0.9201879230006262
0 0.4229027884769945 0.7735420175166018 0.3620821822836623 0.7688914543481098 0.3586170188294432 0.814209265161316 0.4194376250227753 0.8188598283298081
0 0.30188317744141985 0.8134641603335085 0.29673782625246375 0.7646235062213809 0.23567568896573682 0.7710563877296251 0.24082104015469286 0.8198970418417529
0 0.05859375000000009 0.7649176953125 0.0006510421875000943 0.7649176953125 0.0006510421875000974 0.8148148140625 0.05859375000000009 0.8148148140625
0 0.03320312500000004 0.32921810625000003 0.0006510421875000403 0.32921810625000003 0.0006510421875000428 0.3703703703125 0.03320312500000004 0.3703703703125
0 0.14843750000000006 0.34722222187499996 0.13151041718750006 0.34722222187499996 0.13151041718750006 0.3616255140625 0.14843750000000006 0.3616255140625
0 0.15079879668041035 0.3300630491191109 0.14847837161803237 0.3135622418689513 0.12960960931259938 0.31621566047361716 0.13193003437497733 0.3327164677237767
0 0.15195731558455658 0.252684549912587 0.12801520637843658 0.250964803259033 0.12659494891899845 0.27073745937928295 0.15053705812511847 0.27245720603283696
0 0.03059895781250001 0.0720164609375 0.0006510421875000089 0.0720164609375 0.0006510421875000111 0.1075102875 0.03059895781250001 0.1075102875
0 0.8460813823817359 0.11036201742879141 0.845300938935613 0.08961928722091483 0.8160841329915647 0.090718567040262 0.8168645764376876 0.11146129724813858
0 0.8055598160046701 0.11113536584784715 0.804418777050944 0.09091757647103241 0.7776371839003597 0.09242905927749126 0.7787782228540859 0.11264684865430599
0 0.7669246296609947 0.09167788233156232 0.7383186322239018 0.08916651986109701 0.736316903728897 0.11196746590981876 0.7649229011659899 0.11447882838028407
0 0.7265625 0.09053497968750009 0.697265625 0.09053497968750009 0.697265625 0.11265432031250008 0.7265625 0.11265432031250008
2 0.39322916718750006 0.516975309375 0.3704427078125001 0.516975309375 0.3704427078125001 0.5488683125 0.39322916718750006 0.5488683125
2 0.35243942759999153 0.5179092234815663 0.33099597221202204 0.5171950288742048 0.3299578073495474 0.5483655833482552 0.3514012627375168 0.5490797779556168
2 0.3125000000000001 0.5174897125 0.29166666718750006 0.5174897125 0.29166666718750006 0.549382715625 0.3125000000000001 0.549382715625
2 0.2734375000000001 0.5174897125 0.2513020828125001 0.5174897125 0.2513020828125001 0.5488683125 0.2734375000000001 0.5488683125
2 0.23401442112221785 0.5183760919313205 0.21313237319641973 0.5175501919883636 0.2119023937481109 0.5486489830784541 0.23278444167390902 0.5494748830214109
2 0.194972113930745 0.5184034316730042 0.1727908390464377 0.5175777512992357 0.17150517690023265 0.5521160864460051 0.19368645178453997 0.5529417668197736
2 0.1553665446274719 0.5514060447051291 0.1539993943827954 0.5179193274575191 0.13255077026616005 0.5187950027735618 0.13391792051083656 0.5522817200211718
2 0.11523437500000004 0.5180041156249999 0.09309895781250008 0.5180041156249999 0.09309895781250008 0.5509259265625001 0.11523437500000007 0.5509259265625001
2 0.39638131895771034 0.4253316622417417 0.37015963150825815 0.42030335384482875 0.3638884620067521 0.45300632940455837 0.3901101494562043 0.45803463780147136
2 0.35334425839784406 0.4243833039565098 0.330590232594571 0.4228676169807408 0.3284353005209074 0.45521821495534154 0.35118932632418054 0.4567339019311105
2 0.3118489578125001 0.42386831249999996 0.2903645828125001 0.42386831249999996 0.2903645828125001 0.4557613171875 0.3118489578125001 0.4557613171875
2 0.27371283250763423 0.4242670915752929 0.2521646677101327 0.4235095383100581 0.25104883083438073 0.45524887333672204 0.2725969956318823 0.4560064266019569
2 0.23335024285561934 0.45527627106254964 0.2320942510325498 0.422527475030666 0.21121271704901798 0.4233283299967823 0.2124687088720875 0.45607712602866596
2 0.19401041718750006 0.424382715625 0.17187500000000006 0.424382715625 0.17187500000000006 0.4583333328125 0.19401041718750006 0.4583333328125
2 0.1546035850951501 0.4558001035712168 0.15328322099767433 0.42241611098418475 0.13173083430872504 0.42326852543176213 0.13305119840620078 0.45665251801879425
2 0.11458333281250004 0.4218107 0.09244791718750003 0.4218107 0.09244791718750005 0.45627572031249997 0.11458333281250004 0.45627572031249997
0 0.5760437171817018 0.4992185872451489 0.5433807119623811 0.49598170249374424 0.5409841626025315 0.5201649868121495 0.5736471678218521 0.5234018715635542
0 0.5760576018069905 0.48830248953187877 0.5722363927297266 0.46358005333381247 0.5402953618426626 0.4685170003314697 0.5441165709199265 0.49323943652953606
0 0.5761063543009122 0.4364623252224174 0.5459199337257322 0.4352374050538777 0.5449751645084163 0.45851990269972775 0.5751615850835963 0.45974482286826746
0 0.16015625 0.07664609062500002 0.1256510421875 0.07664609062500002 0.1256510421875 0.1033950625 0.16015625 0.1033950625
0 0.15885416718750014 0.9197530859375 0.12630208281250013 0.9197530859375 0.12630208281250013 0.9454732515625001 0.15885416718750014 0.9454732515625001
0 0.3023469358108048 0.6186996287466032 0.2992263874888687 0.5963194400298419 0.26863729986378415 0.6005845839598628 0.27175784818572024 0.622964772676624
0 0.1792929558600141 0.616238129326964 0.17089639211566193 0.5967554683481915 0.1485482450643234 0.6063869884721199 0.15694480880867556 0.6258696494508923
0 0.798828125 0.3436213984375001 0.77734375 0.3436213984375001 0.77734375 0.3600823046875001 0.798828125 0.3600823046875001
0 0.9536921187340474 0.07742727854522322 0.9306575122751923 0.07462725149199241 0.9286146043731438 0.0914333675261478 0.9516492108319989 0.0942333945793786
0 0.9908854171874999 0.07458847812500011 0.9680989578125001 0.07458847812500011 0.9680989578125001 0.09259259218750011 0.9908854171874999 0.09259259218750011