2 0.8966662086546489 0.4472750255371093 0.8725577235938722 0.42426367772239565 0.7066201395943319 0.5981128497520467 0.7307286246551086 0.6211241975667603
1 0.9149444354853944 0.007004270400435694 0.7294586471003534 0.0028760476546935004 0.7073300852741908 0.9971377406280917 0.8928158736592318 1.0012659633738337
1 0.9095204178675967 0.05161158195469151 0.859610753022565 0.047907876448785684 0.8382648313044581 0.335557042145195 0.8881744961494897 0.3392607476511008
2 0.9639662649794019 0.0021230758902631595 0.9278740333779687 -0.0003109572959554052 0.9079503164773017 0.29512108891103395 0.9440425480787349 0.29755512209725254
1 0.9705409453306924 0.0020970757112783955 0.9302032897967993 0.0002717202690077747 0.9060409096657166 0.534224584481686 0.9463785651996096 0.5360499399239566
2 1.1431561057946897 0.5254449859361753 0.9165150931140165 0.3509477242493031 0.5194465595341526 0.8666693675817765 0.7460875722148259 1.0411666292686488
2 1.094932558651946 0.5310419357801546 0.9114357729968408 0.39335104930432696 0.5621654004903689 0.858813886532484 0.7456621861454742 0.9965047730083116
1 0.7500741904536661 0.8733665661709187 0.7231561595645283 0.7248836458056509 0.6764147962666567 0.7333572497592732 0.7033328271557944 0.881840170124541
1 0.7058514899530767 0.6927808483933497 0.6946749796867134 0.6613921765474313 0.6249121679697275 0.686232500636093 0.6360886782360909 0.7176211724820114
1 0.6521364156640415 0.8629736230134869 0.6472459295812506 0.732160469753057 0.6288410801051214 0.7328485401647509 0.6337315661879124 0.8636616934251806
2 0.7839372421875 0.0005442703125000961 0.5177004303932349 -0.0004015602329934094 0.5147618230397171 0.8267714007624452 0.7809986348339822 0.8277172313079386
2 0.9787429052855285 0.5674293972410637 0.8706856419940019 0.46373261978639774 0.5667405647687331 0.7804586940393101 0.6747978280602598 0.8841554714939761
2 0.8738811265935589 0.870928364082163 0.7964029653611949 0.8114812878487425 0.6592028026816232 0.9902960757023193 0.7366809639139872 1.0497431519357394
1 0.7366582092361532 0.2866342289003051 0.619988457280495 0.2629990621719605 0.4709156375000001 0.9988639328125002 0.5875853894556583 1.0224990995408447
2 0.7082134534436011 0.3311189817155499 0.6775909898293395 0.27382004364963597 0.48636556314538765 0.37601728967912995 0.5169880267596492 0.4333162277450439
2 0.7321118085189944 0.59919739429385 0.5830757549545263 0.4079857394269858 0.5373604784098607 0.4436175862857411 0.6863965319743287 0.6348292411526053
2 0.7334309558503173 0.6745763824631661 0.4960038332541217 0.42016991183981933 0.4486122276393509 0.46439855322916346 0.6860393502355465 0.7188050238525102
1 0.5753272726375264 0.4399260406261444 0.4786407962170326 0.4298280094918995 0.41915946562500006 0.9993489578125001 0.5158459420454939 1.009446988946745
2 0.898814641284672 0.20286970484705594 0.7310153671348321 -0.007891870781559484 0.7189733602251601 0.0016954556213845783 0.8867726343750002 0.21245703124999998
2 0.8960205673881181 0.24792924942729547 0.7080144031249999 0.06129882812500007 0.679417192303971 0.09010684279682497 0.8674233565670892 0.27673726409912036
2 0.693315300529994 0.011842217921603383 0.6655649213732135 0.005402283017711951 0.6371266645988267 0.1279458210851921 0.6648770437556072 0.13438575598908353
2 0.6615960936058135 0.22544451462808657 0.6605987656249999 0.146787109375 0.6359205240115229 0.1471000144447669 0.6369178519923364 0.22575741969785348
2 0.6604305238027863 0.21189419721518554 0.6159305548244911 0.17964432078758236 0.4460537615372333 0.4140486927976702 0.4905537305155286 0.44629856922527333
2 0.697474643399794 0.06342496873128182 0.5901783168237715 -0.027377346270295845 0.20468613094724547 0.42813852320499046 0.3119824575232679 0.5189408382065681
2 0.4154257372340308 0.24044702208468888 0.1666419590177219 0.05022044593308721 0.10470529151420833 0.13122299806529442 0.3534890697305172 0.321449574216896
2 0.11678194403941011 0.11231908276682023 0.0917546296875 0.1122565109375 0.09060637084426316 0.5715340378893801 0.11563368519617326 0.5715966097187002
2 0.15469715876556625 0.62754235190445 0.09039813761972831 0.6273331763294785 0.08918791009859026 0.9993481450156908 0.15348693124442817 0.9995573205906624
2 0.2273849153186819 0.23773345442060112 0.14224862397624438 0.23374836504354973 0.11908860846985206 0.728532205778011 0.20422489981228958 0.7325172951550625
2 0.44498353906249993 0.9993489578125001 0.23410545312500006 0.7343131515625001 0.20102509850135625 0.7606338286207069 0.41190318443885615 1.025669634870707
2 0.39935591575015117 0.7095883534048386 0.3280948804068061 0.617823248450712 0.307479191219155 0.6338325512958733 0.37874022656250006 0.72559765625
2 0.45613705132509247 0.8269736916985895 0.4131516461131691 0.7161248416393774 0.38863794169969246 0.7256308628285529 0.4316233469116158 0.8364797128877651
1 0.4315512435278775 0.27323244586723233 0.3773896809469502 0.26908382067575476 0.3346074147810065 0.8276193063736912 0.38876897736193383 0.8317679315651689
1 0.4582920397707683 0.7876590484875227 0.4332507476482291 0.13788865055988805 0.39510368730496237 0.13935878783409836 0.42014497942750156 0.7891291857617329
1 0.462297342488743 0.8937022594058469 0.44688958517060196 0.8804761458155743 0.34747328544274325 0.9962911363053741 0.36288104276088434 1.0095172498956466
1 0.4631805534758599 0.8530356234835772 0.4418253912891597 0.8332578958608758 0.29655525754572065 0.9901145037663224 0.31791041973242085 1.0098922313890237
1 0.2926385244345318 0.08662418000387215 0.20243321489562888 0.08632807037084557 0.20070034581356375 0.614220359251751 0.29090565535246665 0.6145164688847775
1 0.21384598127015622 0.6105905622901332 0.13998508039047827 0.6021349910277172 0.09498067348376704 0.9952563940085385 0.168841574363445 1.0037119652709543
2 0.4093502433922655 0.13231275672201706 0.3369897571291105 0.06725436680604564 0.3102251433576989 0.09702301723908432 0.3825856296208539 0.16208140715505576
1 0.76936643594636 0.37382116488027217 0.7528905624167476 0.03140666601961341 0.638372912273934 0.036916883393408664 0.6548487858035464 0.37933138225406743
2 0.7016676953125001 0.25910937500000003 0.7016265432589845 0.24278122086655363 0.6531208405198005 0.2429034704030668 0.653161992573316 0.2592316245365132
2 0.7289758234375001 0.8534954421875 0.6803843103444095 0.8534627726454105 0.6803737576348795 0.8691584968733552 0.7289652707279701 0.8691911664154448
1 0.7717173213250679 0.4955320050708048 0.3388247018644347 -0.05718525432253037 0.1378005670911181 0.10025847083333676 0.5706931865517514 0.6529757302266719
2 0.5768077539223635 0.05764572867155689 0.35474195424612415 -0.015147124372065534 0.31832348295068025 0.09595302644030156 0.5403892826269197 0.16874587948392397
2 0.5093034984374999 0.000005207812500062324 0.47313201028114166 -0.00006472903624604453 0.47305536340614174 0.039577199088753956 0.5092268515624999 0.039647135937500064
2 0.6308364203124999 0.9993489578124999 0.6305709874999998 0.976068359375 0.5972651311003749 0.9764480947654199 0.5975305639128748 0.9997286932029198
0 0.13033981603346323 0.11448813286895428 0.12523731537031163 0.052492767325353115 0.08013602539802157 0.05620480870094195 0.08523852606117316 0.1182001742445431
0 0.23721444171352948 0.11503967136218338 0.22442222190815136 0.05944877071265111 0.17923531584454777 0.06984689033180957 0.19202753564992586 0.12543779098134183
0 0.33851326102812773 0.11295320746840054 0.3343807643847851 0.054179827102118085 0.28776560947044966 0.057457449896857006 0.2918981061137923 0.11623083026313945
0 0.2363488084599646 0.2415005921087733 0.22654308476662233 0.18255132492982357 0.17909591062055935 0.1904437704507125 0.1889016343139016 0.2493930376296622
0 0.40792181093749996 0.12304687500000004 0.386831275 0.12304687500000004 0.386831275 0.14973958281250005 0.40792181093749996 0.14973958281250005
0 0.40792181093749996 0.2415364578125001 0.386831275 0.2415364578125001 0.386831275 0.27018229218750006 0.40792181093749996 0.27018229218750006
0 0.5087375598144324 0.025787722275484953 0.4769591467420007 0.02254786656055573 0.4727072429294486 0.06425304345374297 0.5044856560018802 0.0674928991686722
0 0.5703051322183319 0.023310406172789823 0.535966810571335 0.022406019939645534 0.5347652255103658 0.06802857897212707 0.5691035471573627 0.06893296520527134
0 0.6589506171874999 0.00455729218750008 0.63580246875 0.004557292187500078 0.63580246875 0.039062500000000076 0.6589506171874999 0.039062500000000076
0 0.7057613171875 0.009114582812500086 0.6882716046875 0.009114582812500084 0.6882716046875 0.03190104218750009 0.7057613171875 0.03190104218750009
0 0.7062757203125 0.04622395781250009 0.6882716046875 0.04622395781250009 0.6882716046875 0.07161458281250009 0.7062757203125 0.07161458281250009
0 0.6613576855857384 0.1266886596587481 0.6369483091989661 0.123334500484565 0.6324246715959582 0.15625457587605887 0.6568340479827305 0.15960873505024192
0 0.7269128759540863 0.16564674754495662 0.7092764030828947 0.1512974313366918 0.694888620372169 0.16898118265775883 0.7125250932433606 0.18333049886602365
0 0.6579218109375 0.2415364578125001 0.6404320984375 0.2415364578125001 0.6404320984375 0.26236979218750006 0.6579218109375 0.26236979218750006
0 0.723251028125 0.19270833281250008 0.699588478125 0.19270833281250008 0.699588478125 0.22330729218750006 0.723251028125 0.22330729218750006
0 0.7252047424336842 0.25963091093472995 0.7187869788795485 0.23120221145269904 0.6949433299220708 0.2365849023272369 0.7013610934762065 0.2650136018092678
0 0.7220922763878581 0.27597305014210766 0.704624958572498 0.27413287240241574 0.7019455451275022 0.2995663754782256 0.7194128629428623 0.30140655321791754
0 0.7215457626833985 0.3160979329848492 0.7043520988579777 0.3129892550109541 0.6999066999897466 0.337576135463709 0.7171003638151675 0.34068481343760404
0 0.721097721357575 0.3543634245252896 0.7010706935488232 0.3521028766223807 0.6980942859135193 0.3784719698876496 0.7181213137222711 0.3807325177905585
0 0.721193415625 0.3925781250000001 0.7001028812500001 0.3925781250000001 0.7001028812500001 0.4212239578125 0.721193415625 0.4212239578125
0 0.72170781875 0.431640625 0.6990740734374999 0.431640625 0.6990740734374999 0.4596354171875 0.72170781875 0.4596354171875
0 0.72170781875 0.47265625 0.699588478125 0.47265625 0.699588478125 0.5013020828125 0.72170781875 0.5013020828125
0 0.7216064215430823 0.5387056691291681 0.7203700402092785 0.5105393477143997 0.6988066518094962 0.5114858884613597 0.7000430331432999 0.539652209876128
0 0.722147024308716 0.577123169900245 0.7205180841703921 0.5488077900502175 0.6990118307153516 0.5500450116472235 0.7006407708536755 0.5783603914972509
0 0.7231165046370912 0.5910355438921915 0.6987357745767566 0.5882835752559619 0.6954626516450613 0.6172814081532475 0.7198433817053959 0.620033376789477
0 0.7221861455824652 0.6311789879872174 0.7014335007474319 0.6288365385378574 0.6982199967285231 0.6573061849580116 0.7189726415635564 0.6596486344073716
0 0.7240309048400958 0.6718121842700301 0.7021200638331735 0.6689268069681832 0.6982522999045799 0.6982976488464633 0.7201631409115022 0.7011830261483102
0 0.7192199352542128 0.7081918370616035 0.6993198827200223 0.7066943615198433 0.6972738559218563 0.7338841483540287 0.7171739084560466 0.7353816238957889
0 0.6654861655004739 0.7317665420056295 0.663968549038396 0.7154403041219473 0.6530786234420898 0.7164525845060445 0.6545962399041677 0.7327788223897269
0 0.6513740715945489 0.7337791601814618 0.6477074311755355 0.7152167833149602 0.6333499424298108 0.718052828985685 0.6370165828488241 0.7366152058521866
0 0.6285118586818358 0.7176140221259961 0.6170568086973587 0.7166475013919411 0.6158823077025881 0.7305675003406125 0.6273373576870653 0.7315340210746675
0 0.8627199095316109 0.8457600370762611 0.8406617723621267 0.8445981273478351 0.8390544356344964 0.8751124204535874 0.8611125728039808 0.8762743301820134
0 0.9094650203124999 0.7102864578125001 0.8873456796875001 0.7102864578125001 0.8873456796875001 0.7363281250000002 0.9094650203124999 0.7363281250000002
0 0.9109333737755912 0.6736507805339992 0.8880480704616825 0.6700343387165283 0.8840455254975028 0.6953629517997795 0.9069308288114115 0.6989793936172505
0 0.9103675521678853 0.6341521525505864 0.8902431908673458 0.6313461421687617 0.8867704037411743 0.6562525442617896 0.9068947650417138 0.6590585546436143
0 0.9079218109375 0.5924479171875002 0.8904320984374999 0.5924479171875002 0.8904320984374999 0.6158854171875002 0.9079218109375 0.6158854171875002
0 0.9079218109375 0.5520833328125001 0.8883744859375 0.5520833328125001 0.8883744859375 0.5781250000000002 0.9079218109375 0.5781250000000002
0 0.9089924079630858 0.5141459677559613 0.8904935576633737 0.5126074024738871 0.888400606443405 0.5377718798957368 0.9068994567431172 0.539310445177811
0 0.9089081523371328 0.47405971645648376 0.8898990347592811 0.47298689176590897 0.8884356112482215 0.49891693404804993 0.9074447288260732 0.4999897587386247
0 0.9082794457593326 0.45705238165066026 0.9068810525078318 0.43525175831256846 0.8879040196300061 0.4364690333555023 0.8893024128815069 0.4582696566935941
0 0.9080561980046611 0.4187764270483093 0.908050857080986 0.3955339839017716 0.8894652521714355 0.39553825472204 0.8894705930951105 0.4187806978685778
0 0.9085103591813946 0.35518978313366467 0.8894934303095944 0.35368551683504845 0.8875774500121303 0.37790733252696634 0.9065943788839304 0.37941159882558256
0 0.9106155659633295 0.3171036072970079 0.8927464379655504 0.3144563296707526 0.8890486041974464 0.3394167132215443 0.9069177321952255 0.34206399084779965
0 0.3343621406250001 0.5690104171875 0.2865226343750001 0.5690104171875 0.2865226343750001 0.6315104171875 0.3343621406250001 0.6315104171875
0 0.24686815649992427 0.44649045278856325 0.20291895787602537 0.4197089085637991 0.1734531814421159 0.46806300085336316 0.2174023800660148 0.4948445450781273
0 0.1268820285961584 0.5674983163627362 0.08069703003943277 0.5666496689633707 0.07955176078730015 0.6289773904603682 0.12573675934402578 0.6298260378597337
0 0.2311085456518903 0.6379178177163379 0.2264579824833984 0.5770972115230057 0.18114017167019217 0.5805623749772246 0.18579073483868408 0.6413829811705569
0 0.23556200624319867 0.7034324204726677 0.18672798444888022 0.6979202928199539 0.17984247295359407 0.7589216410489432 0.22867649474791252 0.764433768701657
0 0.23508230468750008 0.94140625 0.18518518593750014 0.94140625 0.18518518593750014 0.9993489578125001 0.23508230468750008 0.9993489578125001
0 0.6707818937500002 0.966796875 0.6296296296875001 0.966796875 0.6296296296875001 0.9993489578125001 0.6707818937500002 0.9993489578125001
0 0.6527777781250002 0.8515625 0.6383744859375001 0.8515625 0.6383744859375001 0.8684895828125001 0.6527777781250002 0.8684895828125001
0 0.6865152284337894 0.8516093684645666 0.6700538698030885 0.8490080655592218 0.6670803546349411 0.8678248282961295 0.6835417132656421 0.8704261312014744
0 0.7489953486332631 0.872017304665184 0.7474023982856857 0.8481034026548315 0.7276391957063781 0.849419867044638 0.7292321460539556 0.8733337690549906
0 0.9279835390625 0.9694010421874999 0.8924897125 0.9694010421874999 0.8924897125 0.9993489578125001 0.9279835390625 0.9993489578125001
0 0.9114938744520579 0.15626012591003183 0.8906287102386253 0.15278937862104375 0.8859143291897699 0.18113092197142172 0.9067794934032024 0.18460166926040977
0 0.9086324141564598 0.19546061123238515 0.8884602998511649 0.19476763488194843 0.8875407631247901 0.22153478204456353 0.9077128774300849 0.22222775839500025
0 0.9108334801389031 0.261681367776098 0.9083221176684375 0.23307537033900524 0.8855211716197161 0.2350770988340102 0.8880325340901816 0.26368309627110303
0 0.9094650203124999 0.2734375000000001 0.8873456796875001 0.2734375000000001 0.8873456796875001 0.3027343750000001 0.9094650203124999 0.3027343750000001
2 0.48302469062500003 0.6067708328125 0.45113168750000004 0.6067708328125 0.45113168750000004 0.6295572921875 0.48302469062500003 0.6295572921875
2 0.48251028749999997 0.6477864578125 0.45113168750000004 0.6477864578125 0.45113168750000004 0.6692708328125 0.48251028749999997 0.6692708328125
2 0.48251028749999997 0.6875 0.450617284375 0.6875 0.450617284375 0.7083333328125 0.48251028749999997 0.7083333328125
2 0.48251028750000013 0.7265625 0.4511316875000002 0.7265625 0.4511316875000002 0.7486979171875 0.48251028750000013 0.7486979171875
2 0.4823606432479214 0.7869187971951896 0.481700064422117 0.7660412613277903 0.45064036917731387 0.7670240103047274 0.4513009480031183 0.7879015461721267
2 0.4829618467842902 0.8256771919323853 0.4808077506735026 0.8035511679811582 0.4463523898860403 0.8069055961799011 0.4485064859968279 0.8290316201311281
2 0.482080672542481 0.8460006056172047 0.4485939552948711 0.8446334553725284 0.44771827997882846 0.8660820794891638 0.48120499722643845 0.86744922973384
2 0.4819958843750002 0.884765625 0.44907407343750017 0.884765625 0.44907407343750017 0.9069010421874999 0.4819958843750002 0.9069010421874999
2 0.5793208194293358 0.6301347657689553 0.5749630128235605 0.6037368572076411 0.5421598542728269 0.6091520521535079 0.5465176608786021 0.6355499607148221
2 0.5770926713850278 0.6694570255509941 0.5757090504597837 0.64669213291858 0.5433420690463733 0.648659356462908 0.5447256899716175 0.6714242490953221
2 0.5761316875 0.6881510421875 0.5442386828125 0.6881510421875 0.5442386828125 0.7096354171875 0.5761316875 0.7096354171875
2 0.5764719701787927 0.7478470819904629 0.5757543556417638 0.7263009443524514 0.5440049878703566 0.727358387140436 0.5447226024073855 0.7489045247784475
2 0.577472524969334 0.7679057489674502 0.5447237289374505 0.7666497571443807 0.543922873971334 0.7875312911279126 0.5766716700032176 0.7887872829509821
2 0.5756172843750001 0.8059895828125001 0.5416666671875002 0.8059895828125001 0.5416666671875002 0.828125 0.5756172843750001 0.828125
2 0.5775838890158154 0.8467167790023256 0.5441998964287833 0.8453964149048498 0.543347481981206 0.8669488015937994 0.576731474568238 0.868269165691275
2 0.5784623234939723 0.9066349592127996 0.5777264711488402 0.8845411844313767 0.5434945751925637 0.8856813074373797 0.5442304275376959 0.9077750822188022
0 0.5096644225705489 0.4478879306702213 0.4954385803299733 0.421186829042003 0.4721975112031819 0.4335692313677047 0.4864233534437575 0.46027033299592296
0 0.5407615320063719 0.44178674945062185 0.5208406592894612 0.42119972108662906 0.5004504778644765 0.44093011644336133 0.5203713505813872 0.4615171448073541
0 0.5647625949461224 0.45408006627426767 0.5635376747775825 0.4238936456990877 0.5402551771317324 0.4248384149164036 0.5414800973002722 0.4550248354915836
0 0.9233539093750001 0.83984375 0.8966049375 0.83984375 0.8966049375 0.8743489578125001 0.9233539093750001 0.8743489578125001
0 0.0802469140625001 0.8411458328125001 0.05452674843750012 0.8411458328125001 0.05452674843750012 0.8736979171874999 0.0802469140625001 0.8736979171874999
0 0.407620460117981 0.7196899489704947 0.3902346346506568 0.6961143013980373 0.37062029899462523 0.7105788634137875 0.3880061244619495 0.7341545109862448
0 0.4031587298693113 0.8289299666876175 0.3836469069547077 0.8207077001208619 0.3741729462826659 0.8431898516580307 0.3936847691972695 0.8514121182247865
0 0.6563786015625 0.20117187500000008 0.6399176953125 0.20117187500000008 0.6399176953125 0.22265625000000008 0.6563786015625 0.22265625000000008
0 0.9280576423882362 0.06462726490923157 0.92011139445652 0.04453602002406769 0.9032046643759095 0.0512227668982916 0.9111509123076257 0.07131401178345546
0 0.925411521875 0.009114582812500112 0.9074074078125 0.00911458281250011 0.9074074078125 0.03190104218750011 0.925411521875 0.03190104218750011