2 0.8498760436839541 0.4766977840704416 0.8458177209116402 0.2216825895177211 0.8330543133905121 0.2218857069338663 0.837112636162826 0.4769009014865868
2 0.8670057402316317 0.4347087358451608 0.8383343452590466 0.26098318680540694 0.4508521170403024 0.32493265233609125 0.47952351201288745 0.49865820137584516
2 0.8138570545162496 0.19035099083556078 0.7197565516074841 0.18830553036951322 0.7193438592365956 0.20729126013150828 0.8134443621453611 0.20933672059755581
2 0.8325708036848424 0.3487670006711679 0.8131817935108854 0.33398025294853906 0.5366144046009783 0.6966271322993391 0.5560034147749352 0.711413880021968
2 0.8163007556351174 0.2885122358017912 0.7962038933851797 0.27364386072302027 0.4905811159787191 0.6867393621104302 0.5106779782286568 0.7016077371892011
2 0.7668840209776775 0.4432768764525578 0.7308177881072258 0.41036034924023435 0.4418865052131046 0.7269387921968903 0.4779527380835563 0.7598553194092138
1 0.7622480312689648 0.4668163594923517 0.7043780859375002 0.4088170578125002 0.4445283660453492 0.668087232608054 0.5023983113768138 0.7260865342879056
2 0.8470569354097078 0.7149076171262447 0.8440911659586365 0.49580438374721575 0.8370428251235531 0.4958997897054348 0.8400085945746243 0.7150030230844638
2 0.8207278830174648 0.7236347362975102 0.6305602296783772 0.7193199695452202 0.6303054003225125 0.7305512372796763 0.8204730536616001 0.7348660040319663
2 0.9213381004876847 0.9213987957984033 0.66330505543373 0.6359743254577885 0.5669690019825311 0.723065264755421 0.8250020470364857 1.008489735096036
2 0.7915557467271295 0.7966076020691085 0.7858911673446625 0.7329911481787013 0.5300793753982633 0.7557693150496155 0.5357439547807303 0.8193857689400229
2 0.5329750109669036 0.7648118158662575 0.2989823668199968 0.759015900300333 0.29761258601305507 0.8143166770753428 0.5316052301599619 0.8201125926412672
2 0.4913571196000642 0.8274994335464052 0.4912938335780119 0.8238103463800236 0.3657300782311178 0.8259643834714373 0.36579336425317 0.8296534706378189
2 0.8042446522347856 0.8266700839394714 0.8019811521022424 0.7513599922429256 0.4940520360536881 0.7606150280460723 0.4963155361862312 0.8359251197426181
2 0.7926546077141149 0.8974256417145808 0.629251993783633 0.7683618129308709 0.5912315197382256 0.8164980328186828 0.7546341336687077 0.9455618616023929
1 0.8215439172949187 0.5932387631793403 0.7258438900888832 0.4643474923113297 0.7174627692398099 0.47057036130681623 0.8131627964458454 0.5994616321748268
1 0.8228809911112958 0.6389338960632149 0.6898919749999999 0.4776569015625002 0.6874250792012041 0.47969110393678555 0.8204140953125 0.6409680984375002
1 0.7593254719975673 0.9987356021372216 0.7545149868123118 0.5588789670682506 0.5976714960858882 0.5605942834426981 0.6024819812711437 1.0004509185116692
2 0.8064074052937962 0.30286456582850546 0.7855178996302319 0.27578852402293674 0.5585451067839381 0.45090087891162245 0.5794346124475024 0.47797692071719117
1 0.8202636196444633 0.35982760715280154 0.7926711567787921 0.28639565711701304 0.7772346110619024 0.2921960248623872 0.8048270739275736 0.3656279748981757
2 0.44101086685574825 0.3149731554002927 0.3964146734337571 0.2631328013292254 0.21838781735570487 0.41628222035290496 0.262984010777696 0.46812257442397226
2 0.5189001066193668 0.41320971648658844 0.42557921875 0.32505078125000003 0.41399702592906057 0.3373111439077796 0.5073179137984274 0.425470079144368
2 0.4224166612707834 0.3701596162799416 0.41042962897295376 0.32469810522967374 0.25316315671990797 0.36616523288802444 0.26515018901773757 0.41162674393829235
1 0.7153301697091433 0.22606452792197448 0.7109338680707913 0.22273399852713954 0.636832607736648 0.3205477252926651 0.6412289093749999 0.3238782546875001
2 0.6208009265625001 0.33703841093750003 0.620703703125 0.33394466093749997 0.608772606112667 0.3343196046998225 0.6088698295501671 0.33741335469982253
2 0.588613224810194 0.33550071821599603 0.57797788125 0.3354095046875 0.577950561127306 0.3385949849090041 0.5885859046874999 0.3386861984375001
2 0.5595413231963156 0.3369897561024585 0.45307407343749995 0.22438606718749998 0.4429835346515237 0.2339267130000799 0.5494507844103392 0.3465304019150385
1 0.5608682769676931 0.3053614570048223 0.5530273298177916 0.30506076448820213 0.549320472917479 0.40172186325546877 0.5571614200673805 0.402022555772089
1 0.5911931933307898 0.3063521782713724 0.5831634001812211 0.3059945553671718 0.5788727754550491 0.4023329851179261 0.5869025686046176 0.40269060802212664
1 0.6231442323929628 0.30378216899222493 0.6157366702679876 0.3034703971471887 0.6116576007821208 0.40038729682791985 0.619065162907096 0.400699068672956
1 0.8204837097827676 0.39925932326746577 0.803890240603336 0.3442820940137744 0.5812178718953429 0.41149004787803756 0.5978113410747745 0.466467277131729
1 0.8245904278134232 0.7305571426775388 0.7889104017304798 0.7254139964546127 0.7500389711163027 0.9950803831524568 0.7857189971992459 1.0002235293753832
1 0.7678589061537127 0.7866300755639407 0.7374393018259139 0.7757778388523265 0.6613165998211015 0.9891552777051977 0.6917362041489004 1.000007514416812
1 0.8031220345123282 0.8685484843253697 0.7951990698433831 0.8058567586326075 0.7878108975318241 0.8067904740080534 0.7957338622007692 0.8694821997008155
2 0.8282437415390665 0.9097331218601387 0.825892685868476 0.8161896276636892 0.5492390972769623 0.8231428422494235 0.5515901529475529 0.9166863364458729
1 0.718186314916813 0.7202009726905879 0.7105812608535121 0.7200349607396536 0.7096678782318153 0.7618772749790097 0.7172729322951161 0.762043286929944
2 0.7047739979581723 0.7872490368751957 0.6952425291595972 0.7767840918217368 0.6551158333281004 0.8133314742832823 0.6646473021266756 0.8237964193367413
1 0.7264229379206445 0.8326606221891419 0.7012945003636226 0.8225561542529022 0.6458480192662082 0.960444012060432 0.67097645682323 0.9705484799966717
2 0.8298868288407606 0.9146348355346164 0.47141044647375885 0.9056028231754512 0.47011483874355725 0.9570248932103889 0.8285912211105588 0.9660569055695541
1 0.6495438624999044 0.9994842356308278 0.6266935361742132 0.8239759886234232 0.6087475388781478 0.8263124708198284 0.6315978652038391 1.001820717827233
1 0.641817392224745 0.7947238616466846 0.5994898778008897 0.7856499364785579 0.55437252310596 0.996110728939566 0.5967000375298153 1.0051846541076928
1 0.6141212637583713 0.7182343145653449 0.5976300263715733 0.7145534688710281 0.5777606633884014 0.8035738758350739 0.5942519007751995 0.8072547215293907
2 0.5949393146070373 0.9042836366376324 0.5929457456694361 0.8150673450841909 0.36382954911668514 0.8201870258576882 0.36582311805428624 0.9094033174111298
1 0.378689100246867 0.9347548122744029 0.3752825662069184 0.7368369307018501 0.3589691282959463 0.7371177152429474 0.36237566233589497 0.9350355968155004
1 0.4241726696135716 0.4838648404642355 0.3875952496969962 0.481299072412663 0.35308308460433624 0.9733022190146089 0.38966050452091167 0.9758679870661814
1 0.4826226698332917 0.7001260808851508 0.4779887637961548 0.4239060307034558 0.40665433106256516 0.4251027470833221 0.41128823709970197 0.7013227972650171
2 0.47470697982470933 0.4241627722332127 0.4173435913105264 0.41649001690483745 0.3789181616825483 0.703767892223306 0.43628155019673126 0.7114406475516813
1 0.5189053616912073 0.45616864307260874 0.4663630210426306 0.42786726812283804 0.4594328605193551 0.4407333163487463 0.5119752011679318 0.469034691298517
2 0.46289378331021824 0.43203829462679877 0.43655554750822106 0.40743108408269063 0.22153059076050288 0.6375822425808918 0.24786882656250006 0.662189453125
1 0.4569039469801132 0.4560128042469286 0.3581660960883907 0.43405105896379015 0.2686626977469924 0.8364495516974497 0.36740054863871496 0.8584112969805879
2 0.3929761020232638 0.4843178958776731 0.33273724229768487 0.4774324179866551 0.3034145451905933 0.7339673841527576 0.3636534049161722 0.7408528620437757
1 0.3279660694903339 0.837279323982077 0.3229141978434907 0.4860934858327627 0.29296603133109217 0.4865242956116428 0.2980179029779354 0.8377101337609572
2 0.5616744020277037 0.4692894925587893 0.47509643303602456 0.42285385833717803 0.19006109547407163 0.9542944433671645 0.2766390644657507 1.0007300775887757
2 0.36191333409868476 0.45903549087305534 0.2655419764419955 0.43573731931631315 0.13470087672658876 0.976952941587711 0.23107223438327798 1.000251113144453
2 0.32762920569284376 0.48915400356521416 0.25386087358236414 0.4759754909223348 0.16262698640711273 0.9866683036283614 0.23639531851759235 0.9998468162712408
2 0.43860509990699176 0.22583903044966527 0.4360318860701362 0.2238788042183053 0.3565982515625 0.3281523437500001 0.35917146539935557 0.33011256998136
2 0.3464215953082202 0.3433637587075815 0.34633607325329463 0.340437224487462 0.33523199531250003 0.34076171875 0.33531751736742554 0.3436882529701195
2 0.31511713385892687 0.3440496572792504 0.31507292731136416 0.3417440609111584 0.3045900528274373 0.341945055194408 0.304634259375 0.3442506515625
1 0.3503388236764593 0.3107092978923708 0.3397630523104707 0.3102698967565144 0.3356539988442243 0.4091690721192611 0.34622977021021295 0.40960847325511746
1 0.3185235354232043 0.31142230100136825 0.31036305861913205 0.311180145054817 0.3074267783024466 0.4101306261634652 0.3155872551065188 0.4103727821100164
1 0.2872807917983459 0.31314953777866295 0.27966475425201875 0.3129890446067103 0.27759773530139975 0.41107729188449493 0.285213772847727 0.41123778505644754
1 0.26090593635341547 0.23206271325071642 0.22788165106561004 0.23191878546730466 0.22453744283719473 0.9992486503415885 0.2575617281250001 0.9993925781250003
1 0.5316578806318345 0.5696535195214893 0.4810719194836886 0.5690909262517648 0.48078410441616837 0.5949700161856997 0.5313700655643143 0.5955326094554243
1 0.5487733533783832 0.8676214898523942 0.5486153990561948 0.8309176896940412 0.545222221875 0.8309322921875 0.5453801761971884 0.8676360923458528
1 0.43339301178459533 0.8861658895969947 0.4168394596156701 0.8813928996212832 0.3839336120784832 0.9955160523287858 0.40048716424740843 1.0002890423044977
2 0.4677928707982163 0.9251319376441607 0.4663822015625 0.9240475265624999 0.40905949301520017 0.9986164634012589 0.41047016225091654 0.9997008744829197
1 0.42445791800757443 0.9474180084785668 0.41273625237376094 0.9431816910844635 0.3936306267836991 0.996045944174484 0.4053522924175126 1.0002822615685873
1 0.5401106298265426 0.9373571966449546 0.5399725670934981 0.9319713456212055 0.51861316875 0.9325188796874999 0.5187512314830445 0.937904730711249
1 0.501786891430322 0.9386125989903359 0.5016901068055317 0.9347242063005698 0.47734876562500006 0.9353300781249999 0.47744555024979024 0.939218470814766
1 0.46115289974230034 0.9398538233522189 0.4609941546641846 0.9355329043056028 0.4373983533593842 0.9363997840783836 0.4375570984375 0.9407207031249998
1 0.46505011453625295 0.15346087043069004 0.45028320112369613 0.1426559209502018 0.40720368988732314 0.20153184752732836 0.42197060329987995 0.21233679700781657
1 0.43497220352597205 0.15474637175555817 0.418904497522054 0.14267879825949076 0.37680740756175524 0.1987301382677368 0.3928751135656733 0.21079771176380419
1 0.40213098365314065 0.15530454053384787 0.38745426912988185 0.14441496644710305 0.3462481823517412 0.19995157122575521 0.36092489687499996 0.21084114531250003
1 0.3706189475715691 0.1561054138235704 0.3563824966477049 0.1458156899784502 0.31626149126363584 0.20132551052987985 0.33049794218750006 0.21161523437500004
2 0.5207238533239925 0.20926860190827906 0.5205673266436008 0.18453695685355825 0.26320557776056447 0.1861658003907896 0.26336210444095626 0.21089744544551042
1 0.684029530959813 0.20131393134920078 0.6807357727157946 0.13277636967348236 0.670715400948865 0.13325792579115714 0.6740091591928834 0.20179548746687553
1 0.6517151008659964 0.20061433702563208 0.6504002810750478 0.13366841612114894 0.639740340346372 0.13387777766029935 0.6410551601373207 0.2008236985647825
1 0.6256096186286962 0.20078641336916578 0.6185963078152478 0.13420460875678497 0.6080391579365515 0.1353166328876192 0.61505246875 0.2018984375
1 0.5889480424961514 0.20193569710853954 0.5879032879216276 0.14126560654058962 0.5654693054575975 0.14165192549255873 0.5665140600321213 0.20232201606050865
1 0.7263420781249998 0.810767578125 0.7262485745609941 0.8072656965378104 0.7159861109375 0.8075397140624998 0.7160796145015058 0.8110415956496894
1 0.7978002522693213 0.9991387305806562 0.7958709956382892 0.8993303428996965 0.7925733152439679 0.8993940857565403 0.794502571875 0.9992024734375
2 0.8062613304173498 0.9463913831740426 0.8045771609375001 0.9450533859375 0.7621808013307418 0.9984187090908959 0.7638649708105916 0.9997567063274385
0 0.5806018515625 0.11077473906250009 0.559151234375 0.11077473906250009 0.559151234375 0.1376888015625001 0.5806018515625 0.1376888015625001
0 0.6158666241435025 0.11327200825325659 0.5938954424662655 0.10758669197988575 0.5869823556588074 0.13430265269232605 0.6089535373360444 0.1399879689656969
0 0.6505314847742347 0.12027663563249949 0.632119628038916 0.10556311698401152 0.6163021993786031 0.1253563586532797 0.634714056113922 0.14006987730176768
0 0.6754453279857484 0.1361520014398761 0.6735731488433299 0.10677805936708955 0.6520312608270202 0.10815105429342646 0.6539034399694389 0.13752499636621301
0 0.6934080732413059 0.20557150582752373 0.6756003460764382 0.1976870246109752 0.6662607174500061 0.21878131779688742 0.6840684446148739 0.22666579901343592
0 0.6638364986875278 0.21401226019790176 0.6500840683560853 0.19704559669640967 0.6338384617586111 0.2102135700521693 0.6475908920900537 0.2271802335536614
0 0.630505197818914 0.22189731891950898 0.6225345113217323 0.19949220699127096 0.6051251442353782 0.20568564211465423 0.6130958307325598 0.2280907540428922
0 0.59465020625 0.20117187500000008 0.5761316875 0.20117187500000008 0.5761316875 0.2259114578125001 0.59465020625 0.2259114578125001
0 0.5617283953125 0.20312500000000008 0.54783950625 0.20312500000000008 0.54783950625 0.2239583328125001 0.5617283953125 0.2239583328125001
0 0.5377545087246499 0.21393570228802608 0.5219198461536745 0.2014243620249941 0.5084245903700072 0.2185042924841462 0.5242592529409826 0.23101563274717823
0 0.46317004525021677 0.1128797529666707 0.440631911179065 0.11014007580998508 0.43702073519170714 0.13984765225160367 0.45955886926285894 0.14258732940828928
0 0.42952674843749994 0.11328125000000004 0.4094650203125 0.11328125000000004 0.4094650203125 0.14062500000000006 0.42952674843749994 0.14062500000000006
0 0.3696032421454655 0.14405017575416407 0.36879718941464407 0.11344535118421795 0.34328333621353185 0.11411732076207107 0.34408938894435337 0.1447221453320172
0 0.2633744859375 0.21028645781250002 0.24588477343749998 0.21028645781250002 0.24588477343749998 0.232421875 0.2633744859375 0.232421875
0 0.4002115683548519 0.11816973928873946 0.3790727586441699 0.11528891992116733 0.3757110067959543 0.13995670486245393 0.39684981650663625 0.14283752423002608
0 0.480452675 0.20898437500000008 0.46965020625 0.20898437500000008 0.46965020625 0.22330729218750006 0.480452675 0.22330729218750006
0 0.45216049375 0.20703125000000008 0.43518518593750005 0.20703125000000008 0.43518518593750005 0.22721354218750006 0.45216049375 0.22721354218750006
0 0.42232510312500005 0.2083333328125001 0.403806584375 0.2083333328125001 0.403806584375 0.23111979218750006 0.42232510312500005 0.23111979218750006
0 0.3888888890625 0.2083333328125001 0.3724279828125 0.2083333328125001 0.3724279828125 0.23046875000000008 0.3888888890625 0.23046875000000008
0 0.3608228842482314 0.21061344060776827 0.3432150337518689 0.20713534746513212 0.33874781127786624 0.22975066632821842 0.3563556617742287 0.23322875947085456
0 0.3281517484375 0.20833333281250002 0.3101851859375 0.20833333281250002 0.3101851859375 0.23307291718749998 0.3281517484375 0.23307291718749998
0 0.2942386828125 0.21158854218749998 0.28034979375 0.21158854218749998 0.28034979375 0.22981770781250002 0.2942386828125 0.22981770781250002
0 0.3047352196877154 0.3145186766629898 0.3030609870196985 0.2933291634193901 0.2834329072860263 0.29488002359832693 0.28510713995404313 0.3160695368419267
0 0.3325239005213741 0.29345711300037863 0.31751758571195376 0.29275965203793813 0.31653006146825996 0.31400686224874236 0.3315363762776803 0.3147043232111829
0 0.36419753125 0.29036458281250005 0.34670781875 0.2903645828125 0.34670781875 0.3138020828125 0.36419753125 0.31380208281250005
0 0.36542995495580904 0.3317260789905353 0.35013333352022336 0.3301145835934855 0.34778172175114136 0.3524365306874516 0.36307834318672705 0.3540480260845014
0 0.33243867370406327 0.3526934932276814 0.331711453384428 0.3324449473446801 0.3179572152261615 0.33293892659275004 0.31868443554579684 0.35318747247575133
0 0.3045 0.35359375000000004 0.30394899456251906 0.3314369400121891 0.28439612659122604 0.3319231894576849 0.284947132028707 0.35407999944549584
0 0.45919753124999996 0.3037923171875001 0.4386728390625 0.3037923171875001 0.4386728390625 0.32873372343750007 0.45919753124999996 0.32873372343750007
0 0.4328008910997113 0.31644860552759846 0.41677135412014116 0.3009687748028478 0.4024494830602105 0.31579923166338236 0.41847902003978066 0.3312790623881331
0 0.4900717388602189 0.40539951127221097 0.4725853720306784 0.4012499146831475 0.4672926288169991 0.4235534922436462 0.48477899564653965 0.4277030888327095
0 0.5355815093767307 0.4043375624438415 0.5211029129532558 0.4022575850311842 0.5181893659526451 0.4225386087220978 0.5326679623761199 0.4246185861347551
0 0.5659455269234259 0.40365510205612304 0.5507845723791001 0.4020578967077547 0.5486760618808206 0.42207224981100844 0.5638370164251464 0.4236694551593767
0 0.597392460277199 0.4222965798350873 0.595378649602195 0.4019067421629587 0.5809871401789015 0.4033281254898924 0.5830009508539054 0.423717963162021
0 0.5956790125 0.458984375 0.5766460906249999 0.458984375 0.5766460906249999 0.4850260421875 0.5956790125 0.4850260421875
0 0.5641225315301525 0.4606333103717497 0.5456490631324394 0.45972104053267915 0.5444328304047297 0.48434975881026787 0.5629062988024427 0.48526202864933843
0 0.5373847271354308 0.48484195038109534 0.534911861331025 0.45944167241331985 0.5130002029689884 0.4615749006697212 0.5154730687733943 0.4869751786374967
0 0.5042410064003583 0.463396764935894 0.48687628038904085 0.46065270758090093 0.4829114430258084 0.48574267677075367 0.5002761690371258 0.4884867341257467
0 0.4764414894520198 0.46882606971340934 0.45988851216103377 0.4594840010657227 0.448240949435481 0.4801220255293034 0.464793926726467 0.4894640941769901
0 0.4417396832598938 0.46459165808362163 0.42126550890807896 0.463436149435006 0.4199485910266344 0.486770294397071 0.44042276537844927 0.4879258030456867
0 0.41457868203458237 0.4774561798607757 0.40120874354773894 0.4616103300481167 0.3848140102451833 0.4754433890733424 0.3981839487320268 0.4912892388860014
0 0.45811425975640363 0.4266400833486026 0.45618618111225084 0.40074196045344007 0.43424785930633664 0.40237523750343185 0.4361759379504894 0.4282733603985943
0 0.4269547328125 0.4010416671875 0.40432098749999995 0.4010416671875 0.40432098749999995 0.431640625 0.4269547328125 0.431640625
0 0.3913817228200585 0.40494862247882824 0.3765189314148431 0.40404528128010914 0.37511671249646056 0.42711617333940843 0.38997950390167596 0.4280195145381275
0 0.362909503735304 0.4089183568929256 0.3466693916846754 0.4054793527607258 0.3424696575910381 0.4253118826564915 0.3587097696416667 0.42875088678869144
0 0.3292181062500001 0.40625 0.3137860078125001 0.40625 0.3137860078125001 0.4303385421875 0.3292181062500001 0.4303385421875
0 0.2987315187366692 0.43014828385118165 0.29704387499658674 0.4077210734226496 0.28077308575871107 0.40894544752352163 0.28246072949879353 0.43137265795205365
0 0.26526612254099347 0.4306320120745711 0.2637097111184718 0.40896383897156297 0.24951992233087833 0.4099830826912429 0.2510763337534 0.431651255794251
0 0.28214146366643145 0.46926362329562465 0.26647088400714986 0.46853528864098265 0.26545538344309516 0.4903844240372465 0.28112596310237675 0.49111275869188853
0 0.31918659073898326 0.483252574513472 0.30813402344789464 0.46304709212425504 0.2910479955586 0.4723932918014587 0.3021005628496886 0.49259877419067566
0 0.3492994242187149 0.4843280353216456 0.3402254840989602 0.4630002261848244 0.323076107222171 0.4702964476519621 0.3321500473419257 0.4916242567887833
0 0.3785691292866734 0.46616128099465437 0.3581092675571368 0.4642594178494921 0.35594046606871255 0.4875909486617097 0.37640032779824917 0.48949281180687193
0 0.6291814517229786 0.40158940378626296 0.6145480090604808 0.4003047123925397 0.6127330090424945 0.4209787036914605 0.6273664517049923 0.4222633950851839
0 0.6603434351832613 0.4215743471365694 0.656956007468429 0.40013827244703554 0.6434054988872054 0.40227958651609513 0.6467929266020378 0.423715661205629
0 0.690843621875 0.4010416671875 0.6764403296875 0.4010416671875 0.6764403296875 0.419921875 0.690843621875 0.419921875
0 0.7247809338528777 0.4162794099468048 0.7203206241861674 0.39865842681177915 0.7055644524409368 0.4023935813701002 0.7100247621076471 0.42001456450512575
0 0.7520576125 0.3997395828125001 0.7376543203125 0.3997395828125001 0.7376543203125 0.41731770781250016 0.7520576125 0.41731770781250016
0 0.6255144031250001 0.4615885421875 0.6111111109375 0.4615885421875 0.6111111109375 0.48046875 0.6255144031250001 0.48046875
0 0.7249892656324518 0.4545629586882486 0.7019336115864714 0.45274127513341245 0.6997194406380008 0.4807643416265339 0.7227750946839813 0.4825860251813701
0 0.6911041751276424 0.45782171094642177 0.6737848422487931 0.4553336368170888 0.6705443774390123 0.47789031551935757 0.6878637103178616 0.4803783896486905
0 0.6576995367677095 0.48460805936102175 0.6566715321735217 0.4585866825319881 0.6400821965787504 0.4592420634258585 0.6411102011729382 0.48526344025489215
0 0.640417742833575 0.32627180194620936 0.6239689581197717 0.32390879021461444 0.6210885930820947 0.3439588406517047 0.637537377795898 0.3463218523832996
0 0.6093136242538151 0.34493157016972453 0.6049481087561498 0.323086027712022 0.588476474083196 0.3263776455134974 0.5928419895808614 0.3482231879712
0 0.5787319953125001 0.3494407546875001 0.5779789093750001 0.32365234374999996 0.5585488193434809 0.3242197508540111 0.5593019052809809 0.35000816179151123
0 0.5751028812500001 0.28776041718750006 0.558641975 0.28776041718750006 0.558641975 0.3085937500000001 0.5751028812500001 0.3085937500000001
0 0.6065946603145931 0.30687076020067694 0.6042277290755386 0.28390412385640906 0.5897545073951286 0.2853957275902608 0.5921214386341831 0.30836236393452865
0 0.6379234062534197 0.30581940139180197 0.6352373983394106 0.28542253765468306 0.6197312635245051 0.28746449868189394 0.6224172714385142 0.30786136241901285
0 0.7243639199572232 0.21364808338073232 0.711223827172924 0.19701765843973157 0.69633924549721 0.20877831909441893 0.7094793382815092 0.2254087440354197
0 0.7494855968749999 0.20182291718750006 0.7350823046875 0.20182291718750006 0.7350823046875 0.21875000000000008 0.7494855968749999 0.21875000000000008
0 0.8346296296875 0.1975585937500001 0.8130967078125 0.1975585937500001 0.8130967078125 0.22189453125000008 0.8346296296875 0.22189453125000008
0 0.8315112597400274 0.24282657044632536 0.8195526711893132 0.24110861427535166 0.8173325882264585 0.2565624769231879 0.8292911767771727 0.25828043309416154
0 0.8339628018134757 0.27914265472988287 0.818012993340331 0.2778824234596823 0.8163771737997859 0.2985857729045555 0.8323269822729307 0.29984600417475615
0 0.8344420989198664 0.3193005094507269 0.8187478962981055 0.31806047389262593 0.8171535078710415 0.3382394557521901 0.8328477104928023 0.3394794913102911
0 0.8350373630016534 0.3592523342397288 0.8198719684956728 0.35754054153694065 0.8176498149152008 0.37722740878777333 0.8328152094211815 0.37893920149056154
0 0.836262683015185 0.3983629615415054 0.8191362378973069 0.3975172114824704 0.8180608072843718 0.4192946895609662 0.8351872524022499 0.42014043962000125
0 0.8368817862486857 0.43341844081020586 0.8189466728980044 0.43258485552668413 0.8176862956434692 0.4597026674309556 0.8356214089941505 0.46053625271447746
0 0.8364197531249999 0.47591145781250016 0.8184156375 0.47591145781250016 0.8184156375 0.49804687500000017 0.8364197531249999 0.49804687500000017
0 0.8395298754440971 0.5273878543666515 0.8295445989863142 0.516116997105929 0.8181386840234595 0.5262219262629116 0.8281239604812424 0.5374927835236342
0 0.8387693033445419 0.5552861770366331 0.8197826832200812 0.5543485663772519 0.8187355702658984 0.5755526084703673 0.8377221903903591 0.5764902191297484
0 0.8376933951344364 0.5940317085426038 0.8219486987187622 0.5933405835473271 0.8210024936505758 0.6148963247625666 0.8367471900662501 0.6155874497578433
0 0.8394299828677863 0.6363872013418603 0.822611406308978 0.6350568278583888 0.8208681522091039 0.6570950396120389 0.8376867287679122 0.6584254130955104
0 0.8406978179461682 0.6897520315797955 0.8361890152925696 0.6766894928430446 0.8229488784460781 0.681259597119904 0.8274576810996767 0.6943221358566549
0 0.8411178801355025 0.7150786291586827 0.8257226421671107 0.7139324754521509 0.824217039475003 0.7341558639896169 0.8396122774433946 0.7353020176961487
0 0.8405889921874999 0.7525520828125002 0.822507715625 0.7525520828125002 0.822507715625 0.7744270828125002 0.8405889921874999 0.7744270828125002
0 0.7983539093750002 0.7962239578125001 0.7901234562500001 0.7962239578125001 0.7901234562500001 0.806640625 0.7983539093750002 0.806640625
0 0.818930040625 0.828125 0.8019547328125001 0.828125 0.8019547328125001 0.8502604171874999 0.818930040625 0.8502604171874999
0 0.8199588484375001 0.8671875 0.8014403296875001 0.8671875 0.8014403296875001 0.890625 0.8199588484375001 0.890625
0 0.8010023751380573 0.8983891208604543 0.7960012849041318 0.8904861660222185 0.789386343403714 0.8946721850509078 0.7943874336376394 0.9025751398891437
0 0.8204732515625001 0.9225260421874999 0.8034979421875 0.9225260421874999 0.8034979421875 0.9459635421874999 0.8204732515625001 0.9459635421874999
0 0.8215020578125 0.9615885421874999 0.8024691359375 0.9615885421874999 0.8024691359375 0.9850260421874999 0.8215020578125 0.9850260421874999
0 0.7241962731736576 0.6936271923045609 0.7075629505479687 0.6930013649664828 0.7066564480754889 0.7170945088231289 0.7232897707011778 0.717720336161207
0 0.691872428125 0.6985677078125 0.6779835390625 0.6985677078125 0.6779835390625 0.7174479171875 0.691872428125 0.7174479171875
0 0.6604938265625 0.6946614578125 0.6440329218749999 0.6946614578125 0.6440329218749999 0.7194010421875 0.6604938265625 0.7194010421875
0 0.6307714858407274 0.6970260182811654 0.6137016026310979 0.6954392757658809 0.6115124657217728 0.7189896067188349 0.6285823489314023 0.7205763492341193
0 0.6002744821159874 0.6959610078183899 0.5806102506569231 0.6949251967859913 0.5792194926175647 0.7213278775203066 0.5988837240766289 0.7223636885527052
0 0.5725894447950581 0.7174256748151342 0.5642068382380201 0.6953480283850889 0.5445298853448359 0.7028191215954804 0.5529124919018742 0.7248967680255257
0 0.537650625397829 0.7244924365106551 0.5367816441261484 0.6969973161456265 0.5179527150491576 0.6975924030743792 0.5188216963208382 0.7250875234394077
0 0.5054024711144492 0.7223573381358579 0.5042841922514512 0.6982968627867673 0.4869529545663025 0.6991023812352477 0.48807123342930064 0.7231628565843382
0 0.4754112380227026 0.7244705166945874 0.47452896201761813 0.6976713743304261 0.45521690294720785 0.6983071620767305 0.4560991789522923 0.7251063044408916
0 0.4465651147312932 0.7208153401687627 0.4393814583243877 0.6974363793534839 0.4205282000070638 0.7032294225504158 0.42771185641396936 0.7266083833656947
0 0.41486803864509847 0.7043087913641817 0.39629434827456045 0.700922136879196 0.3923706047893207 0.7224414258740899 0.4109442951598587 0.7258280803590754
0 0.3842911160197657 0.7100156889973898 0.3691578684714715 0.7010478360761923 0.35843464746127696 0.7191432664415551 0.37356789500957116 0.7281111193627525
0 0.2862687323118044 0.7282694833646904 0.285231045529392 0.7033163530104165 0.26744720284041595 0.7040559018460474 0.26848488962282835 0.7290090322003213
0 0.3511466137957536 0.722631015055894 0.34498045348122763 0.7007796918629393 0.3285084526268034 0.705427877104286 0.3346746129413294 0.7272792002972407
0 0.323092327232594 0.7167853744682755 0.30888429014280944 0.7006015318767861 0.294423708680913 0.7132966922868682 0.3086317457706976 0.7294805348783575
0 0.3611111109375001 0.7766927078125 0.3441358031250001 0.7766927078125 0.3441358031250001 0.7994791671875 0.3611111109375001 0.7994791671875
0 0.36213991718750005 0.81640625 0.3441358031250001 0.81640625 0.3441358031250001 0.83984375 0.36213991718750005 0.83984375
0 0.3631687250000001 0.8548177078125001 0.3431069953125001 0.8548177078125001 0.3431069953125001 0.8795572921874999 0.3631687250000001 0.8795572921874999
0 0.3659244610197711 0.8946663305377689 0.34215637896021917 0.8932338779665241 0.34028354624924784 0.9243090021638295 0.3640516283087998 0.9257414547350743
0 0.3701256773247829 0.9460429786193914 0.3516786653400284 0.929038323744115 0.33618579598100584 0.9458453185840783 0.3546328079657604 0.9628499734593545
0 0.36477907058005143 0.9995476092435942 0.362740664472753 0.9737490245955008 0.34265714553713916 0.9753358700838414 0.3446955516444376 1.0011344547319347
0 0.30403088781117865 0.9768088543713016 0.2969570958876042 0.9537874536991424 0.2787305396842129 0.9593879324841733 0.28580433160778734 0.9824093331563326
0 0.30452674843750005 0.9986979171874999 0.30435177561767157 0.9957255383458878 0.2822324349926716 0.9970276211583879 0.2824074078125 1
0 0.3002373965365205 0.9182395800514765 0.2836561767114628 0.9174207546881629 0.28259780132719203 0.9388528642566876 0.2991790211522497 0.9396716896200011
0 0.30279566542232456 0.8768399469554824 0.2830219604380036 0.8737152098481588 0.2790445886087123 0.8988844879231113 0.29881829359303325 0.902009225030435
0 0.2998971187500001 0.8372395828125001 0.28137860156250005 0.8372395828125001 0.28137860156250005 0.8606770828125001 0.2998971187500001 0.8606770828125001
0 0.3001257609123859 0.7979960375815587 0.2819158843168067 0.7963033264506015 0.27960946026618555 0.821115414331857 0.2978193368617648 0.822808125462814
0 0.37334617716518753 0.7399543892691851 0.3699678345490235 0.7314029550325176 0.3635159558052618 0.7339518440622562 0.3668942984214259 0.7425032782989238
0 0.6566563193061409 0.8018755889865723 0.6399086783129728 0.8002215018556431 0.6378519882238656 0.821045499940454 0.6545996292170335 0.822699587071383
0 0.6269264406250001 0.79990234375 0.6056661515625001 0.79990234375 0.6056661515625001 0.8254752609375 0.6269264406250001 0.8254752609375
0 0.7138728437607711 0.7616511846942848 0.6956033878996847 0.7601187813988185 0.6937771140329864 0.7818917897815412 0.7120465698940729 0.7834241930770076
0 0.7438271609375001 0.7604166671875002 0.7273662546875002 0.7604166671875002 0.7273662546875002 0.7825520828125001 0.7438271609375001 0.7825520828125001
0 0.7457199879406592 0.8014858265253524 0.7302786372299711 0.7996088159584221 0.7278310918111339 0.8197437091009852 0.743272442521822 0.8216207196679155
0 0.7162782921875002 0.7971842453125 0.6945036015625001 0.7971842453125 0.6945036015625001 0.8231022140625001 0.7162782921875002 0.8231022140625001
0 0.6558641968750002 0.7630208328125 0.6388888890625002 0.7630208328125 0.6388888890625002 0.7825520828125 0.6558641968750002 0.7825520828125
0 0.6243549381773189 0.7827801212544996 0.6227186368480877 0.7633869342785589 0.6065575965264054 0.764750523037484 0.6081938978556365 0.7841437100134246
0 0.599272586628298 0.8090247211635614 0.5917304219516805 0.8058428684718437 0.5877666892972225 0.8152383770985709 0.59530885397384 0.8184202297902885
0 0.5546436371163578 0.9160451696713953 0.5491315629229241 0.9044181421373443 0.5399753869488986 0.9087588492655556 0.5454874611423323 0.9203858767996065
0 0.47395396055192124 0.9168847848917216 0.4671548421926925 0.9163475691873932 0.46641042043939135 0.9257691322003481 0.47320953879862004 0.9263063479046766
0 0.28013584861836727 0.16126449649792773 0.2762080727758482 0.10989653901414662 0.23623535409608257 0.1129529945650563 0.24016312993860164 0.1643209520488374
0 0.847693165782814 0.10518140860580989 0.8065519292746848 0.0929914091749646 0.7916031749958629 0.14344344067635362 0.832744411503992 0.1556334401071989
1 0.5163113681294851 0.8939788271057049 0.5145432093750001 0.8089231765625001 0.4996878701966928 0.8092319931766958 0.5014560289511778 0.8942876437199005
0 0.4979423875000002 0.81640625 0.48971193437500016 0.81640625 0.48971193437500016 0.828125 0.4979423875000002 0.828125
1 0.4769579642853559 0.9173317075125922 0.47518572115208296 0.8109322741143975 0.4606836421875 0.811173828125 0.462455885320773 0.9175732615231947
1 0.5551080250000002 0.8678320312500001 0.5407047328125002 0.8678320312500001 0.5407047328125002 0.8905403640625 0.5551080250000002 0.8905403640625
1 0.5545447531250002 0.8075325515625 0.5390766453125002 0.8075325515625 0.5390766453125002 0.8306184890624999 0.5545447531250002 0.8306184890624999
0 0.5375514406250002 0.8170572921874999 0.5288065843750002 0.8170572921874999 0.5288065843750002 0.828125 0.5375514406250002 0.828125
1 0.435899690625 0.8952610671875002 0.4349279828125 0.8105039062500001 0.4199106814732678 0.8106760737562333 0.4208823892857678 0.8954332346937333
1 0.43746399218750015 0.927705078125 0.42286522656250014 0.927705078125 0.42286522656250014 0.9498209640624999 0.43746399218750015 0.9498209640624999
1 0.47708333281250015 0.9277701828125 0.4627211937500002 0.9277701828125 0.4627211937500002 0.9483235671875001 0.47708333281250015 0.9483235671875001
1 0.5175488687500002 0.9248470046874999 0.5005992796875002 0.9248470046874999 0.5005992796875002 0.9473795578124999 0.5175488687500002 0.9473795578124999
1 0.5553446500000001 0.92314453125 0.5404269546875001 0.92314453125 0.5404269546875001 0.9430403640625 0.5553446500000001 0.9430403640625
1 0.5573225312500002 0.98841796875 0.5206918718750002 0.98841796875 0.5206918718750002 0.9993033859375 0.5573225312500002 0.9993033859375
1 0.4934747937500002 0.9894205734374999 0.4700540125000002 0.9894205734374999 0.4700540125000002 0.99990234375 0.4934747937500002 0.99990234375