2 0.16537446667452144 0.7781507542925089 0.16290151775989567 0.5231085727599368 0.1502090979857692 0.523231641444167 0.15268204690039494 0.7782738229767391
2 0.5524669699726943 0.5881202425081415 0.48352795986397623 0.42512251070610113 0.1021554549396458 0.58642195138848 0.17109446504836373 0.7494196831905204
2 0.28062455574305145 0.7992906016252693 0.186575483316571 0.790472718659177 0.1848975299594068 0.8083692996665486 0.2789466023858872 0.8171871826326408
2 0.46346916493438056 0.30349040157205814 0.44446087579730176 0.2885804357728841 0.16298296555042127 0.647428576388326 0.18199125468750008 0.6623385421875
2 0.5119867874541042 0.31546065883453867 0.4913905886298335 0.29990904275241836 0.18175019276567767 0.7099895850940058 0.20234639158994844 0.7255412011761262
2 0.5576139193878313 0.2725840409207283 0.5219533129804768 0.24015042853297733 0.23357090590849036 0.5572255477165402 0.26923151231584497 0.5896591601042912
1 0.5288325292147051 0.3043246414560848 0.48010370127689245 0.26470898484078814 0.2468930861246874 0.5515672855722035 0.29562191406250005 0.5911829421875001
2 0.16296226783886325 0.5040950548650504 0.15950552293223358 0.2849991831960303 0.15246773748323425 0.2851102205643726 0.15592448238986395 0.5042060922333926
2 0.3694891364837631 0.28063264726620174 0.3694654573572969 0.26924363465668166 0.1793142016689946 0.2696389819783085 0.17933788079546079 0.28102799458782857
2 0.4334525967752937 0.27637459737255576 0.16657151697381195 -0.0009418834331282322 0.07548438710320106 0.08671764370806642 0.34236546690468284 0.3640341245137504
2 0.46557892873358586 0.24832219804652783 0.4643700357978987 0.18068324479880418 0.2082309508076742 0.18526115021469663 0.20943984374336133 0.2529001034624202
2 0.7021411366058466 0.20224496544164677 0.4685775157068928 0.17979632017321664 0.4635993830872498 0.23159056726723434 0.6971630039862037 0.25403921253566447
2 0.6342505140625001 0.17290429687500003 0.6341545032129854 0.16923820091262803 0.508624781353012 0.17252568038911126 0.5087207922025266 0.17619177635148325
2 0.5055548651983807 0.2399982629740282 0.5037468481970754 0.16432174763809215 0.19572455816833642 0.17168082772629067 0.19753257516964168 0.24735734306222676
2 0.39360225966035384 0.2113998986843094 0.2657035399640027 0.05454740248236032 0.20734598702667456 0.10213259548870257 0.33524470672302564 0.25898509169065165
1 0.2828408216999835 0.5286707735479462 0.18039763437500003 0.4053196609375001 0.17193372576885563 0.4123489430938684 0.2743769130938391 0.5357000557043146
1 0.3123036347100534 0.5205388645434598 0.1795859046875 0.3590319015625001 0.17711670396511536 0.3610609578260593 0.30983443398766874 0.522567920807019
1 0.44342627756845304 0.3899395100198493 0.2463045190246536 0.0004229465325250925 0.10890577912423423 0.0699560133381788 0.3060275376680337 0.45947257682550297
2 0.44213380493971266 0.5501485338508938 0.4209771290240331 0.5221616589894247 0.19234025265454383 0.6949996882322742 0.21349692857022337 0.7229865630937432
1 0.22692863499645233 0.7029484252017634 0.18840470815859628 0.6356359902943736 0.169186424143696 0.646634905552123 0.20771035098155205 0.7139473404595128
2 0.7813975509518214 0.5830412405876679 0.735676306395989 0.5307039136226492 0.5588700005815724 0.6851597258684162 0.6045912451374047 0.7374970528334348
2 0.5819322089215102 0.667853278272516 0.49382449810766993 0.5745866141593529 0.48110436706192783 0.5866031437345135 0.5692120778757681 0.6798698078476766
2 0.7417740094303639 0.6039220402636781 0.7264499319304354 0.5713026422002152 0.574553466088559 0.6426612003807655 0.5898775435884873 0.6752805984442285
1 0.3608034576934746 0.6775827455546339 0.3563538884155678 0.674384100047505 0.2847051308540655 0.7740531973999063 0.28915470013197236 0.7772518429070353
2 0.39122479375 0.66559765625 0.39110612166906883 0.6625047292099715 0.37917762479406875 0.6629624120224715 0.37929629687499994 0.6660553390625
2 0.4221399865569042 0.6617605347397139 0.4114140953125001 0.6613138015625 0.4112816132508404 0.6644946447540871 0.4220075044952445 0.6649413779313009
2 0.548653082500567 0.7742247901006972 0.45171673682008195 0.6537014028100776 0.44051119085929474 0.6627139662735837 0.5374475365397797 0.7832373535642033
1 0.4475221064225675 0.6946248220322426 0.44582047343750003 0.5980917968750001 0.4375757696831042 0.5982371301413899 0.43927740266817167 0.6947701552986325
1 0.4173525792903388 0.6936604615765068 0.4156522640625 0.5974231765625 0.4072871954691581 0.5975709701490409 0.4089875106969968 0.6938082551630477
1 0.38466563659298336 0.696230309160395 0.3836846703125 0.5994166671874999 0.3759819141438104 0.5994947155277368 0.37696288042429377 0.6963083575006318
1 0.40415000286961433 0.606724527007884 0.40283687745429686 0.5338245313104439 0.17888440763613284 0.5378585189276979 0.18019753305145025 0.610758514625138
1 0.243042399794782 0.0030335113689472005 0.2052439515816769 -0.0011260050919799508 0.17546133768866617 0.26951520992918787 0.21325978590177125 0.27367472639011503
1 0.341740760311629 0.013675037381626698 0.3083481940058947 -0.00006784582886050216 0.22264444831585212 0.20817579320757124 0.25603701462158635 0.22191867641805843
1 0.20983849708916208 0.19363895761464966 0.2046952411076209 0.13073363140711758 0.19696325783277066 0.13136581268054986 0.20210651381431183 0.19427113888808195
2 0.4536722524318713 0.16945131760195592 0.4477343419499489 0.07377177167300103 0.1703291077151243 0.09098765028227261 0.17626701819704674 0.1866671962112275
1 0.2905173926702601 0.2383252547537972 0.2833491201002184 0.23759204119535898 0.27907329769830147 0.2793946784833514 0.2862415702683431 0.2801278920417897
2 0.3448425545449374 0.1869006339988804 0.33683012437050613 0.17646195177174362 0.2936297555810563 0.20962130377647367 0.30164218575548757 0.22005998600361046
1 0.35435611960376956 0.03976014252379486 0.32920592972736273 0.029267620568402274 0.27200500653756177 0.16637613322582756 0.2971551964139686 0.17686865518122014
2 0.5293294541964573 0.0719238887210725 0.17223317856263404 0.03338782032801009 0.1667492764234307 0.0842046553480144 0.523845552057254 0.12274072374107683
1 0.38670617658898204 0.1742855928422262 0.3692713373576827 -0.0013985406096296226 0.35050289425195513 0.0004640338969055469 0.3679377334832544 0.17614816734876138
1 0.44591096636133554 0.00403293487478833 0.40522959055219465 -0.00551165194292752 0.35594138492456073 0.2045667992661148 0.3966227607337016 0.21411138608383062
1 0.4124656368809432 0.193555015078369 0.3912039871431867 0.1923550096035018 0.38613504542455296 0.2821663193182504 0.40739669516230936 0.28336632479311763
2 0.6350797386386664 0.09330099258326285 0.6128503355878595 0.03834074606590976 0.38560265300857516 0.13025409523223402 0.407832056059382 0.18521434174958712
1 0.6377234657944306 0.06507613419307895 0.6224746072165708 0.06442936677132272 0.6140731932532572 0.2625098035267044 0.6293220518311171 0.2631565709484606
1 0.6372371625266867 0.02597212731271954 0.5995162261518729 0.024158349594057004 0.5758583761691349 0.5161680621302733 0.6135793125439488 0.5179818398489359
1 0.5889353081971297 0.29897517951871755 0.5331967800330355 0.2908014047169322 0.4925901394820837 0.5677058256099695 0.5483286676461779 0.5758796004117549
2 0.6211571512244894 0.2964763789507693 0.5780307489530282 0.2848459777977736 0.5013809947655301 0.5690690316386331 0.5445073970369914 0.5806994327916287
1 0.5400556414349061 0.5620335009405639 0.49053822675782277 0.5287961498533635 0.48139177369077524 0.5424226481912495 0.5309091883678586 0.57565999927845
2 0.7631806061106313 0.34649892872904553 0.7328109864229089 0.3226187114894131 0.5386139000345924 0.5695884772538944 0.5689835197223149 0.5934686944935269
1 0.6503105236528516 0.5450617437197078 0.6446545331889431 0.1426899311561891 0.5393667956743566 0.14416992160471237 0.5450227861382652 0.546541734168231
2 0.6814890406231212 0.2625914784154082 0.6120817027955916 0.26125986572398024 0.6071965064170788 0.5158898174959567 0.6766038442446085 0.5172214301873848
1 0.7021230701615985 0.1624547370099777 0.6741079847184893 0.16126539010475957 0.6591892037357597 0.5126775156204448 0.687204289178869 0.5138668625256629
2 0.8187945091903159 0.06321044994704184 0.7235530677973854 -0.00084143894134181 0.3904557001512524 0.49445501475250386 0.4856971415441831 0.5585069036408876
2 0.776390946875 0.00039908906250009466 0.639894546875 0.0003990890625000863 0.639894546875 0.5438795578125 0.776390946875 0.5438795578125001
2 0.7911278322273367 0.0018467052486028535 0.6994446629559394 -0.0029500810463171266 0.6725532815666134 0.5110371846507902 0.7642364508380107 0.5158339709457102
2 0.6434017484375001 0.6718476562500001 0.6408356098760536 0.6698806886023766 0.5610907551885536 0.7739171464148765 0.5636568937499999 0.7758841140625001
2 0.6647680046875001 0.6592382812500002 0.6647088132056862 0.6563112457977447 0.6535823439424884 0.6565362489498379 0.6536415354243024 0.6594632844020932
2 0.6953907293572797 0.6580558906214484 0.695365740625 0.6557493484375001 0.6849004222052203 0.6558627281285517 0.6849254109375 0.6581692703125
1 0.6609536180152649 0.6891636663153379 0.6589574126681196 0.590352158848541 0.6477882728651309 0.5905777995372556 0.6497844782122761 0.6893893070040524
1 0.69003769813535 0.688544285993237 0.688892027200646 0.5896500896573407 0.6804100431191837 0.5897483518708052 0.6815557140538877 0.6886425482067015
1 0.7205675663305999 0.6868329625941022 0.7196625046501591 0.5887848344886895 0.7118692849077721 0.5888567720635558 0.712774346588213 0.6869049001689685
1 0.7729123167778206 0.7677994407893545 0.7695681940024317 0.0004891831448683492 0.7362542330862516 0.0006343734043863368 0.7395983558616406 0.7679446310488725
1 0.5191903803268028 0.4049597350933986 0.4686296296875 0.40449479218750006 0.4683916476613793 0.4303744211197184 0.5189523983006821 0.43083936402561696
1 0.454777778125 0.1690677078125 0.454159471625195 0.13232989358084457 0.4507709999967906 0.1323869223964142 0.4513893064965956 0.16912473662806962
1 0.6121911188087407 0.0029742471435195263 0.5972098789930163 -0.0007669440240509751 0.5683610392893996 0.11475545690312161 0.5833422791051242 0.11849664807069211
2 0.5909192390624999 0.0013671875000000444 0.5895084115279328 0.00028329475643857905 0.5322069709029329 0.07486858069393856 0.5336177984374999 0.07595247343750003
1 0.6106427689156073 0.010834324462530987 0.59516096194285 -0.000579951037922699 0.5633624581958886 0.04255010106335955 0.578844265168646 0.053964376563813234
1 0.48138683125000004 0.0674811203125 0.4811810703125 0.0620970046875 0.4598322628142625 0.0629128769590663 0.46003802375176245 0.06829699258406631
1 0.522651234375 0.064669921875 0.5225955027458362 0.06078137448720207 0.49824776680833616 0.061130332299702064 0.4983034984375 0.0650188796875
1 0.5625312287822127 0.06360311937143245 0.5624429015625 0.059279296874999984 0.5389034430927874 0.059760161878567544 0.5389917703125 0.06408398437500001
1 0.5840529038143575 0.7909014194667044 0.5702571288651211 0.7839003530743005 0.5367115572948139 0.8500027337672732 0.5505073322440502 0.8570038001596771
1 0.6133929788552124 0.7925037925144884 0.5983802843627567 0.7852151012977346 0.5670862100468863 0.8496722669475101 0.582098904539342 0.8569609581642638
1 0.6451027867292627 0.7921875364039395 0.6313015644685253 0.7852529472201188 0.5996663256135314 0.8482134126688784 0.6134675478742688 0.8551480018526989
1 0.6749804663656503 0.7910482329690538 0.6616240590535737 0.7845546766078476 0.6311542656308152 0.8472271089440782 0.6445106729428918 0.8537206653052841
2 0.7371031303331772 0.8084058389071764 0.7363794748082646 0.7834117960590131 0.4792022655079968 0.7908578786924767 0.4799259210329095 0.81585192154064
1 0.32943475900433505 0.8665969072443112 0.32396559361276545 0.7981074137870037 0.3140933996068782 0.7988957487427808 0.3195625649984478 0.8673852422000883
1 0.360671789998566 0.8656123811930968 0.35323662499999997 0.7992884109375 0.3429514685428689 0.8004414154244168 0.3503866335414349 0.8667653856800136
1 0.3916992754376265 0.8647286841959387 0.38494753125000003 0.7981015625 0.37460918138441135 0.7991492123434554 0.3813609255720379 0.8657763340393941
1 0.4346744483133003 0.8577455558680953 0.4167831962554736 0.7965120896943864 0.4008611261582031 0.8011642151936116 0.4187523782160298 0.8623976813673204
1 0.28401388906249997 0.1924602859375 0.28391251906099974 0.18893735282358298 0.27365792187500004 0.189232421875 0.2737592918765003 0.19275535498891702
1 0.2069282736831668 0.10061799095804798 0.20549742812500002 0.0007975265624999998 0.2021997362985332 0.0008447963055399181 0.20363058185669997 0.1006652607010879
2 0.23769392968749994 0.0014817703125000303 0.23600724089158076 0.00014821783300789093 0.19373615026658078 0.05361306158300788 0.19542283906249996 0.054946614062500024
0 0.4408487656250002 0.8623111984375 0.4193981484375001 0.8623111984375 0.4193981484375001 0.8892252609375 0.4408487656250002 0.8892252609375
0 0.4134164403736806 0.8662394571377154 0.3914013887371478 0.8596265455533315 0.38349899427469386 0.885934416136994 0.40551404591122664 0.8925473277213779
0 0.383691150131059 0.8745926582724906 0.36524973117188203 0.8599298042092588 0.3494734564785892 0.8797715683009866 0.36791487543776613 0.8944344223642183
0 0.34752246787458063 0.863571626634396 0.32548871114265276 0.8631669623523008 0.3249555552334013 0.8921970204137786 0.3469893119653292 0.8926016846958739
0 0.3327908901028666 0.7801735844110008 0.31479024853943866 0.7736724203584943 0.30684414270397475 0.7956738653018963 0.3248447842674027 0.8021750293544029
0 0.36011560078772953 0.7751966731300327 0.3426529444602257 0.7738385303161646 0.3406429710566703 0.7996822592784685 0.3581056273841741 0.8010404020923367
0 0.39529518364788063 0.7925372929752592 0.384354196665037 0.771940803932256 0.36783223903586587 0.7807173737143405 0.3787732260187095 0.8013138627573436
0 0.4238683125000001 0.7740885421875 0.40534979375000024 0.7740885421875 0.40534979375000024 0.798828125 0.4238683125000001 0.798828125
0 0.4521604937500002 0.7760416671875 0.4382716046875002 0.7760416671875 0.4382716046875002 0.796875 0.4521604937500002 0.796875
0 0.4915754101132732 0.7814957124897605 0.4757407504341816 0.768984366007871 0.46224549024439615 0.7860642904345003 0.4780801499234878 0.7985756369163898
0 0.5628262594313271 0.8600333247676438 0.5401031173333133 0.8576367444641895 0.536979297809423 0.887255194898583 0.5597024399074367 0.8896517752020374
0 0.5905349796875001 0.859375 0.5704732515625002 0.859375 0.5704732515625002 0.88671875 0.5905349796875001 0.88671875
0 0.6568275444514678 0.8858168266555202 0.6557518595155936 0.8552195169191629 0.6301428738391156 0.8561198313700922 0.6312185587749899 0.8867171411064495
0 0.7541152265625002 0.7675781250000002 0.7366255140625002 0.7675781250000002 0.7366255140625002 0.7897135421875002 0.7541152265625002 0.7897135421875002
0 0.6260454510367357 0.8636911130327585 0.6045152359770539 0.8567316091099382 0.5971169678596308 0.8796192035999713 0.6186471829193125 0.8865787075227918
0 0.5303497937500002 0.7766927078125 0.5195473250000002 0.7766927078125 0.5195473250000002 0.791015625 0.5303497937500002 0.791015625
0 0.5648148140625001 0.7727864578125 0.5478395062500001 0.7727864578125 0.5478395062500001 0.79296875 0.5648148140625001 0.79296875
0 0.5971903647934649 0.79061243521103 0.5954011240505189 0.7679673478868588 0.5768952558554139 0.7694295393495929 0.5786844965983599 0.792074626673764
0 0.6275720171875002 0.76953125 0.6111111109375001 0.76953125 0.6111111109375001 0.7916666671875 0.6275720171875002 0.7916666671875
0 0.6612521887221339 0.7702493336717818 0.6436443382257714 0.7667712405291457 0.6391771157517686 0.7893865593922319 0.6567849662481311 0.7928646525348682
0 0.6898148140625001 0.7669270828125 0.6718482515625002 0.7669270828125 0.6718482515625002 0.7916666671875 0.6898148140625001 0.7916666671875
0 0.7196502062500001 0.7701822921875 0.7057613171875002 0.7701822921875 0.7057613171875002 0.7884114578125 0.7196502062500001 0.7884114578125
0 0.7167360834577634 0.7048690710218352 0.7147573993661 0.6837630986712124 0.6951622908950617 0.6856001393325928 0.697140974986725 0.7067061116832154
0 0.683381858171212 0.6859424999358993 0.6683818078114264 0.6853187163154526 0.6674970175008446 0.7065951634383736 0.6824970678606301 0.7072189470588203
0 0.65329218125 0.6861979171875 0.63580246875 0.6861979171875 0.63580246875 0.7096354171875 0.65329218125 0.7096354171875
0 0.6523475284086675 0.6477451952927137 0.6370231574591474 0.6458824041384282 0.634323587325028 0.6680905910542404 0.6496479582745481 0.6699533822085258
0 0.681829304923245 0.6474767576822464 0.6678415483903395 0.6469743916933199 0.6671209546302878 0.6670384292613712 0.6811087111631933 0.6675407952502977
0 0.7156019648374999 0.6679860220232438 0.7149453722035728 0.645829987662395 0.695406614151908 0.6464090174835202 0.696063206785835 0.668565051844369
0 0.5613271609375 0.6712662765624999 0.54080246875 0.6712662765624999 0.54080246875 0.6962076828125 0.5613271609375 0.6962076828125
0 0.5974756476481472 0.6837678307495131 0.5811520185692916 0.6687426725753431 0.567114094912567 0.6839937505442661 0.5834377239914227 0.699018908718436
0 0.532633749240814 0.5763697678594439 0.5151789118952588 0.5723134523923967 0.5099850056392421 0.5946634864623134 0.5274398429847973 0.5987198019293605
0 0.48196831732213913 0.5776309608442738 0.46755221732530083 0.575099739719602 0.46400684214937177 0.5952917658386686 0.47842294214621006 0.5978229869633402
0 0.45112643319249895 0.5778560030036053 0.43597653482454124 0.5764477341740112 0.43411214143206023 0.5965045371227207 0.4492620398000179 0.5979128059523149
0 0.4190019662525863 0.5966776923077286 0.4170169119679604 0.5762880170892892 0.4026160070874657 0.5776900295112264 0.40460106137209156 0.5980797047296658
0 0.423353909375 0.5149739578125 0.40432098749999995 0.5149739578125 0.40432098749999995 0.541015625 0.423353909375 0.541015625
0 0.45473251093749995 0.5149739578125 0.4362139921875 0.5149739578125 0.4362139921875 0.5397135421875 0.45473251093749995 0.5397135421875
0 0.4880295540446018 0.5362341012737795 0.4812045506979625 0.5115544053476049 0.4606566358927474 0.5172367925103785 0.46748163923938674 0.5419164884365532
0 0.5163548704790536 0.5136984836804144 0.49900597098445487 0.5116423184003952 0.49599080764594666 0.5370827663195856 0.5133397071405453 0.5391389315996049
0 0.5518054792126882 0.5211749477391749 0.535643847765346 0.5103698316111623 0.5227490081903321 0.5296571435025811 0.5389106396376743 0.5404622596305936
0 0.5801454823668157 0.5133399343621774 0.5596303246449851 0.512041711784333 0.5581551402299084 0.5353533083168276 0.5786702979517391 0.536651530894672
0 0.6152050531779649 0.5232949424179125 0.6009828352030357 0.5083118661220565 0.5853881969835095 0.5231145901834433 0.5996104149584387 0.5380976664792994
0 0.5650598855414246 0.5983104175176928 0.564069356442133 0.5719840027444982 0.5425194211734696 0.5727948172118442 0.5435099502727612 0.5991212319850387
0 0.5956790125 0.568359375 0.5730452671874999 0.568359375 0.5730452671874999 0.5989583328125 0.5956790125 0.5989583328125
0 0.6281680848668579 0.577942438275872 0.6129098701547739 0.5715053791856013 0.6046715280915369 0.5910333018455715 0.619929742803621 0.5974703609358422
0 0.6581977544092902 0.5755491675757354 0.6416142841622692 0.571051642094633 0.6364100182363739 0.5902410362408823 0.6529934884833948 0.5947385617219846
0 0.6862139921875 0.5696614578125 0.67078189375 0.5696614578125 0.67078189375 0.59375 0.6862139921875 0.59375
0 0.7186109987461116 0.5694741396937582 0.7021453498911163 0.5682351024401024 0.7004229490455323 0.5911242023660781 0.7168885979005275 0.5923632396197338
0 0.7494855968749999 0.5690104171875002 0.7350823046875 0.5690104171875002 0.7350823046875 0.5904947921875002 0.7494855968749999 0.5904947921875002
0 0.7350366589183965 0.51022779007866 0.7191805256803044 0.5086617525803427 0.7170651250434397 0.5300801888477448 0.7329212582815319 0.5316462263460622
0 0.7088057709251876 0.5279151212724864 0.6980242845284531 0.5074471443105282 0.6808434758838422 0.5164971180832684 0.6916249622805766 0.5369650950452265
0 0.6770138989100662 0.5289290098882207 0.6669538702984414 0.5084054766916243 0.6500286028051562 0.5167017419404406 0.6600886314167809 0.537225275137037
0 0.6424897125 0.5110677078125 0.6219135796875 0.5110677078125 0.6219135796875 0.5345052078125 0.6424897125 0.5345052078125
0 0.38651710388143956 0.5785183770150513 0.37197651434772466 0.5779137003493394 0.3711116469047278 0.5987110672774782 0.3856522364384427 0.5993157439431901
0 0.3550620907914698 0.5985238756075711 0.35412182131031644 0.5771033545283781 0.34063044130738457 0.5776955685472854 0.34157071078853785 0.5991160896264784
0 0.3235596703125001 0.580078125 0.3091563781250001 0.580078125 0.3091563781250001 0.5989583328125 0.3235596703125001 0.5989583328125
0 0.2924573393960398 0.5986751768263239 0.2907570125547939 0.5803833743954375 0.2763271106310008 0.5817247156684081 0.27802743747224673 0.6000165180992945
0 0.2623456796875001 0.5826822921875 0.2479423875000001 0.5826822921875 0.2479423875000001 0.6002604171875 0.2623456796875001 0.6002604171875
0 0.3888888890625001 0.51953125 0.3744855968750001 0.51953125 0.3744855968750001 0.5384114578125 0.3888888890625001 0.5384114578125
0 0.29996471853923723 0.5191556200547927 0.2769591747269665 0.5176408522302351 0.2751127511045056 0.5456834201101941 0.2981182949167763 0.5471981879347517
0 0.3293344749164059 0.5220481232757882 0.31197932429395225 0.5197360070825141 0.3089741423249962 0.5422934312599119 0.3263292929474499 0.544605547453186
0 0.36002960263815864 0.5406661513943674 0.3586602331660974 0.5146695193742984 0.3420396817624234 0.5155450049250206 0.3434090512344846 0.5415416369450896
0 0.3780565838152464 0.6552877820322432 0.361721578197568 0.6538537057530582 0.35992624732236084 0.6743036220913764 0.37626125294003926 0.6757376983705614
0 0.4100806231069778 0.6747246905923296 0.40751370274145565 0.6519833730881046 0.39155012979401155 0.6537852572796286 0.39411705015953363 0.6765265747838537
0 0.4409651701040844 0.6761776145632911 0.4407336518103547 0.6503845220448266 0.42126800468749986 0.6505592453125 0.4214995229812296 0.6763523378309645
0 0.4425876936428946 0.7115575337185416 0.4393130561508928 0.6908352325860501 0.4234539427258325 0.6933413658132226 0.4267285802178343 0.714063666945714
0 0.4104499841987551 0.7145108219421104 0.4074303009860826 0.691580095093393 0.3928511639726656 0.6934999808251063 0.3958708471853381 0.7164307076738237
0 0.37989536426352366 0.7126553862119402 0.37784393461814014 0.6923943437725605 0.36218974721762826 0.6939793295502608 0.3642411768630117 0.7142403719896404
0 0.30366075429094763 0.7912216820535392 0.29052066214930744 0.7745912559510405 0.27563607990464184 0.7863519156586917 0.28877617204628203 0.8029823417611904
0 0.2649176953125001 0.78125 0.25051440312500006 0.78125 0.25051440312500006 0.7981770828125 0.2649176953125001 0.7981770828125
0 0.18690329218750007 0.77810546875 0.16537037031250007 0.77810546875 0.16537037031250007 0.80244140625 0.18690329218750007 0.80244140625
0 0.1823670628253545 0.7432837112751407 0.17039465073320764 0.7419062024645405 0.16860693296498958 0.7574438844458518 0.1805793450571364 0.758821393256452
0 0.18350921271019194 0.70134988566861 0.1674206405251381 0.7003802612284494 0.16617891160099135 0.7209837491387734 0.1822674837860452 0.7219533735789339
0 0.1823919546261868 0.6613806283120636 0.1667728942413753 0.6606093169773641 0.16576285904031596 0.6810625374687738 0.18138191942512744 0.6818338488034732
0 0.1824047640118652 0.6228082065122509 0.16723636639847023 0.6209643750759073 0.16484433645192825 0.6406425629064867 0.18001273406532325 0.6424863943428302
0 0.1810699593750001 0.580078125 0.1640946500000001 0.580078125 0.1640946500000001 0.6022135421875 0.1810699593750001 0.6022135421875
0 0.18207991587108568 0.566651726275714 0.18080401522893136 0.5391999188918754 0.16280851426097093 0.540036310861259 0.16408441490312525 0.5674881182450977
0 0.18158436250000004 0.501953125 0.16358024687500003 0.501953125 0.16358024687500003 0.5240885421875 0.18158436250000004 0.5240885421875
0 0.18118536846674602 0.47554494218886434 0.17424807163766828 0.4622331592621684 0.16066600750372664 0.4693113103233434 0.16760330433280438 0.4826230932500393
0 0.18268486142133622 0.4261839720367777 0.16296994373751655 0.42285708127454147 0.15957302547153185 0.4429869769575413 0.17928794315535151 0.4463138677197776
0 0.17959542778262838 0.40481840894656723 0.17685827958562697 0.3840331830703892 0.1606779661059971 0.38616392324764387 0.16341511430299854 0.4069491491238219
0 0.17902982461135739 0.34285561469983067 0.16218817303943833 0.3416458891906425 0.1606037205808084 0.363704443827903 0.17744537215272752 0.3649141693370912
0 0.17701435156640322 0.3187732803958393 0.17259577840232124 0.30568121598371345 0.15934271519120974 0.31015412625997685 0.1637612883552917 0.3232461906721027
0 0.17582241526620698 0.265963488719298 0.16044486036984176 0.2646660065907308 0.15873947071288552 0.2848780176020101 0.17411702560925074 0.28617549973057727
0 0.17749228437500003 0.2255729171875 0.15941100781250003 0.2255729171875 0.15941100781250003 0.2474479171875 0.17749228437500003 0.2474479171875
0 0.20987654375 0.19335937500000006 0.201646090625 0.19335937500000006 0.201646090625 0.20377604218749998 0.20987654375 0.20377604218749998
0 0.19804526718749998 0.14973958281250005 0.18106995937499998 0.14973958281250002 0.18106995937499998 0.17187500000000003 0.19804526718749998 0.17187500000000006
0 0.19924350958691375 0.1317017193220114 0.1974286794970624 0.10873276669490459 0.17892281130195742 0.11019495815763872 0.18073764139180878 0.13316391078474554
0 0.21063069896321424 0.10447010445863589 0.2049320077221104 0.09725769601258136 0.19859814191772432 0.1022622303303136 0.20429683315882813 0.10947463877636816
0 0.19650205781250002 0.05403645781250003 0.1795267484375 0.05403645781250003 0.1795267484375 0.07747395781250002 0.19650205781250002 0.07747395781250002
0 0.1975308640625 0.014973957812500022 0.17849794218749998 0.014973957812500022 0.17849794218749998 0.03841145781250002 0.1975308640625 0.03841145781250002
0 0.29292626467952454 0.30626420828548084 0.2920226709159509 0.2822483724828574 0.2757807204018093 0.2828594744787848 0.27668431416538286 0.3068753102814083
0 0.32201646093749997 0.2825520828125 0.308127571875 0.2825520828125 0.308127571875 0.3014322921875 0.32201646093749997 0.3014322921875
0 0.355967078125 0.2805989578125 0.3395061734375 0.2805989578125 0.3395061734375 0.3053385421875 0.355967078125 0.3053385421875
0 0.386831275 0.27994791718750006 0.3698559671875 0.27994791718750006 0.3698559671875 0.3040364578125001 0.386831275 0.3040364578125001
0 0.4206145455743481 0.2785519490823899 0.40096219767997765 0.27768929485984467 0.39980066913446044 0.30415037563725783 0.4194530170288308 0.3050130298598031
0 0.4550843213117117 0.2975231114838814 0.4476853836078907 0.2751131586537716 0.4277335607354937 0.28170051274727037 0.43513249843931484 0.3041104655773802
0 0.48148148125 0.2753906250000001 0.462448559375 0.2753906250000001 0.462448559375 0.3027343750000001 0.48148148125 0.3027343750000001
0 0.5123456796875 0.2773437500000001 0.49485596718749997 0.2773437500000001 0.49485596718749997 0.30143229218750006 0.5123456796875 0.30143229218750006
0 0.5442386828125 0.2753906250000001 0.5246913578125 0.2753906250000001 0.5246913578125 0.3020833328125001 0.5442386828125 0.3020833328125001
0 0.5796845691752882 0.29630845492361546 0.5720415736547293 0.2733606042321515 0.553075615895214 0.27967739320502916 0.5607186114157728 0.3026252438964931
0 0.6075368167005449 0.27746135365398483 0.5888219329353471 0.2743718719747996 0.5852601763288188 0.29594761438498995 0.6039750600940167 0.29903709606417517
0 0.6416158459296999 0.28239734469766287 0.6270230248999079 0.27182805920076936 0.6149571060640492 0.2884872547711259 0.6295499270938412 0.2990565402680194
0 0.7329473579756466 0.2727789305887248 0.7146727744590993 0.27099979286727316 0.7123448032598316 0.2949117720199732 0.7306193867763789 0.29669090974142487
0 0.6706581192208658 0.2954325591609783 0.6658744902336169 0.2732335252918157 0.6492949430032613 0.27680622143679356 0.6540785719905102 0.29900525530595623
0 0.7055177962362723 0.28697511640781626 0.6914332147162252 0.27052053553129773 0.6768612035220636 0.2829936991515329 0.6909457850421108 0.2994482800280514
0 0.6565004633366875 0.20148849464883561 0.6395505793505374 0.19991290696480082 0.6374858484372352 0.22212490430249784 0.6544357324233855 0.22370049198653263
0 0.655864196875 0.16015625000000008 0.6378600828125001 0.16015625000000008 0.6378600828125001 0.18359375000000008 0.655864196875 0.18359375000000008
0 0.6568930046875 0.12044270781250008 0.636831275 0.12044270781250008 0.636831275 0.1451822921875001 0.6568930046875 0.1451822921875001
0 0.6586261277684944 0.0751611058031741 0.6352182896102726 0.0746171329927188 0.6344930207352124 0.10582637014998911 0.6579008588934341 0.10637034296044438
0 0.6637865650481116 0.05422794832664577 0.6453846433787975 0.03714866392723089 0.6298462897951748 0.053890323520751696 0.6482482114644889 0.07096960792016657
0 0.660681509959664 0.008107999333246818 0.6438949081257699 -0.004065645665472984 0.6290567508038404 0.01639513160691384 0.6458433526377345 0.028568776605633638
0 0.718563040449679 0.02168589626515257 0.6995665928366717 0.019037155224453872 0.6963020827483059 0.04244982332711535 0.7152985303613131 0.04509856436781405
0 0.7177675650073284 0.002972378841612139 0.7175925921874999 -5.551115123125783e-18 0.6954732515625001 0.001302082812499994 0.6956482243823284 0.004274461654112138
0 0.7174435145496684 0.061235218993192474 0.7008517422285176 0.06029882308306199 0.699643070547536 0.08171498383826317 0.7162348428686869 0.08265137974839365
0 0.7199766980204847 0.10020990673366355 0.7003634899690531 0.09827279755005495 0.6978312252684296 0.1239119483190911 0.7174444333198611 0.12584905750269967
0 0.7189404024562969 0.14002454119692415 0.700402791666775 0.13910910397036033 0.6992682227083253 0.16208413399460397 0.7178058334978472 0.16299957122116776
0 0.7204333131942005 0.1789200090712056 0.7022210486139038 0.17712126483312426 0.699771418577456 0.20192374058432855 0.7179836831577526 0.20372248482240982
0 0.6363797579531243 0.2661602948503271 0.6332567942058446 0.2575239566286445 0.6267182650415093 0.2598883371122023 0.6298412287887891 0.26852467533388485
0 0.3622439605025086 0.17928755624815557 0.34560878622279245 0.17721221336795084 0.34304050425114885 0.19779860350389317 0.3596756785308651 0.1998739463840979
0 0.39433384843749997 0.17452473906250004 0.373073559375 0.17452473906250004 0.373073559375 0.2000976562500001 0.39433384843749997 0.2000976562500001
0 0.30602263711206157 0.21785540066956877 0.28765807457144627 0.2166463413674944 0.28621749355556114 0.23852751801090255 0.30458205609617645 0.23973657731297698
0 0.2726337453125 0.21744791718749998 0.2561728390625 0.21744791718749998 0.2561728390625 0.23958333281250002 0.2726337453125 0.23958333281250002
0 0.27220896918692483 0.18030896569918242 0.25678710768567153 0.17827810393929458 0.2541395879973265 0.19838271310666283 0.2695614494985798 0.20041357486655068
0 0.3054963984375 0.17689778593750005 0.2837217078125 0.17689778593750005 0.2837217078125 0.20281575468750002 0.3054963984375 0.20281575468750002
0 0.3611111109375 0.21744791718749998 0.34413580312500003 0.21744791718749998 0.34413580312500003 0.23697916718749998 0.3611111109375 0.23697916718749998
0 0.39465811866038836 0.2329532006909289 0.39020829477787516 0.2144946763440343 0.37424766549292354 0.21834232895360306 0.37869748937543674 0.23680085330049766
0 0.41141794612030214 0.18373195844180526 0.40393621534908625 0.1820429617609786 0.4015588435053316 0.19257398072623536 0.40904057427654755 0.19426297740706203
0 0.4591312474789948 0.09235821289899612 0.4551522347656186 0.07978256206218662 0.4457051991322552 0.08277166182144868 0.4496842118456314 0.0953473126582582
0 0.5334362140625 0.07421875000000006 0.526655310907435 0.07380661549461061 0.5260863381039965 0.083167999769718 0.5328672412590614 0.08358013427510744
0 0.7638564045287498 0.8869723438253972 0.7596599014453268 0.8356307881277821 0.7196793838127603 0.8388986744090252 0.7238758868961833 0.8902402301066402
0 0.2065050919077839 0.8542874327435825 0.1656371165904957 0.8448692974881802 0.15360515664872898 0.8970794036911742 0.19447313196601715 0.9064975389465767
1 0.49907533380196567 0.19105826928643432 0.49895906766252207 0.10572019941582603 0.4836922400222502 0.10574099921964134 0.4838085061616938 0.19107906909024963
0 0.510288065625 0.17187500000000006 0.5020576125 0.17187500000000006 0.5020576125 0.18359375000000006 0.510288065625 0.18359375000000006
1 0.5393163578125 0.188826171875 0.5375068864455161 0.08242531429823016 0.523004968799395 0.08267193641523782 0.5248144401663788 0.18907279399200766
1 0.45929526718749997 0.10945963593750005 0.444891975 0.10945963593750005 0.444891975 0.13216796875000006 0.45929526718749997 0.13216796875000006
1 0.4609233546875 0.16938151093750003 0.44545524687500004 0.16938151093750003 0.44545524687500004 0.19246744843750005 0.4609233546875 0.19246744843750005
0 0.471193415625 0.17187500000000006 0.462448559375 0.17187500000000006 0.462448559375 0.18294270781250005 0.471193415625 0.18294270781250005
1 0.5800874484375 0.18916080781249997 0.5781953287370801 0.1044241991427031 0.5631798974870801 0.1047594850802031 0.5650720171874999 0.18949609374999998
1 0.5771347734375001 0.050179035937500074 0.5625360078125 0.050179035937500074 0.5625360078125 0.07229492187500006 0.5771347734375001 0.07229492187500006
1 0.53727880625 0.05167643281250006 0.5229166671875001 0.05167643281250006 0.5229166671875001 0.07222981718750007 0.53727880625 0.07222981718750007
1 0.49940072031250005 0.052620442187500074 0.48245113125000005 0.052620442187500074 0.48245113125000005 0.07515299531250007 0.49940072031250005 0.07515299531250007
1 0.45957304531250004 0.05695963593750005 0.44465535 0.056959635937500044 0.44465535 0.07685546875000006 0.45957304531250004 0.07685546875000007
1 0.479308128125 0.0006966140625000565 0.44267746875 0.0006966140625000543 0.44267746875 0.011582031250000057 0.479308128125 0.011582031250000058
1 0.5299459875 0.00009765625000006344 0.50652520625 0.00009765625000006202 0.50652520625 0.010579426562500062 0.5299459875 0.010579426562500063