2 0.47689142724006306 0.16290151775989575 0.4767683585558329 0.15020909798576923 0.2217261770232609 0.15268204690039494 0.22184924570749104 0.16537446667452144
2 0.49865820137584516 0.5204764879871124 0.43470873584516073 0.13299425976836818 0.2609831868054069 0.16166565474095326 0.3249326523360913 0.5491478829596976
2 0.20952728134082296 0.18657548331657092 0.1916307003334513 0.18489752995940673 0.18281281736735905 0.27894660238588714 0.2007093983747307 0.28062455574305134
2 0.7114138800219679 0.4439965852250646 0.34876700067116767 0.1674291963151575 0.33398025294853884 0.18681820648911446 0.6966271322993391 0.4633855953990215
2 0.7016077371892013 0.4893220217713433 0.28851223580179125 0.18369924436488244 0.27364386072302016 0.20379610661482023 0.6867393621104301 0.5094188840212811
2 0.7593120102984272 0.518018324488516 0.4230658881236895 0.25429420711172274 0.39176567404471646 0.29420172756142404 0.7280117962194541 0.5579258449382174
1 0.7263169439928743 0.4972421338350763 0.4664026860901821 0.23790756496866897 0.4088170578125 0.29562191406250005 0.6687313157151923 0.5549564829289074
2 0.7150008168039697 0.15950552293223352 0.7148897794356275 0.15246773748323422 0.4957939077666073 0.15592448238986392 0.4959049451349495 0.16296226783886322
2 0.7311180861677536 0.1793437504917002 0.7197545940054569 0.179320124425312 0.7193592266574684 0.3694810122461473 0.7307227188197652 0.3695046383125355
2 1.000941883433128 0.1665715169738121 0.9132823562919334 0.0754843871032012 0.6359658754862496 0.34236546690468306 0.7236254026274442 0.4334525967752939
2 0.819385768940023 0.4642560452192696 0.7966076020691086 0.20844425327287053 0.7329911481787011 0.21410883265533762 0.7557693150496155 0.46992062460173667
2 0.8202036798267838 0.4685775157068928 0.7684094327327657 0.4635993830872498 0.7459607874643356 0.6971630039862038 0.7977550345583535 0.7021411366058468
2 0.8296534706378189 0.6342066357468299 0.8274994335464052 0.5086428803999358 0.8238103463800236 0.5087061664219881 0.8259643834714373 0.6342699217688822
2 0.8359251197426177 0.503684463813769 0.8266700839394711 0.19575534776521458 0.7513599922429254 0.19801884789775773 0.7606150280460722 0.505947963946312
2 0.9454525975176397 0.26570353996400287 0.8978674045112974 0.2073459870266746 0.7410149083093482 0.3352447067230257 0.7886001013156907 0.393602259660354
1 0.5946803390625 0.180397634375 0.5876510569061316 0.17193372576885563 0.4642999442956855 0.2743769130938391 0.4713292264520538 0.2828408216999835
1 0.6409680984375001 0.17958590468750008 0.6389390421739408 0.17711670396511545 0.4774320791929812 0.30983443398766886 0.47946113545654045 0.3123036347100535
1 0.9995770534674749 0.24630451902465356 0.9300439866618211 0.10890577912423419 0.540527423174497 0.30602753766803364 0.6100604899801507 0.44342627756845304
2 0.47797692071719117 0.4205653875524976 0.3028645658285055 0.19359259470620369 0.27578852402293685 0.21448210036976784 0.45090087891162256 0.4414548932160617
1 0.3606393234375 0.18189660468750007 0.34293902903729967 0.16065130325629998 0.2858365723846358 0.20822560089570671 0.30353686678483605 0.2294709023269068
2 0.4681225744239722 0.737015989222304 0.3149731554002925 0.5589891331442518 0.26313280132922534 0.603585326566243 0.41628222035290496 0.7816121826442951
2 0.42541338584064736 0.49382449810766993 0.4133968562654866 0.4811043670619277 0.32013019215232336 0.5692120778757681 0.3321467217274841 0.5819322089215104
2 0.41162674393829235 0.7348498109822624 0.3701596162799416 0.5775833387292166 0.32469810522967374 0.5895703710270462 0.3661652328880245 0.746836843280092
1 0.32387825468750003 0.358771090625 0.2260645279219744 0.2846698302908567 0.2227339985271394 0.2890661319292086 0.32054772529266506 0.363167392263352
2 0.33724187041583176 0.3911765592018229 0.33703841093750003 0.3791990734375 0.3339439023473315 0.3792516393195087 0.33414736182566324 0.3912291250838317
2 0.3386861984375 0.41141409531249995 0.3354747228566751 0.4113943877608179 0.33540950468749997 0.4220221187499999 0.3386209802683248 0.42204182630168197
2 0.34638360581324623 0.45138826307600083 0.3372025752223794 0.44049141428889155 0.21877754123407298 0.5402692382279825 0.22795857182493987 0.5511660870150917
1 0.402022555772089 0.4428385799326195 0.3053614570048223 0.4391317230323069 0.30506076448820213 0.4469726701822084 0.4017218632554688 0.45067952708252096
1 0.40269060802212664 0.4130974313953824 0.3063521782713724 0.4088068066692103 0.3059945553671718 0.4168365998187789 0.4023329851179261 0.421127224544951
1 0.400699068672956 0.3809348370929041 0.3037821689922249 0.37685576760703726 0.3034703971471887 0.3842633297320124 0.40038729682791985 0.3883423992178792
1 0.466467277131729 0.40218865892522543 0.3992593232674658 0.17951629021723234 0.34428209401377446 0.19610975939666392 0.41149004787803756 0.41878212810465704
1 1.0002235293753827 0.21428100280075438 0.7305571426775387 0.17540957218657716 0.7254139964546125 0.21108959826952045 0.9950803831524565 0.24996102888369767
1 1.000007514416812 0.3082637958511 0.7866300755639404 0.23214109384628748 0.7757778388523262 0.2625606981740865 0.9891552777051977 0.338683400178899
1 0.8692663685928821 0.20469524110762136 0.8686341873194502 0.19696325783277077 0.8057288611119182 0.2021065138143087 0.80636104238535 0.20983849708915928
2 0.9166863364458726 0.448409847052447 0.9097331218601381 0.17175625846093356 0.8161896276636889 0.1741073141315241 0.8231428422494232 0.45076090272303765
1 0.7620479900982885 0.28273380502520157 0.7202030954195098 0.28178219177359354 0.7200302467265265 0.28938279563343255 0.7618751414053053 0.2903344088850406
2 0.8237893230622809 0.3336892599587601 0.7839983366047143 0.2974476414937435 0.773802018946651 0.30864254820688275 0.8135930054042175 0.3448841666718993
1 0.9705484799966717 0.32902354317677013 0.8326606221891417 0.27357706207935567 0.822556154252902 0.2987054996363775 0.960444012060432 0.35415198073379195
2 0.9666121796719901 0.17223317856263415 0.9157953446519855 0.1667492764234308 0.8772592762589231 0.5238455520572541 0.9280761112789276 0.5293294541964575
1 1.0013985406096295 0.3692713373576827 0.9995359661030945 0.3505028942519551 0.8238518326512384 0.36793773348325437 0.8257144071577736 0.386706176588982
1 1.0051846541076923 0.40329996247018507 0.7947238616466845 0.3581826077752553 0.7856499364785579 0.4005101221991104 0.9961107289395656 0.44562747689404014
1 0.8072547215293906 0.4057480992248008 0.7182343145653449 0.38587873624162894 0.714553468871028 0.4023699736284271 0.8035738758350737 0.42223933661159885
2 0.9192464123769032 0.6331539001574309 0.8995068231284735 0.40001319697387555 0.814979887461463 0.40716993523412504 0.8347194767098927 0.6403106384176803
1 0.9352429389721921 0.6219711643132068 0.7370594147862511 0.6185600580708994 0.7367889812002251 0.634272110798003 0.9349725053861659 0.6376832170403104
1 0.9758679870661814 0.6103394954790886 0.4838648404642355 0.5758273303864285 0.481299072412663 0.612404750303004 0.9733022190146089 0.646916915395664
1 0.7024145168686508 0.5203904859541122 0.4248477148099362 0.5157339866198944 0.4237006426572643 0.5841092029134115 0.7012674447159788 0.5887657022476293
2 0.7114406475516812 0.5637184498032689 0.4241627722332127 0.5252930201752909 0.41649001690483745 0.5826564086894738 0.703767892223306 0.6210818383174519
1 0.4721955898833793 0.49211851560266295 0.45833469708038155 0.4816763609224746 0.42251039620402525 0.5292294579026998 0.43637128900702293 0.5396716125828881
2 0.662189453125 0.7521311734375 0.4320382946267987 0.5371062166897819 0.4074310840826906 0.563444452491779 0.6375822425808918 0.7784694092394973
1 0.8584112969805879 0.632599451361285 0.45601280424692836 0.5430960530198868 0.43405105896379015 0.6418339039116094 0.8364495516974495 0.7313373022530076
2 0.7408528620437755 0.636346595083828 0.4843178958776731 0.6070238979767365 0.4774324179866552 0.6672627577023154 0.7339673841527576 0.6965854548094069
1 0.8380457090405088 0.6730635128276797 0.48646160814900846 0.6680059120994309 0.48604454851359524 0.6969982238325252 0.8376286494050955 0.702055824560774
2 1.0007300775887757 0.7233609355342495 0.4692894925587893 0.43832559797229653 0.42285385833717815 0.5249035669639757 0.9542944433671646 0.8099389045259286
2 1.000251113144453 0.7689277656167223 0.4590354908730553 0.6380866659013155 0.43573731931631315 0.7344580235580046 0.976952941587711 0.8652991232734113
2 0.9998468162712412 0.7636046814824078 0.48915400356521416 0.6723707943071564 0.4759754909223348 0.7461391264176361 0.9866683036283618 0.8373730135928875
2 0.33011256998135996 0.6408285346006445 0.2258390304496652 0.5613949000930083 0.22387880421830522 0.5639681139298638 0.32815234374999996 0.6434017484375001
2 0.3436882529701195 0.6646824826325745 0.3433637587075815 0.6535784046917799 0.340437224487462 0.6536639267467055 0.34076171875 0.6647680046875
2 0.3442506515625 0.6953657406249999 0.3440496572792505 0.6848828661410732 0.3417440609111585 0.6849270726886358 0.34194505519440793 0.6954099471725625
1 0.40960847325511746 0.6537702297897872 0.3107092978923708 0.6496611763235409 0.31026989675651445 0.6602369476895295 0.4091690721192611 0.6643460011557758
1 0.4103727821100165 0.6844127448934811 0.3114223010013683 0.6814764645767957 0.31118014505481706 0.6896369413808681 0.4101306261634653 0.6925732216975535
1 0.41123778505644754 0.7147862271522734 0.31314953777866295 0.7127192082016542 0.31298904460671034 0.7203352457479814 0.41107729188449493 0.7224022646986004
1 0.9993925781250003 0.7424382718750002 0.23206271325071642 0.7390940636465848 0.23191878546730466 0.7721183489343902 0.9992486503415885 0.7754625571628057
1 0.5955052078125 0.4686296296875 0.5696255788802818 0.46839164766137936 0.5691606359743832 0.5189523983006823 0.5950402649066014 0.5191903803268029
1 0.8676701064191554 0.454159471625195 0.8676130776035859 0.4507709999967907 0.8308752633719305 0.45138930649659564 0.8309322921875001 0.454777778125
1 1.0002890423044974 0.5995128357525918 0.8861658895969949 0.566606988215405 0.8813928996212832 0.5831605403843302 0.9955160523287857 0.6160663879215169
2 0.9997008744829199 0.5895298377490837 0.9251319376441607 0.5322071292017838 0.9240475265624999 0.5336177984375002 0.9986164634012591 0.5909405069848
1 1.0002822615685871 0.5946477075824876 0.9474180084785668 0.5755420819924257 0.9431816910844637 0.5872637476262392 0.996045944174484 0.6063693732163011
1 0.9379029953125 0.48118107031249996 0.9370871230409339 0.45983226281426237 0.9317030074159337 0.4600380237517624 0.9325188796874999 0.4813868312499999
1 0.939218470814766 0.5225544497502097 0.9386125989903359 0.49821310856967804 0.9347242063005698 0.4983098931944682 0.9353300781249999 0.5226512343749998
1 0.940720703125 0.5624429015624999 0.939853823352219 0.5388471002576994 0.9355329043056029 0.5390058453358153 0.9363997840783839 0.5626016466406156
1 0.21174479218750003 0.578838478125 0.15389321404195194 0.5348210029139191 0.14263356331842103 0.5496194110597807 0.2004851414639691 0.5936368862708618
1 0.21006705781250007 0.6080977359375 0.15534865260924194 0.5648933778764326 0.1426615272099226 0.5809616473663588 0.19737993241318072 0.6241660054274265
1 0.21084114531250003 0.6390751031249999 0.15530454053384773 0.5978690163468594 0.14441496644710297 0.6125457308701181 0.19995157122575527 0.6537518176482587
1 0.21161523437500004 0.6695020578125002 0.1561054138235704 0.6293810524284311 0.14581568997845026 0.6436175033522952 0.2013255105298799 0.6837385087363642
2 0.21089744544551042 0.7366378955590438 0.209268601908279 0.4792761466760074 0.18453695685355823 0.47943267335639905 0.18616580039078962 0.7367944222394355
1 0.20189258621299624 0.3239655936127655 0.20110425125721915 0.3140933996068782 0.13261475779991166 0.3195625649984479 0.13340309275568873 0.32943475900433516
1 0.20071158906250003 0.35323662499999997 0.19955858457558326 0.34295146854286884 0.13323461431998634 0.3503866335414349 0.1343876188069031 0.360671789998566
1 0.20189843750000006 0.38494753125000003 0.20085078765654457 0.37460918138441135 0.13422366596060578 0.3813609255720379 0.13527131580406124 0.39169927543762656
1 0.20348791030561353 0.41678319625547366 0.19883578480638833 0.4008611261582032 0.13760231863267955 0.4187523782160299 0.14225444413190474 0.4346744483133004
1 0.8110415956496894 0.2839203854984941 0.8107675781249999 0.27365792187500004 0.8072656965378104 0.2737514254390059 0.8075397140625 0.28401388906249997
1 0.9992024734375 0.205497428125 0.9991552036944602 0.2021997362985332 0.8993347392989122 0.20363058185669997 0.899382009041952 0.20692827368316674
2 0.9997567063274382 0.23613502918940857 0.9463913831740424 0.1937386695826504 0.9450533859375 0.19542283906250013 0.9984187090908957 0.2378191986692583
0 0.13768880156250005 0.41939814843749995 0.11077473906250004 0.41939814843749995 0.11077473906250004 0.440848765625 0.13768880156250005 0.440848765625
0 0.1399879689656968 0.3910464626639556 0.11327200825325641 0.38413337585649765 0.1075866919798858 0.40610455753373464 0.13430265269232616 0.41301764434119254
0 0.14006987730176768 0.3652859438860781 0.12027663563249935 0.3494685152257652 0.10556311698401158 0.36788037196108403 0.1253563586532799 0.3836978006213968
0 0.1369483313521898 0.34690625463360375 0.13654704944106114 0.3250566662168852 0.10731420628687834 0.3255935464063381 0.107715488198007 0.34744313482305655
0 0.2263275796415058 0.31479024853943843 0.20432613469810348 0.30684414270397486 0.19782497064559718 0.3248447842674027 0.2198264155889995 0.33279089010286633
0 0.22718023355366118 0.3524091079099465 0.2140122601979016 0.33616350131247225 0.19704559669640953 0.34991593164391466 0.21021357005216915 0.3661615382413889
0 0.2280591960677441 0.3843541966650369 0.2192826262856596 0.3678322390358658 0.19868613724265644 0.3787732260187095 0.20746270702474096 0.39529518364788063
0 0.2259114578125001 0.40534979375 0.20117187500000008 0.40534979375 0.20117187500000008 0.42386831249999996 0.2259114578125001 0.42386831249999996
0 0.2239583328125001 0.43827160468750004 0.20312500000000008 0.43827160468750004 0.20312500000000008 0.45216049375 0.2239583328125001 0.45216049375
0 0.23101563274717812 0.4757407470590175 0.21393570228802608 0.46224549127535025 0.20142436202499409 0.47808015384632563 0.2185042924841462 0.49157540962999285
0 0.14258732940828928 0.540441130737141 0.1128797529666707 0.5368299547497832 0.11014007580998511 0.559368088820935 0.13984765225160367 0.5629792648082927
0 0.14062500000000008 0.5704732515625001 0.11328125000000008 0.5704732515625001 0.11328125000000008 0.5905349796875 0.14062500000000008 0.5905349796875
0 0.14478048308083696 0.6557518595155939 0.14388016862990768 0.6301428738391159 0.11328285889355043 0.63121855877499 0.11418317334447972 0.656827544451468
0 0.23242187500000008 0.7366255140625 0.2102864578125001 0.7366255140625 0.2102864578125001 0.7541152265625 0.23242187500000008 0.7541152265625
0 0.14283752423002608 0.6031501834933637 0.11816973928873944 0.5997884316451481 0.11528891992116733 0.6209272413558301 0.13995670486245393 0.6242889932040456
0 0.22330729218750006 0.519547325 0.20898437500000008 0.519547325 0.20898437500000008 0.53034979375 0.22330729218750006 0.53034979375
0 0.22721354218750006 0.54783950625 0.20703125000000008 0.54783950625 0.20703125000000008 0.5648148140625 0.22721354218750006 0.5648148140625
0 0.23203265211314114 0.5954011240505189 0.23057046065040715 0.576895255855414 0.20792537332623612 0.57868449659836 0.20938756478897008 0.5971903647934649
0 0.23046875000000008 0.6111111109375 0.2083333328125001 0.6111111109375 0.2083333328125001 0.6275720171875 0.23046875000000008 0.6275720171875
0 0.2330944067058574 0.6433996440926998 0.21039882130099877 0.6392962082083289 0.207201476728038 0.6569803170549614 0.22989706213289668 0.6610837529393322
0 0.23307291718750006 0.6718482515625 0.2083333328125001 0.6718482515625 0.2083333328125001 0.6898148140625 0.23307291718750006 0.6898148140625
0 0.2298177078125001 0.7057613171875 0.21158854218750006 0.7057613171875 0.21158854218750006 0.71965020625 0.2298177078125001 0.71965020625
0 0.3160695368419266 0.7148928600459568 0.3145186766629898 0.6952647803122847 0.2933291634193901 0.6969390129803015 0.2948800235983269 0.7165670927139736
0 0.31470432321118286 0.6684636237223197 0.29345711300037863 0.667476099478626 0.2927596520379382 0.6824824142880463 0.3140068622487424 0.6834699385317401
0 0.3138020828125001 0.63580246875 0.2903645828125001 0.63580246875 0.2903645828125001 0.65329218125 0.3138020828125001 0.65329218125
0 0.35404802608450137 0.636921656813273 0.33172607899053536 0.634570045044191 0.33011458359348556 0.6498666664797768 0.35243653068745157 0.6522182782488587
0 0.3530256083066804 0.6678415483903393 0.33296157073862903 0.6671209546302876 0.3324592047497025 0.6811087111631933 0.3525232423177538 0.681829304923245
0 0.35417001233760487 0.7149453722035728 0.35359098251647963 0.695406614151908 0.33143494815563096 0.6960632067858351 0.3320139779767562 0.7156019648374999
0 0.32873372343750007 0.54080246875 0.3037923171875001 0.54080246875 0.3037923171875001 0.5613271609375 0.32873372343750007 0.5613271609375
0 0.3312790623881331 0.5815209799602193 0.31644860552759846 0.5671991089002887 0.3009687748028478 0.5832286458798589 0.3157992316633824 0.5975505169397896
0 0.4277030888327095 0.5152210043534604 0.40539951127221097 0.5099282611397811 0.4012499146831476 0.5274146279693215 0.4235534922436461 0.5327073711830008
0 0.4246185861347551 0.4673320376238803 0.4043375624438415 0.4644184906232695 0.4022575850311842 0.4788970870467441 0.4225386087220978 0.4818106340473548
0 0.4236694551593766 0.43616298357485367 0.40365510205612304 0.4340544730765742 0.40205789670775466 0.4492154276209 0.4220722498110082 0.4513239381191795
0 0.4240452588934021 0.4153683847977546 0.4207461903878563 0.40075453585744036 0.40065860967471406 0.405289296354418 0.4039576781802598 0.41990314529473227
0 0.4850260421875 0.40432098749999995 0.458984375 0.40432098749999995 0.458984375 0.423353909375 0.4850260421875 0.423353909375
0 0.48526202864933854 0.43709370119755747 0.4606333103717496 0.4358774684698476 0.4597210405326789 0.45435093686756056 0.48434975881026787 0.45556716959527044
0 0.4884455946523952 0.4812045506979625 0.4827632074896215 0.4606566358927474 0.4580835115634467 0.46748163923938674 0.46376589872622037 0.4880295540446018
0 0.4884867341257467 0.4997238309628743 0.4633967649358942 0.4957589935996419 0.46065270758090104 0.5131237196109593 0.4857426767707536 0.5170885569741918
0 0.48946409417699 0.535206073273533 0.46882606971340934 0.5235585105479803 0.45948400106572257 0.5401114878389663 0.4801220255293034 0.551759050564519
0 0.48792580304568667 0.5595772346215508 0.4645916580836217 0.5582603167401063 0.46343614943500605 0.5787344910919212 0.486770294397071 0.5800514089733657
0 0.4912892388860013 0.6018160512679733 0.4774561798607756 0.5854213179654176 0.4616103300481166 0.5987912564522612 0.47544338907334227 0.6151859897548169
0 0.4280159972555018 0.564069356442133 0.4272051827881557 0.5425194211734696 0.4008787680149612 0.543509950272761 0.4016895824823073 0.5650598855414245
0 0.431640625 0.5730452671874999 0.4010416671875 0.5730452671874999 0.4010416671875 0.5956790125 0.431640625 0.5956790125
0 0.4280195145381275 0.610020496098324 0.40494862247882824 0.6086182771799417 0.40404528128010925 0.6234810685851571 0.42711617333940854 0.6248832875035395
0 0.42875088678869133 0.6412902303583335 0.4089183568929255 0.6370904962646962 0.40547935276072566 0.6533306083153246 0.4253118826564915 0.657530342408962
0 0.4303385421875 0.67078189375 0.40625 0.67078189375 0.40625 0.6862139921875 0.4303385421875 0.6862139921875
0 0.4314497102741246 0.7173985257090585 0.42992152941330997 0.7009586379730042 0.40761471947438743 0.7030321825471396 0.40914290033520195 0.7194720702831939
0 0.43098958281250016 0.7350823046875 0.40950520781250016 0.7350823046875 0.40950520781250016 0.7494855968749999 0.43098958281250016 0.7494855968749999
0 0.49111275869188853 0.7188740368976233 0.46926362329562477 0.7178585363335687 0.4685352886409827 0.7335291159928503 0.4903844240372465 0.734544616556905
0 0.49255285568947177 0.6980242845284529 0.48350288191673174 0.680843475883842 0.46303490495477356 0.6916249622805763 0.4720848787275136 0.7088057709251874
0 0.4915945233083757 0.6669538702984416 0.4832982580595594 0.6500286028051564 0.462774724862963 0.6600886314167811 0.47107099011177933 0.6770138989100662
0 0.4894928118068721 0.6235996722017508 0.4661612809946544 0.6214308707133267 0.46425941784949226 0.6418907324428633 0.48759094866170993 0.6440595339312875
0 0.42226339508518373 0.3726335482950078 0.4015894037862628 0.3708185482770216 0.40030471239253956 0.38545199093951926 0.4209787036914605 0.38726699095750544
0 0.422896645471622 0.3541218213103165 0.4223044314527146 0.3406304413073846 0.4008839103735218 0.3415707107885379 0.4014761243924291 0.3550620907914698
0 0.419921875 0.3091563781250001 0.4010416671875 0.3091563781250001 0.4010416671875 0.3235596703125001 0.419921875 0.3235596703125001
0 0.4196166256045625 0.2907570125547939 0.41827528433159183 0.27632711063100085 0.39998348190070543 0.2780274374722468 0.401324823173676 0.2924573393960398
0 0.4173177078125 0.2479423875000001 0.3997395828125 0.2479423875000001 0.3997395828125 0.2623456796875001 0.4173177078125 0.2623456796875001
0 0.48046875 0.3744855968750001 0.4615885421875 0.3744855968750001 0.4615885421875 0.3888888890625001 0.48046875 0.3888888890625001
0 0.48258602518136995 0.27722490531601884 0.4545629586882486 0.27501073436754825 0.4527412751334124 0.2980663884135287 0.4807643416265338 0.3002805593619994
0 0.4802639929174859 0.31197932429395225 0.457706568740088 0.3089741423249963 0.455394452546814 0.3263292929474499 0.4779518767242118 0.3293344749164059
0 0.4853304806257016 0.35866023316609735 0.48445499507497924 0.3420396817624234 0.4584583630549103 0.3434090512344847 0.4593338486056327 0.36002960263815864
0 0.3463218523832995 0.3624626222041021 0.3262718019462093 0.35958225716642517 0.3239087902146144 0.3760310418802285 0.3439588406517046 0.3789114069179054
0 0.34801662691189544 0.4075137027414556 0.3462147427203714 0.39155012979401166 0.32347342521614625 0.39411705015953374 0.32527530940767024 0.4100806231069777
0 0.34961547795517345 0.44073365181035457 0.3494407546875 0.42126800468749986 0.3236476621690355 0.4214995229812296 0.32382238543670894 0.4409651701040843
0 0.3091647674139498 0.4393130561508928 0.3066586341867773 0.4234539427258325 0.2859363330542859 0.4267285802178343 0.2884424662814584 0.4425876936428946
0 0.3084199049066069 0.4074303009860826 0.30650001917489367 0.39285116397266556 0.2835692923261763 0.395870847185338 0.2854891780578896 0.4104499841987551
0 0.3074080736337267 0.37802578235131457 0.3061639989123643 0.36228045717165436 0.285742664835576 0.36389399421909796 0.28698673955693826 0.3796393193987581
0 0.22536400169711085 0.2912255905494893 0.21523658192328216 0.2755597394220059 0.19681099923467216 0.28747122823588694 0.20693841900850085 0.30313707936337037
0 0.21875 0.250514403125 0.20182291718749998 0.250514403125 0.20182291718749998 0.2649176953125 0.21875 0.2649176953125
0 0.22189453124999997 0.16537037031250004 0.19755859375 0.16537037031250004 0.19755859375 0.18690329218750004 0.22189453124999997 0.18690329218750004
0 0.25809379753545947 0.17039465073320753 0.2425561155541482 0.16860693296498955 0.2411786067435481 0.1805793450571364 0.2567162887248594 0.18236706282535442
0 0.2998460041747558 0.1676730177270691 0.27914265472988264 0.16603719818652454 0.2778824234596823 0.18198700665966944 0.2985857729045555 0.183622826200214
0 0.3394794913102911 0.1671522895071978 0.3193005094507269 0.1655579010801336 0.3180604738926259 0.18125210370189443 0.33823945575219005 0.18284649212895865
0 0.3789392014905616 0.16718479057881885 0.3592523342397289 0.16496263699834665 0.35754054153694054 0.18012803150432735 0.3772274087877732 0.18235018508479955
0 0.42014043962000114 0.16481274759775047 0.39836296154150536 0.16373731698481506 0.3975172114824702 0.18086376210269292 0.41929468956096605 0.18193919271562833
0 0.46053625271447735 0.16437859100584987 0.43341844081020586 0.16311821375131436 0.4325848555266839 0.18105332710199593 0.45970266743095545 0.18231370435653144
0 0.498046875 0.16358024687500003 0.4759114578125 0.16358024687500003 0.4759114578125 0.18158436250000004 0.498046875 0.18158436250000004
0 0.5374927835236342 0.17187603951875793 0.5273878543666514 0.16047012455590315 0.516116997105929 0.17045540101368598 0.5262219262629116 0.18186131597654076
0 0.5764902191297484 0.16227780960964105 0.5552861770366331 0.16123069665545806 0.5543485663772517 0.18021731677991887 0.575552608470367 0.18126442973410187
0 0.6155874497578432 0.16325280993375038 0.5940317085426037 0.1623066048655639 0.593340583547327 0.1780513012812379 0.6148963247625665 0.17899750634942438
0 0.6586086876646225 0.16265579748322426 0.636476513405589 0.16046990122912974 0.6348224234404902 0.17721754297063902 0.6569545976995239 0.17940343922473354
0 0.6943221358566549 0.17254231890032345 0.6897520315797955 0.15930218205383193 0.6766894928430445 0.16381098470743038 0.6812595971199039 0.17705112155392191
0 0.7353339934092693 0.16044486036984185 0.71512198239799 0.1587394707128855 0.7138245002694227 0.1741170256092507 0.734036511280702 0.17582241526620704
0 0.7744270828125 0.1594110078125001 0.7525520828125 0.1594110078125001 0.7525520828125 0.1774922843750001 0.7744270828125 0.1774922843750001
0 0.806640625 0.20164609062500008 0.7962239578125 0.20164609062500008 0.7962239578125 0.2098765437500001 0.806640625 0.2098765437500001
0 0.8502604171874999 0.1810699593750001 0.828125 0.1810699593750001 0.828125 0.1980452671875001 0.8502604171874999 0.1980452671875001
0 0.8912672333050956 0.1974286794970624 0.8898050418423615 0.17892281130195742 0.8668360892152546 0.18073764139180884 0.8682982806779886 0.19924350958691378
0 0.9025751398891437 0.20561256636236053 0.8983891208604545 0.1989976248619428 0.8904861660222186 0.2039987150958682 0.8946721850509078 0.2106136565962859
0 0.9459635421874999 0.17952674843750013 0.9225260421874999 0.17952674843750013 0.9225260421874999 0.19650205781250013 0.9459635421874999 0.19650205781250013
0 0.9850260421874999 0.17849794218750012 0.9615885421874999 0.17849794218750012 0.9615885421874999 0.19753086406250014 0.9850260421874999 0.19753086406250014
0 0.7177516275171427 0.2920226709159509 0.7171405255212153 0.27578072040180934 0.6931246897185918 0.27668431416538286 0.6937357917145192 0.2929262646795245
0 0.7174479171875 0.3081275718750001 0.6985677078125 0.3081275718750001 0.6985677078125 0.3220164609375001 0.7174479171875 0.3220164609375001
0 0.7194010421875 0.3395061734375001 0.6946614578125 0.3395061734375001 0.6946614578125 0.35596707812500006 0.7194010421875 0.35596707812500006
0 0.7205763492341191 0.37141765106859786 0.6970260182811651 0.36922851415927294 0.6954392757658809 0.38629839736890237 0.7189896067188349 0.38848753427822724
0 0.7223636885527052 0.4011162759233713 0.6959610078183899 0.3997255178840128 0.6949251967859913 0.41938974934307705 0.7213278775203066 0.4207805073824355
0 0.7248967680255257 0.44708750809812586 0.7174256748151342 0.4274105552049418 0.6953480283850887 0.43579316176198 0.7028191215954802 0.45547011465516407
0 0.724609375 0.462448559375 0.697265625 0.462448559375 0.697265625 0.48148148125 0.724609375 0.48148148125
0 0.72265625 0.49485596718749997 0.6985677078125 0.49485596718749997 0.6985677078125 0.5123456796875 0.72265625 0.5123456796875
0 0.724609375 0.5246913578125 0.6979166671875 0.5246913578125 0.6979166671875 0.5442386828125 0.724609375 0.5442386828125
0 0.7266592012936804 0.5712168708162804 0.7185749499330834 0.5520542006849611 0.6964678688616702 0.5613806253953832 0.7045521202222674 0.5805432955267025
0 0.7258280803590754 0.5890557048401416 0.7043087913641817 0.5851319613549018 0.700922136879196 0.6037056517254398 0.7224414258740899 0.6076293952106795
0 0.7281111193627524 0.6264321049904289 0.7100156889973894 0.6157088839802345 0.7010478360761921 0.6308421315285286 0.7191432664415551 0.6415653525387232
0 0.7290002071327272 0.7146727744590995 0.7050882279800271 0.7123448032598316 0.7033090902585754 0.7306193867763792 0.7272210694112753 0.7329473579756469
0 0.7267664747081843 0.665874490233617 0.7231937785632065 0.6492949430032615 0.7009947446940438 0.6540785719905104 0.7045674408390216 0.6706581192208659
0 0.7294794644687025 0.6914332147162254 0.7170063008484673 0.6768612035220638 0.7005517199719486 0.690945785042111 0.7130248835921839 0.7055177962362726
0 0.7994791671875 0.6388888890625002 0.7766927078125 0.6388888890625002 0.7766927078125 0.6558641968750002 0.7994791671875 0.6558641968750002
0 0.83984375 0.6378600828125002 0.81640625 0.6378600828125002 0.81640625 0.6558641968750002 0.83984375 0.6558641968750002
0 0.8795572921874999 0.6368312750000003 0.8548177078125001 0.6368312750000003 0.8548177078125001 0.6568930046875001 0.8795572921874999 0.6568930046875001
0 0.9257414547350742 0.6359483716912003 0.8946663305377689 0.634075538980229 0.8932338779665241 0.657843621039781 0.9243090021638294 0.6597164537507524
0 0.9628513360727693 0.6453846433787978 0.9461096764792485 0.6298462897951749 0.9290303920798335 0.648248211464489 0.9457720516733543 0.663786565048112
0 1 0.6358024687500002 0.974609375 0.6358024687500002 0.974609375 0.6564912546875001 1 0.6564912546875001
0 0.9804701648596849 0.6990595260489452 0.956955063527919 0.6967701987240591 0.9550821148723664 0.7160084164073733 0.9785972162041322 0.7182977437322593
0 1 0.7175925921875 0.9986979171874999 0.6954732515625001 0.9957255383458878 0.6956482243823284 0.9970276211583879 0.7177675650073285
0 0.9396716896200011 0.7008209788477505 0.9182395800514769 0.6997626034634798 0.9174207546881634 0.7163438232885375 0.9388528642566877 0.7174021986728082
0 0.9020092250304351 0.7011817064069671 0.8768399469554826 0.6972043345776755 0.8737152098481585 0.7169780395619963 0.8988844879231112 0.7209554113912879
0 0.8609721764676899 0.7005356166295313 0.8382258332529439 0.6989362669511998 0.836908498179245 0.7176717293214043 0.8596548413939908 0.7192710789997359
0 0.822808125462814 0.7021806631382351 0.7979960375815587 0.699874239087614 0.7963033264506015 0.7180841156831933 0.8211154143318569 0.7203905397338144
0 0.7425032784587091 0.6331057005146723 0.7399543879434172 0.62665382188173 0.731402954353816 0.6300321662692692 0.733951844869108 0.6364840449022113
0 0.8228596152978923 0.34580496916423076 0.8025156112215928 0.34277580810224295 0.8000134827442491 0.35958023378342624 0.8203574868205485 0.362609394845414
0 0.8254752609375 0.3730735593750001 0.79990234375 0.3730735593750001 0.79990234375 0.3943338484375001 0.8254752609375 0.3943338484375001
0 0.7834241930770075 0.28795343010592733 0.7616511846942847 0.28612715623922896 0.7601187813988184 0.30439661210031554 0.7818917897815412 0.30622288596701386
0 0.7825520828125 0.2561728390625001 0.7604166671875 0.2561728390625001 0.7604166671875 0.2726337453125001 0.7825520828125 0.2726337453125001
0 0.8216207196679154 0.256727557478178 0.8014858265253524 0.2542800120593408 0.7996088159584221 0.2697213627700289 0.8197437091009852 0.2721689081888661
0 0.8231022140625001 0.2837217078125001 0.7971842453125 0.2837217078125001 0.7971842453125 0.3054963984375001 0.8231022140625001 0.3054963984375001
0 0.7825520828125 0.3441358031250001 0.7630208328125 0.3441358031250001 0.7630208328125 0.3611111109375001 0.7825520828125 0.3611111109375001
0 0.784143710013425 0.3918061021443636 0.7827801212544998 0.3756450618226812 0.763386934278559 0.3772813631519123 0.7647505230374841 0.3934424034735947
0 0.8170572921874999 0.40329218125000016 0.8059895828125001 0.40329218125000016 0.8059895828125001 0.4110082296875002 0.8170572921874999 0.4110082296875002
0 0.9203940614298535 0.4544350322119123 0.915850093393258 0.44523349486746006 0.9043609344461307 0.45090715233020884 0.9089049024827263 0.460108689674661
0 0.9263063479046767 0.5267904612013801 0.9168847848917215 0.5260460394480789 0.916347569187393 0.5328451578073079 0.9257691322003483 0.533589579560609
0 0.16436921187221773 0.7596599014453268 0.16110132559097473 0.7196793838127604 0.10975976989335998 0.7238758868961834 0.11302765617460298 0.7638564045287498
0 0.15564238748084672 0.16729243103619368 0.10523371187003891 0.15228102776895774 0.09298144126707417 0.19342446541603725 0.14339011687788195 0.20843586868327318
1 0.8942798005841739 0.49895906766252196 0.8942590007803586 0.4836922400222502 0.8089209309097504 0.4838085061616938 0.8089417307135657 0.49907533380196556
0 0.828125 0.5020576125000001 0.81640625 0.5020576125000001 0.81640625 0.5102880656250002 0.828125 0.5102880656250002
1 0.9175746857017699 0.5375068864455163 0.9173280635847622 0.5230049687993951 0.8109272060079924 0.5248144401663788 0.8111738281250002 0.5393163578125
1 0.8905403640625 0.44489197500000016 0.8678320312500001 0.44489197500000016 0.8678320312500001 0.45929526718750013 0.8905403640625 0.45929526718750013
1 0.8306184890624999 0.4454552468750002 0.8075325515625 0.4454552468750002 0.8075325515625 0.4609233546875002 0.8306184890624999 0.4609233546875002
0 0.828125 0.4624485593750002 0.8170572921874999 0.4624485593750002 0.8170572921874999 0.47119341562500017 0.828125 0.47119341562500017
1 0.895596796492866 0.5780471588621217 0.8952353593839166 0.5630323571245167 0.8104777550785507 0.5650726466998951 0.8108391921875 0.5800874484375
1 0.9498209640624999 0.5625360078125002 0.927705078125 0.5625360078125002 0.927705078125 0.5771347734375002 0.9498209640624999 0.5771347734375002
1 0.9483235671875001 0.5229166671875002 0.9277701828125 0.5229166671875002 0.9277701828125 0.5372788062500001 0.9483235671875001 0.5372788062500001
1 0.9473795578124999 0.4824511312500002 0.9248470046874999 0.4824511312500002 0.9248470046874999 0.4994007203125002 0.9473795578124999 0.4994007203125002
1 0.9430403640625 0.4446553500000002 0.92314453125 0.4446553500000002 0.92314453125 0.4595730453125002 0.9430403640625 0.4595730453125002
1 0.9993033859375 0.4426774687500002 0.98841796875 0.4426774687500002 0.98841796875 0.4793081281250002 0.9993033859375 0.4793081281250002
1 0.99990234375 0.5065252062500002 0.9894205734374999 0.5065252062500002 0.9894205734374999 0.5299459875000002 0.99990234375 0.5299459875000002